#---------------------------------
#  energy flat
  8794.00000000    0.00586076374
  8799.00000000    0.00428392785
  8804.00000000    0.00315378138
  8809.00000000    0.00045029004
  8814.00000000   -0.00108107251
  8819.00000000   -0.00346510130
  8824.00000000   -0.00425017567
  8829.00000000   -0.00408014565
  8834.00000000   -0.00258597125
  8839.00000000   -0.00154127704
  8844.00000000   -0.00056454661
  8849.00000000   -0.00002744657
  8854.00000000    0.00074654170
  8859.00000000    0.00144435801
  8864.00000000    0.00152524714
  8869.00000000    0.00151945784
  8874.00000000    0.00178765775
  8879.00000000    0.00263502718
  8884.00000000    0.00365739512
  8889.00000000    0.00304764758
  8894.00000000    0.00305384223
  8899.00000000    0.00116558780
  8904.00000000   -0.00074302292
  8909.00000000   -0.00249617062
  8914.00000000   -0.00344918445
  8919.00000000   -0.00350537201
  8924.00000000   -0.00158962523
  8929.00000000    0.00068761002
  8934.00000000    0.00274552256
  8939.00000000    0.00399952548
  8944.00000000    0.00590985486
  8949.00000000    0.00739614940
  8953.00000000    0.00942156625
  8956.00000000    0.01029653262
  8958.00000000    0.01160982477
  8959.00000000    0.01218964224
  8959.20000000    0.01292548785
  8959.40000000    0.01307017999
  8959.60000000    0.01312097050
  8959.80000000    0.01289481685
  8960.00000000    0.01282166376
  8960.20000000    0.01266938377
  8960.40000000    0.01276531929
  8960.60000000    0.01299127246
  8960.80000000    0.01290203133
  8961.00000000    0.01366299400
  8961.20000000    0.01370294970
  8961.40000000    0.01351291206
  8961.60000000    0.01344534054
  8961.80000000    0.01354521599
  8962.00000000    0.01377609407
  8962.20000000    0.01379815593
  8962.40000000    0.01370431822
  8962.60000000    0.01404108188
  8962.80000000    0.01438244213
  8963.00000000    0.01496692882
  8963.20000000    0.01532092967
  8963.40000000    0.01588522423
  8963.60000000    0.01580451961
  8963.80000000    0.01532210642
  8964.00000000    0.01533431846
  8964.20000000    0.01528152167
  8964.40000000    0.01579082139
  8964.60000000    0.01625317028
  8964.80000000    0.01639933990
  8965.00000000    0.01673265612
  8965.20000000    0.01718449854
  8965.40000000    0.01722576755
  8965.60000000    0.01684349422
  8965.80000000    0.01649618776
  8966.00000000    0.01620830856
  8966.20000000    0.01655804116
  8966.40000000    0.01706011767
  8966.60000000    0.01668949996
  8966.80000000    0.01736329170
  8967.00000000    0.01721921990
  8967.20000000    0.01769338858
  8967.40000000    0.01835174893
  8967.60000000    0.01978135033
  8967.80000000    0.01989009062
  8968.00000000    0.02040201695
  8968.20000000    0.02071300692
  8968.40000000    0.02128649464
  8968.60000000    0.02212149513
  8968.80000000    0.02247763011
  8969.00000000    0.02231878358
  8969.20000000    0.02259529917
  8969.40000000    0.02267284835
  8969.60000000    0.02320907091
  8969.80000000    0.02420413101
  8970.00000000    0.02489384662
  8970.20000000    0.02602959501
  8970.40000000    0.02663936290
  8970.60000000    0.02685743622
  8970.80000000    0.02722555515
  8971.00000000    0.02735859167
  8971.20000000    0.02758487317
  8971.40000000    0.02801225520
  8971.60000000    0.02858656373
  8971.80000000    0.02969522511
  8972.00000000    0.03035522709
  8972.20000000    0.03055163080
  8972.40000000    0.03128911805
  8972.60000000    0.03136765222
  8972.80000000    0.03214913535
  8973.00000000    0.03258603887
  8973.20000000    0.03409033475
  8973.40000000    0.03516731253
  8973.60000000    0.03610524366
  8973.80000000    0.03767651834
  8974.00000000    0.03916111458
  8974.20000000    0.04042868641
  8974.40000000    0.04201375084
  8974.60000000    0.04378382775
  8974.80000000    0.04555997872
  8975.00000000    0.04698695350
  8975.20000000    0.04799120676
  8975.40000000    0.04978508741
  8975.60000000    0.05230588491
  8975.80000000    0.05425473609
  8976.00000000    0.05697499249
  8976.20000000    0.05984923443
  8976.40000000    0.06238398585
  8976.60000000    0.06577140351
  8976.80000000    0.06963046348
  8977.00000000    0.07390584258
  8977.20000000    0.07974356760
  8977.40000000    0.08612927103
  8977.60000000    0.09349339011
  8977.80000000    0.10147049644
  8978.00000000    0.11212659015
  8978.20000000    0.12461064663
  8978.40000000    0.13955617360
  8978.60000000    0.15795389897
  8978.80000000    0.17954756321
  8979.00000000    0.20606055681
  8979.20000000    0.23812901412
  8979.40000000    0.27546630530
  8979.60000000    0.31962788140
  8979.80000000    0.36809662043
  8980.00000000    0.42016842431
  8980.20000000    0.47385105688
  8980.40000000    0.52565977955
  8980.60000000    0.57406951161
  8980.80000000    0.61464865402
  8981.00000000    0.64662071251
  8981.20000000    0.66694652456
  8981.40000000    0.67623086924
  8981.60000000    0.67557561329
  8981.80000000    0.66693266310
  8982.00000000    0.65277777140
  8982.20000000    0.63579058224
  8982.40000000    0.61812886328
  8982.60000000    0.60131933691
  8982.80000000    0.58608875583
  8983.00000000    0.57353143527
  8983.20000000    0.56483559208
  8983.40000000    0.55881563604
  8983.60000000    0.55715096179
  8983.80000000    0.55928406944
  8984.00000000    0.56396682238
  8984.20000000    0.57077042505
  8984.40000000    0.57911242466
  8984.60000000    0.58869995320
  8984.80000000    0.59864143761
  8985.00000000    0.60967692787
  8985.20000000    0.62133527418
  8985.40000000    0.63185762667
  8985.60000000    0.64319769754
  8985.80000000    0.65389032577
  8986.00000000    0.66421573883
  8986.20000000    0.67473192914
  8986.40000000    0.68418813347
  8986.60000000    0.69488970266
  8986.80000000    0.70571424951
  8987.00000000    0.71754415390
  8987.20000000    0.72961671131
  8987.40000000    0.74146914429
  8987.60000000    0.75333604276
  8987.80000000    0.76488185614
  8988.00000000    0.77595259889
  8988.20000000    0.78787537035
  8988.40000000    0.80046056146
  8988.60000000    0.81248433186
  8988.80000000    0.82440043003
  8989.00000000    0.83674616376
  8989.20000000    0.84951184739
  8989.40000000    0.86251493091
  8989.60000000    0.87698549292
  8989.80000000    0.89188585468
  8990.00000000    0.90701458736
  8990.20000000    0.92274614835
  8990.40000000    0.93831110241
  8990.60000000    0.95444802204
  8990.80000000    0.97067393764
  8991.00000000    0.98683453534
  8991.20000000    1.00348337515
  8991.40000000    1.01966305438
  8991.60000000    1.03404187713
  8991.80000000    1.04749582090
  8992.00000000    1.05915416145
  8992.20000000    1.07011219898
  8992.40000000    1.07981210526
  8992.60000000    1.08850012583
  8992.80000000    1.09635552747
  8993.00000000    1.10223211924
  8993.20000000    1.10795901309
  8993.40000000    1.11272688198
  8993.60000000    1.11722784008
  8993.80000000    1.12093360862
  8994.00000000    1.12501007818
  8994.20000000    1.12959054970
  8994.40000000    1.13333052251
  8994.60000000    1.13695592848
  8994.80000000    1.14121174249
  8995.00000000    1.14389915597
  8995.20000000    1.14603861048
  8995.40000000    1.14680895922
  8995.60000000    1.14685405221
  8995.80000000    1.14620902050
  8996.00000000    1.14501996977
  8996.20000000    1.14228024827
  8996.40000000    1.13702358845
  8996.60000000    1.13107155074
  8996.80000000    1.12434139661
  8997.00000000    1.11731314076
  8997.20000000    1.11171674021
  8997.40000000    1.10536323625
  8997.60000000    1.09917785548
  8997.80000000    1.09220516518
  8998.00000000    1.08496884756
  8998.20000000    1.07774535431
  8998.40000000    1.07176492817
  8998.60000000    1.06518992072
  8998.80000000    1.05911300556
  8999.00000000    1.05275112183
  8999.20000000    1.04658067262
  8999.40000000    1.04044274746
  8999.60000000    1.03536172784
  8999.80000000    1.03018978119
  9000.00000000    1.02538492424
  9000.20000000    1.02060733814
  9000.40000000    1.01628352019
  9000.60000000    1.01228410940
  9000.80000000    1.00910028356
  9001.00000000    1.00573392741
  9001.20000000    1.00254160450
  9001.40000000    1.00087044215
  9001.60000000    0.99956965284
  9001.80000000    0.99886906575
  9002.00000000    0.99826929493
  9002.20000000    0.99721645207
  9002.40000000    0.99643482741
  9002.60000000    0.99456251893
  9002.80000000    0.99347690268
  9003.00000000    0.99245303178
  9003.20000000    0.99176505962
  9003.40000000    0.99147241345
  9003.60000000    0.99161679087
  9003.80000000    0.99211611004
  9004.00000000    0.99274119845
  9004.20000000    0.99368182933
  9004.40000000    0.99504766405
  9004.60000000    0.99736435477
  9004.80000000    0.99776002179
  9005.00000000    0.99887211906
  9005.20000000    0.99995206014
  9005.40000000    1.00139580787
  9005.60000000    1.00224366130
  9005.80000000    1.00414021234
  9006.00000000    1.00493163329
  9006.20000000    1.00631307850
  9006.40000000    1.00797559192
  9006.60000000    1.00912593454
  9006.80000000    1.01078060800
  9007.00000000    1.01196349497
  9007.20000000    1.01343270339
  9007.40000000    1.01516525038
  9007.60000000    1.01652976234
  9007.80000000    1.01834278952
  9008.00000000    1.01990827786
  9008.20000000    1.02171970343
  9008.40000000    1.02336534369
  9008.60000000    1.02431462158
  9008.80000000    1.02514801994
  9009.00000000    1.02562487479
  9009.22786000    1.02706437159
  9009.48358100    1.02820015891
  9009.76716200    1.02950339953
  9010.07860400    1.03099478777
  9010.41790500    1.03197303388
  9010.78506700    1.03302388376
  9011.18009000    1.03273291848
  9011.60297300    1.03173448548
  9012.05371600    1.02970881176
  9012.53231900    1.02863835721
  9013.03878300    1.02765175899
  9013.57310700    1.02685771721
  9014.13529200    1.02578050597
  9014.72533700    1.02265867496
  9015.34324200    1.01746171493
  9015.98900800    1.01046052017
  9016.66263400    1.00257115400
  9017.36412000    0.99509382181
  9018.09346700    0.98652842369
  9018.85067400    0.97871920824
  9019.63574100    0.97057944450
  9020.44866900    0.96389526523
  9021.28945700    0.95719415955
  9022.15810600    0.95164500730
  9023.05461400    0.94668772421
  9023.97898300    0.94270812967
  9024.93121300    0.93942751416
  9025.91130300    0.93758039005
  9026.91925300    0.93594870577
  9027.95506400    0.93469896550
  9029.01873400    0.93457192603
  9030.11026600    0.93618816657
  9031.23272300    0.93833434078
  9032.36737300    0.94241786921
  9033.51421400    0.94679353047
  9034.67324800    0.95338895328
  9035.84447300    0.95948889784
  9037.02789000    0.96733454835
  9038.22349900    0.97518251021
  9039.43130000    0.98282530468
  9040.65129300    0.98987684322
  9041.88347800    0.99746397018
  9043.12785500    1.00556208603
  9044.38442300    1.01217334610
  9045.65318400    1.01627371841
  9046.93413600    1.01886791509
  9048.22728000    1.01826540232
  9049.53261700    1.01865599022
  9050.85014500    1.01803133124
  9052.17986500    1.01689773101
  9053.52177700    1.01564986632
  9054.87588100    1.01538766149
  9056.24217700    1.01513765361
  9057.62066400    1.01557655572
  9059.01134400    1.01483259729
  9060.41421500    1.01472376014
  9061.82927900    1.01451921196
  9063.25653400    1.01422391123
  9064.69598100    1.01361133924
  9066.14762000    1.01248518589
  9067.61145200    1.01252421687
  9069.08747500    1.01303897923
  9070.57568900    1.01379474930
  9072.07609600    1.01476397388
  9073.58869500    1.01580550528
  9075.11348500    1.01640127625
  9076.65046800    1.01614976938
  9078.19964200    1.01571063043
  9079.76100900    1.01509997491
  9081.33456700    1.01381615505
  9082.92031700    1.01252800386
  9084.51825900    1.01117678326
  9086.12839300    1.00901393953
  9087.75071900    1.00569903011
  9089.38523700    1.00269971163
  9091.03194600    0.99912461071
  9092.69084800    0.99474031577
  9094.36194200    0.99044647979
  9096.04522700    0.98750063279
  9097.74070400    0.98538536270
  9099.44837400    0.98304480069
  9101.16823500    0.98111003083
  9102.90028800    0.98021180242
  9104.64453300    0.97958843067
  9106.40097000    0.97954233997
  9108.16959800    0.98019242205
  9109.95041900    0.98176525360
  9111.74343200    0.98390332354
  9113.54863600    0.98594016483
  9115.36603200    0.98768406759
  9117.19562100    0.98934683641
  9119.03740100    0.99074103639
  9120.89137300    0.99211425997
  9122.75753700    0.99334112195
  9124.63589300    0.99473783750
  9126.52644100    0.99601420119
  9128.42918100    0.99755143712
  9130.34411200    0.99861807007
  9132.27123600    0.99933988117
  9134.21055200    1.00052754902
  9136.16205900    1.00172440846
  9138.12575800    1.00297613092
  9140.10164900    1.00400892741
  9142.08973300    1.00505988421
  9144.09000800    1.00540278141
  9146.10247500    1.00505571082
  9148.12713300    1.00446753400
  9150.16398400    1.00441379177
  9152.21302700    1.00432356064
  9154.27426100    1.00385673118
  9156.34768800    1.00270897507
  9158.43330600    1.00300887848
  9160.53111700    1.00301732209
  9162.64111900    1.00226188213
  9164.76331300    1.00296635275
  9166.89769900    1.00359124147
  9169.04427700    1.00317392684
  9171.20304700    1.00359838570
  9173.37400800    1.00300763444
  9175.55716200    1.00225108551
  9177.75250800    1.00234691775
  9179.96004500    1.00189616349
  9182.17977500    1.00123735684
  9184.41169600    1.00083084965
  9186.65580900    1.00114552349
  9188.91211400    1.00092325965
  9191.18061100    1.00068317517
  9193.46130000    1.00057764503
  9195.75418100    1.00020417047
  9198.05925400    0.99950269776
  9200.37651800    0.99940144031
  9202.70597500    0.99945028623
  9205.04762300    0.99948773143
  9207.40146400    0.99922027518
  9209.76749600    0.99877402708
  9212.14572000    0.99844680505
  9214.53613600    0.99822944238
  9216.93874400    0.99771976388
  9219.35354400    0.99727928322
  9221.78053600    0.99761885375
  9224.21972000    0.99790060780
  9226.67109600    0.99789506765
  9229.13466300    0.99829667022
  9231.61042300    0.99897475859
  9234.09837400    0.99912692563
  9236.59851700    0.99916852335
  9239.11085200    0.99963835613
  9241.63538000    1.00013489568
  9244.17209900    1.00057903664
  9246.72100900    1.00051146536
  9249.28211200    1.00047032162
  9251.85540700    1.00078296435
  9254.44089400    1.00157843958
  9257.03857200    1.00200015554
  9259.64844300    1.00341593115
  9262.27050500    1.00409713696
  9264.90475900    1.00437998701
  9267.55120500    1.00480754256
  9270.20984400    1.00578036739
  9272.88067400    1.00605411010
  9275.56369600    1.00580212937
  9278.25890900    1.00559046630
  9280.96631500    1.00575105691
  9283.68591300    1.00658826260
  9286.41770200    1.00753933064
  9289.16168400    1.00732082195
  9291.91785700    1.00681823502
  9294.68622200    1.00688554111
  9297.46678000    1.00724036875
  9300.25952900    1.00702085323
  9303.06447000    1.00655695037
  9305.88160200    1.00602594616
  9308.71092700    1.00622040411
  9311.55244400    1.00658937651
  9314.40615300    1.00632712962
  9317.27205300    1.00618814167
  9320.15014600    1.00594945204
  9323.04043000    1.00522197280
  9325.94290600    1.00394001023
  9328.85757400    1.00340830913
  9331.78443500    1.00382974340
  9334.72348700    1.00396320705
  9337.67473000    1.00377057935
  9340.63816600    1.00343535408
  9343.61379400    1.00284225103
  9346.60161400    1.00350022114
  9349.60162500    1.00384014568
  9352.61382900    1.00341118033
  9355.63822400    1.00334535288
  9358.67481100    1.00342328678
  9361.72359000    1.00298400456
  9364.78456100    1.00234461334
  9367.85772400    1.00230781374
  9370.94307900    1.00169353442
  9374.04062600    1.00155498410
  9377.15036500    1.00119472693
  9380.27229500    1.00053093998
  9383.40641800    1.00020246974
  9386.55273200    0.99980211677
  9389.71123900    0.99959278640
  9392.88193700    1.00027242281
  9396.06482700    1.00109300684
  9399.25990900    1.00146707014
  9402.46718300    1.00108490594
  9405.68664900    1.00133491322
  9408.91830700    1.00133050695
  9412.16215700    1.00075507480
  9415.41819800    1.00067458950
  9418.68643200    1.00038795581
  9421.96685700    0.99965965113
  9425.25947400    0.99919480080
  9428.56428400    0.99902709666
  9431.88128500    0.99908089968
  9435.21047800    0.99886358475
  9438.55186300    0.99850634667
  9441.90544000    0.99825890220
  9445.27120900    0.99808728889
  9448.64916900    0.99768503019
  9452.03932200    0.99738292238
  9455.44166600    0.99710759438
  9458.85620300    0.99623505718
  9462.28293100    0.99606992041
  9465.72185100    0.99605122647
  9469.17296400    0.99535830587
  9472.63626800    0.99478520450
  9476.11176400    0.99483670056
  9479.59945100    0.99476336059
  9483.09933100    0.99434697343
  9486.61140300    0.99480707446
  9490.13566600    0.99532690720
  9493.67212200    0.99606811907
  9497.22076900    0.99658528284
  9500.78160900    0.99654590199
  9504.35464000    0.99635851740
  9507.93986300    0.99658367353
  9511.53727800    0.99576860733
  9515.14688500    0.99458154469
  9518.76868400    0.99476893253
  9522.40267500    0.99467344144
  9526.04885700    0.99356854590
  9529.70723200    0.99332773238
  9533.37779900    0.99381381009
  9537.06055700    0.99365211563
  9540.75550700    0.99381387398
  9544.46265000    0.99461758837
  9548.18198400    0.99662439531
  9551.91351000    0.99823633705
  9555.65722800    0.99966650469
  9559.41313800    1.00043061465
  9563.18123900    1.00037566045
  9566.96153300    0.99903014423
  9570.75401900    0.99695745479
  9574.55869600    0.99521641926
  9578.37556500    0.99430999448
  9582.20462700    0.99395609853
  9586.04588000    0.99454703222
  9589.89932500    0.99507509388
  9593.76496200    0.99529790680
  9597.64279100    0.99530239823
  9601.53281200    0.99539645125
  9605.43502500    0.99467608386
  9609.34942900    0.99503038857
  9613.27602600    0.99546145981
  9617.21481400    0.99511060233
  9621.16579500    0.99676747721
  9625.12896700    0.99872333114
  9629.10433100    0.99873028143
  9633.09188800    0.99869147905
  9637.09163600    0.99880539597
  9641.10357500    0.99924816376
  9645.12770700    0.99932813042
  9649.16403100    0.99944467229
  9653.21254700    1.00001389804
  9657.27325400    1.00167188750
  9661.34615400    1.00290908397
  9665.43124500    1.00346357293
  9669.52852900    1.00474592007
  9673.63800400    1.00449992860
  9677.75967100    1.00359112095
  9681.89353000    1.00274809800
  9686.03958100    1.00256844665
  9690.19782400    1.00220411676
  9694.36825800    1.00162983719
  9698.55088500    1.00063612666
  9702.74570400    1.00001325552
  9706.95271400    0.99980026892
  9711.17191600    0.99990519262
  9715.40331100    1.00102238406
  9719.64689700    1.00221210935
  9723.90267500    1.00354159524
  9728.17064500    1.00475301369
  9732.45080700    1.00537970733
  9736.74316100    1.00593342120
  9741.04770700    1.00600197360
  9745.36444400    1.00535670660
  9749.69337400    1.00444365438
  9754.03449500    1.00426897296
  9758.38780900    1.00423787063
  9762.75331400    1.00421783564
  9767.13101100    1.00320987885
  9771.52090000    1.00344114379
  9775.92298100    1.00359282330
  9780.33725400    1.00316888369
  9784.76371900    1.00280666228
  9789.20237600    1.00196806895
  9793.65322400    1.00184200254
  9798.11626500    1.00228104647
  9802.59149700    1.00242399408
  9807.07892200    1.00317010449
  9811.57853800    1.00378355973
  9816.09034600    1.00412870057
  9820.61434600    1.00418673806
  9825.15053800    1.00449242635
  9829.69892200    1.00382657757
  9834.25949800    1.00368131420
  9838.83226600    1.00253962063
  9843.41722600    1.00098575892
  9848.01437700    0.99993821301
  9852.62372100    0.99901230981
  9857.24525600    0.99881524501
  9861.87898300    0.99848525145
  9866.52490200    0.99859894810
  9871.18301300    0.99788084013
  9875.85331600    0.99803005973
  9880.53581100    0.99802552726
  9885.23049800    0.99812038209
  9889.93737700    0.99745077398
  9894.65644800    0.99758475365
  9899.38771000    0.99766434307
  9904.13116500    0.99905168564
  9908.88681100    0.99937057889
  9913.65464900    0.99843375019
  9918.43467900    0.99728809105
  9923.22690100    0.99632907000
  9928.03131500    0.99487784669
  9932.84792100    0.99229627143
  9937.67671900    0.99032293445
