#---------------------------------
#  energy flat
  8794.00000000    0.00739938235
  8799.00000000    0.00610721626
  8804.00000000    0.00535059602
  8809.00000000    0.00249233582
  8814.00000000   -1.44704711e-6
  8819.00000000   -0.00206993742
  8824.00000000   -0.00382214754
  8829.00000000   -0.00366509222
  8834.00000000   -0.00272343845
  8839.00000000   -0.00137055828
  8844.00000000   -0.00095576248
  8849.00000000    0.00037250203
  8854.00000000    0.00146722800
  8859.00000000    0.00174198342
  8864.00000000    0.00180822969
  8869.00000000    0.00110890809
  8874.00000000    0.00114516048
  8879.00000000    0.00165097218
  8884.00000000    0.00293538357
  8889.00000000    0.00281028959
  8894.00000000    0.00296962030
  8899.00000000    0.00126643466
  8904.00000000   -0.00060823322
  8909.00000000   -0.00227708104
  8914.00000000   -0.00337046012
  8919.00000000   -0.00303116615
  8924.00000000   -0.00127492004
  8929.00000000    0.00100073728
  8934.00000000    0.00349648760
  8939.00000000    0.00586833218
  8944.00000000    0.00668856246
  8949.00000000    0.00698441702
  8953.00000000    0.00707274475
  8956.00000000    0.00833347086
  8958.00000000    0.00973439224
  8959.00000000    0.01162654071
  8959.20000000    0.01297735122
  8959.40000000    0.01398561096
  8959.60000000    0.01418548400
  8959.80000000    0.01484395308
  8960.00000000    0.01489985551
  8960.20000000    0.01460638098
  8960.40000000    0.01483273137
  8960.60000000    0.01468364116
  8960.80000000    0.01463487530
  8961.00000000    0.01526810815
  8961.20000000    0.01538772171
  8961.40000000    0.01508080165
  8961.60000000    0.01461088039
  8961.80000000    0.01485377912
  8962.00000000    0.01447528747
  8962.20000000    0.01447658035
  8962.40000000    0.01564142882
  8962.60000000    0.01643352580
  8962.80000000    0.01661767791
  8963.00000000    0.01710797442
  8963.20000000    0.01731239825
  8963.40000000    0.01719578417
  8963.60000000    0.01731457032
  8963.80000000    0.01783237845
  8964.00000000    0.01844306418
  8964.20000000    0.01957316113
  8964.40000000    0.01992527895
  8964.60000000    0.01989616425
  8964.80000000    0.01970156609
  8965.00000000    0.01921716502
  8965.20000000    0.01947082018
  8965.40000000    0.01999566137
  8965.60000000    0.02025366047
  8965.80000000    0.02039975139
  8966.00000000    0.02118005766
  8966.20000000    0.02197236149
  8966.40000000    0.02281286238
  8966.60000000    0.02266004879
  8966.80000000    0.02246172725
  8967.00000000    0.02295802254
  8967.20000000    0.02259028731
  8967.40000000    0.02302473315
  8967.60000000    0.02376821936
  8967.80000000    0.02400718787
  8968.00000000    0.02478728729
  8968.20000000    0.02474389964
  8968.40000000    0.02477477270
  8968.60000000    0.02544213651
  8968.80000000    0.02517265708
  8969.00000000    0.02541452155
  8969.20000000    0.02626019379
  8969.40000000    0.02761410712
  8969.60000000    0.02734317971
  8969.80000000    0.02763075898
  8970.00000000    0.02786724524
  8970.20000000    0.02766520032
  8970.40000000    0.02822748214
  8970.60000000    0.02792842255
  8970.80000000    0.02837858932
  8971.00000000    0.02863203763
  8971.20000000    0.02894464627
  8971.40000000    0.02908039447
  8971.60000000    0.02956551963
  8971.80000000    0.03122040599
  8972.00000000    0.03145378943
  8972.20000000    0.03288361829
  8972.40000000    0.03415127336
  8972.60000000    0.03537983296
  8972.80000000    0.03706512691
  8973.00000000    0.03810007087
  8973.20000000    0.03949059740
  8973.40000000    0.04095062699
  8973.60000000    0.04248822696
  8973.80000000    0.04373829941
  8974.00000000    0.04529555053
  8974.20000000    0.04678123006
  8974.40000000    0.04813162686
  8974.60000000    0.05007155849
  8974.80000000    0.05210933221
  8975.00000000    0.05315958338
  8975.20000000    0.05560237788
  8975.40000000    0.05761615650
  8975.60000000    0.06000827168
  8975.80000000    0.06263371854
  8976.00000000    0.06558889120
  8976.20000000    0.06912180799
  8976.40000000    0.07337147502
  8976.60000000    0.07831431089
  8976.80000000    0.08346979301
  8977.00000000    0.09055005464
  8977.20000000    0.09869168580
  8977.40000000    0.10877547224
  8977.60000000    0.12039453147
  8977.80000000    0.13406558562
  8978.00000000    0.14975802024
  8978.20000000    0.16816521104
  8978.40000000    0.18896425840
  8978.60000000    0.21215723087
  8978.80000000    0.23652223995
  8979.00000000    0.26358276775
  8979.20000000    0.29064846691
  8979.40000000    0.31809064094
  8979.60000000    0.34617040661
  8979.80000000    0.37408994240
  8980.00000000    0.40141092395
  8980.20000000    0.42756760459
  8980.40000000    0.45180124261
  8980.60000000    0.47306556874
  8980.80000000    0.49200534787
  8981.00000000    0.50669931695
  8981.20000000    0.51657841965
  8981.40000000    0.52219764607
  8981.60000000    0.52276660577
  8981.80000000    0.52084553467
  8982.00000000    0.51861178133
  8982.20000000    0.51664329668
  8982.40000000    0.51535647840
  8982.60000000    0.51454219672
  8982.80000000    0.51502311121
  8983.00000000    0.51756023887
  8983.20000000    0.52132947200
  8983.40000000    0.52681815934
  8983.60000000    0.53382420413
  8983.80000000    0.54218315713
  8984.00000000    0.55284903041
  8984.20000000    0.56332902244
  8984.40000000    0.57275682723
  8984.60000000    0.58122718398
  8984.80000000    0.59013884160
  8985.00000000    0.59881600693
  8985.20000000    0.60699928458
  8985.40000000    0.61527986415
  8985.60000000    0.62346702588
  8985.80000000    0.63239356523
  8986.00000000    0.64013325464
  8986.20000000    0.64842387724
  8986.40000000    0.65629797529
  8986.60000000    0.66436183875
  8986.80000000    0.67335517861
  8987.00000000    0.68228054327
  8987.20000000    0.69348179901
  8987.40000000    0.70534258607
  8987.60000000    0.71816532540
  8987.80000000    0.73096166698
  8988.00000000    0.74590337430
  8988.20000000    0.76125493950
  8988.40000000    0.77684653513
  8988.60000000    0.79211034598
  8988.80000000    0.80709043196
  8989.00000000    0.82217919567
  8989.20000000    0.83731147793
  8989.40000000    0.85308922475
  8989.60000000    0.87055746413
  8989.80000000    0.88758166622
  8990.00000000    0.90433352003
  8990.20000000    0.92203863739
  8990.40000000    0.93942610525
  8990.60000000    0.95745262480
  8990.80000000    0.97500263060
  8991.00000000    0.99077004436
  8991.20000000    1.00633378510
  8991.40000000    1.02147624200
  8991.60000000    1.03537227308
  8991.80000000    1.04774076325
  8992.00000000    1.05760680802
  8992.20000000    1.06548588829
  8992.40000000    1.07367553499
  8992.60000000    1.08063778615
  8992.80000000    1.08714958655
  8993.00000000    1.09397671084
  8993.20000000    1.10142509649
  8993.40000000    1.10658223455
  8993.60000000    1.11123534632
  8993.80000000    1.11556749780
  8994.00000000    1.11921483219
  8994.20000000    1.12054361395
  8994.40000000    1.12222929685
  8994.60000000    1.12520562127
  8994.80000000    1.12918381850
  8995.00000000    1.13391235361
  8995.20000000    1.13800488885
  8995.40000000    1.14044535571
  8995.60000000    1.14346695341
  8995.80000000    1.14434913381
  8996.00000000    1.14292165573
  8996.20000000    1.14241206715
  8996.40000000    1.14154138770
  8996.60000000    1.14308622294
  8996.80000000    1.14428341272
  8997.00000000    1.14345143816
  8997.20000000    1.13871764698
  8997.40000000    1.13403171561
  8997.60000000    1.12933944817
  8997.80000000    1.12527133655
  8998.00000000    1.12267403547
  8998.20000000    1.11933482412
  8998.40000000    1.11713069860
  8998.60000000    1.11493513019
  8998.80000000    1.11114354981
  8999.00000000    1.10726744196
  8999.20000000    1.10459406104
  8999.40000000    1.10080208774
  8999.60000000    1.09838887428
  8999.80000000    1.09574757619
  9000.00000000    1.09389736465
  9000.20000000    1.09113355312
  9000.40000000    1.08756742916
  9000.60000000    1.08343935742
  9000.80000000    1.08002273307
  9001.00000000    1.07800183017
  9001.20000000    1.07622964139
  9001.40000000    1.07460418751
  9001.60000000    1.07322331054
  9001.80000000    1.07211948655
  9002.00000000    1.07123810595
  9002.20000000    1.06904596440
  9002.40000000    1.06390332759
  9002.60000000    1.05808766159
  9002.80000000    1.05318347047
  9003.00000000    1.04845580075
  9003.20000000    1.04542441108
  9003.40000000    1.04224871163
  9003.60000000    1.03992636073
  9003.80000000    1.03906964713
  9004.00000000    1.03665125770
  9004.20000000    1.03278537597
  9004.40000000    1.02864776185
  9004.60000000    1.02533743233
  9004.80000000    1.02219162608
  9005.00000000    1.01985407368
  9005.20000000    1.01818307987
  9005.40000000    1.01654918688
  9005.60000000    1.01495363574
  9005.80000000    1.01348951086
  9006.00000000    1.01194168368
  9006.20000000    1.01033642461
  9006.40000000    1.00867973238
  9006.60000000    1.00686321525
  9006.80000000    1.00414012905
  9007.00000000    1.00346476719
  9007.20000000    1.00198316047
  9007.40000000    1.00114142743
  9007.60000000    1.00117455451
  9007.80000000    1.00131945603
  9008.00000000    1.00124930211
  9008.20000000    1.00040682712
  9008.40000000    0.99953691343
  9008.60000000    0.99866603832
  9008.80000000    1.00003795061
  9009.00000000    0.99937035198
  9009.22786000    0.99986196593
  9009.48358100    1.00031017345
  9009.76716200    1.00100274999
  9010.07860400    1.00021705302
  9010.41790500    1.00065485866
  9010.78506700    1.00157360590
  9011.18009000    1.00240760308
  9011.60297300    1.00226826547
  9012.05371600    1.00100010154
  9012.53231900    0.99932137636
  9013.03878300    0.99886547997
  9013.57310700    0.99972433273
  9014.13529200    0.99865743070
  9014.72533700    0.99822261221
  9015.34324200    0.99795164487
  9015.98900800    0.99699568554
  9016.66263400    0.99539951027
  9017.36412000    0.99344784717
  9018.09346700    0.99119354169
  9018.85067400    0.98765310739
  9019.63574100    0.98510990910
  9020.44866900    0.98268885375
  9021.28945700    0.97956470827
  9022.15810600    0.97663988515
  9023.05461400    0.97534676801
  9023.97898300    0.97517557845
  9024.93121300    0.97327888507
  9025.91130300    0.97005894319
  9026.91925300    0.96684575008
  9027.95506400    0.96419422000
  9029.01873400    0.96294163328
  9030.11026600    0.96265827775
  9031.23272300    0.96336850118
  9032.36737300    0.96487157582
  9033.51421400    0.96676729999
  9034.67324800    0.97079061267
  9035.84447300    0.97591061334
  9037.02789000    0.98133862056
  9038.22349900    0.98854645938
  9039.43130000    0.99593913251
  9040.65129300    1.00276457399
  9041.88347800    1.00729602014
  9043.12785500    1.01191566150
  9044.38442300    1.01667092611
  9045.65318400    1.01945112343
  9046.93413600    1.02171236150
  9048.22728000    1.02350040817
  9049.53261700    1.02626040057
  9050.85014500    1.02684904017
  9052.17986500    1.02778876094
  9053.52177700    1.02675871179
  9054.87588100    1.02601965780
  9056.24217700    1.02660964783
  9057.62066400    1.02725968647
  9059.01134400    1.02817688327
  9060.41421500    1.02525378944
  9061.82927900    1.02330602128
  9063.25653400    1.02304231844
  9064.69598100    1.02302840217
  9066.14762000    1.02276745944
  9067.61145200    1.02232945523
  9069.08747500    1.02259667809
  9070.57568900    1.02157199907
  9072.07609600    1.02027091036
  9073.58869500    1.01811282271
  9075.11348500    1.01575992708
  9076.65046800    1.01303974954
  9078.19964200    1.01043638062
  9079.76100900    1.00731668054
  9081.33456700    1.00440096616
  9082.92031700    1.00151014395
  9084.51825900    0.99881780870
  9086.12839300    0.99617837822
  9087.75071900    0.99307889630
  9089.38523700    0.99026077058
  9091.03194600    0.98734343243
  9092.69084800    0.98426341302
  9094.36194200    0.98109025707
  9096.04522700    0.97843794904
  9097.74070400    0.97670202964
  9099.44837400    0.97552322729
  9101.16823500    0.97569569622
  9102.90028800    0.97711045669
  9104.64453300    0.97920386458
  9106.40097000    0.98090837762
  9108.16959800    0.98221947928
  9109.95041900    0.98351718720
  9111.74343200    0.98549470239
  9113.54863600    0.98717528987
  9115.36603200    0.98888994193
  9117.19562100    0.99083705618
  9119.03740100    0.99223599450
  9120.89137300    0.99500886931
  9122.75753700    0.99843791927
  9124.63589300    1.00135340514
  9126.52644100    1.00477327784
  9128.42918100    1.00774933668
  9130.34411200    1.01015707595
  9132.27123600    1.01173504420
  9134.21055200    1.01211567933
  9136.16205900    1.01229934556
  9138.12575800    1.01145387873
  9140.10164900    1.00958053170
  9142.08973300    1.00734207378
  9144.09000800    1.00536487341
  9146.10247500    1.00283517095
  9148.12713300    1.00079427945
  9150.16398400    0.99875071312
  9152.21302700    0.99740116280
  9154.27426100    0.99593104013
  9156.34768800    0.99410080340
  9158.43330600    0.99349661478
  9160.53111700    0.99260718907
  9162.64111900    0.99137502087
  9164.76331300    0.99172881152
  9166.89769900    0.99207660245
  9169.04427700    0.99193351779
  9171.20304700    0.99251212661
  9173.37400800    0.99251047741
  9175.55716200    0.99209982670
  9177.75250800    0.99256265751
  9179.96004500    0.99350634485
  9182.17977500    0.99440876434
  9184.41169600    0.99538863361
  9186.65580900    0.99612199349
  9188.91211400    0.99650746048
  9191.18061100    0.99640020990
  9193.46130000    0.99647704059
  9195.75418100    0.99736303597
  9198.05925400    0.99884841354
  9200.37651800    1.00024059315
  9202.70597500    1.00166488800
  9205.04762300    1.00250897587
  9207.40146400    1.00282493968
  9209.76749600    1.00386586561
  9212.14572000    1.00444270898
  9214.53613600    1.00402753175
  9216.93874400    1.00353375487
  9219.35354400    1.00298821962
  9221.78053600    1.00183650458
  9224.21972000    1.00075910662
  9226.67109600    0.99996241044
  9229.13466300    0.99919978991
  9231.61042300    0.99898086954
  9234.09837400    0.99825766759
  9236.59851700    0.99752325822
  9239.11085200    0.99727237054
  9241.63538000    0.99745404755
  9244.17209900    0.99765741030
  9246.72100900    0.99821500763
  9249.28211200    0.99931375625
  9251.85540700    1.00000039640
  9254.44089400    0.99972833941
  9257.03857200    1.00030003441
  9259.64844300    1.00162396334
  9262.27050500    1.00215732492
  9264.90475900    1.00260788396
  9267.55120500    1.00337188261
  9270.20984400    1.00458864547
  9272.88067400    1.00545259099
  9275.56369600    1.00518377854
  9278.25890900    1.00450858285
  9280.96631500    1.00420880664
  9283.68591300    1.00475307951
  9286.41770200    1.00514260416
  9289.16168400    1.00529369780
  9291.91785700    1.00564643936
  9294.68622200    1.00620815948
  9297.46678000    1.00625599066
  9300.25952900    1.00573893259
  9303.06447000    1.00595383867
  9305.88160200    1.00538269073
  9308.71092700    1.00479651145
  9311.55244400    1.00456254822
  9314.40615300    1.00437493978
  9317.27205300    1.00377020177
  9320.15014600    1.00340102660
  9323.04043000    1.00347041194
  9325.94290600    1.00342632805
  9328.85757400    1.00341508521
  9331.78443500    1.00329877121
  9334.72348700    1.00321252585
  9337.67473000    1.00349916375
  9340.63816600    1.00269068989
  9343.61379400    1.00233049882
  9346.60161400    1.00308243583
  9349.60162500    1.00299943072
  9352.61382900    1.00272504773
  9355.63822400    1.00237744767
  9358.67481100    1.00236437824
  9361.72359000    1.00238904115
  9364.78456100    1.00226178623
  9367.85772400    1.00185543091
  9370.94307900    1.00155785747
  9374.04062600    1.00088815764
  9377.15036500    1.00027309753
  9380.27229500    0.99998761201
  9383.40641800    1.00001703079
  9386.55273200    0.99976873919
  9389.71123900    0.99966659329
  9392.88193700    0.99991932737
  9396.06482700    1.00032650868
  9399.25990900    1.00085856607
  9402.46718300    1.00139325529
  9405.68664900    1.00120638369
  9408.91830700    1.00065477700
  9412.16215700    1.00003899424
  9415.41819800    0.99877012083
  9418.68643200    0.99785697584
  9421.96685700    0.99736099241
  9425.25947400    0.99781770467
  9428.56428400    0.99794522237
  9431.88128500    0.99667596099
  9435.21047800    0.99679064477
  9438.55186300    0.99638226533
  9441.90544000    0.99562600771
  9445.27120900    0.99646028107
  9448.64916900    0.99712783531
  9452.03932200    0.99743729855
  9455.44166600    0.99814966329
  9458.85620300    0.99793047639
  9462.28293100    0.99819852295
  9465.72185100    0.99822543116
  9469.17296400    0.99768660680
  9472.63626800    0.99749610429
  9476.11176400    0.99753287005
  9479.59945100    0.99811438433
  9483.09933100    0.99925197407
  9486.61140300    1.00018499089
  9490.13566600    1.00052967311
  9493.67212200    1.00192032095
  9497.22076900    1.00177761955
  9500.78160900    1.00163533425
  9504.35464000    1.00203971542
  9507.93986300    1.00212874038
  9511.53727800    1.00186987290
  9515.14688500    1.00156319682
  9518.76868400    1.00193491419
  9522.40267500    1.00010368599
  9526.04885700    0.99894203388
  9529.70723200    0.99878312712
  9533.37779900    0.99780306365
  9537.06055700    0.99744996160
  9540.75550700    0.99737767850
  9544.46265000    0.99673286357
  9548.18198400    0.99619496238
  9551.91351000    0.99604170089
  9555.65722800    0.99800333716
  9559.41313800    0.99827222399
  9563.18123900    0.99876975274
  9566.96153300    0.99888540941
  9570.75401900    0.99790319036
  9574.55869600    0.99665477491
  9578.37556500    0.99614642150
  9582.20462700    0.99652759697
  9586.04588000    0.99676953219
  9589.89932500    0.99647890630
  9593.76496200    0.99620896541
  9597.64279100    0.99668588497
  9601.53281200    0.99692308587
  9605.43502500    0.99641926849
  9609.34942900    0.99587826828
  9613.27602600    0.99679699219
  9617.21481400    0.99649803612
  9621.16579500    0.99613451401
  9625.12896700    0.99554809279
  9629.10433100    0.99592870802
  9633.09188800    0.99561997940
  9637.09163600    0.99494678452
  9641.10357500    0.99459226747
  9645.12770700    0.99523956715
  9649.16403100    0.99587810661
  9653.21254700    0.99738712747
  9657.27325400    1.00078777595
  9661.34615400    1.00317054491
  9665.43124500    1.00452603505
  9669.52852900    1.00558496195
  9673.63800400    1.00550761357
  9677.75967100    1.00520922270
  9681.89353000    1.00496998227
  9686.03958100    1.00477262921
  9690.19782400    1.00411131106
  9694.36825800    1.00314459466
  9698.55088500    1.00279019521
  9702.74570400    1.00370519994
  9706.95271400    1.00384724800
  9711.17191600    1.00355197164
  9715.40331100    1.00256009105
  9719.64689700    1.00081091543
  9723.90267500    0.99914273629
  9728.17064500    0.99783699711
  9732.45080700    0.99748004599
  9736.74316100    0.99802153483
  9741.04770700    0.99886957239
  9745.36444400    0.99859906247
  9749.69337400    0.99924350690
  9754.03449500    1.00003271634
  9758.38780900    1.00036073505
  9762.75331400    1.00150151194
  9767.13101100    1.00361528631
  9771.52090000    1.00453146771
  9775.92298100    1.00548718605
  9780.33725400    1.00553560562
  9784.76371900    1.00510257840
  9789.20237600    1.00555555983
  9793.65322400    1.00322428035
  9798.11626500    1.00303905423
  9802.59149700    1.00353427360
  9807.07892200    1.00234036925
  9811.57853800    1.00295334717
  9816.09034600    1.00239466788
  9820.61434600    1.00148529818
  9825.15053800    1.00046991200
  9829.69892200    1.00091788188
  9834.25949800    1.00074719138
  9838.83226600    1.00020418001
  9843.41722600    0.99891380070
  9848.01437700    0.99848019529
  9852.62372100    0.99718583450
  9857.24525600    0.99616862151
  9861.87898300    0.99632981402
  9866.52490200    0.99828521796
  9871.18301300    0.99879156948
  9875.85331600    0.99887673747
  9880.53581100    0.99983461029
  9885.23049800    0.99899492484
  9889.93737700    0.99906191220
  9894.65644800    0.99900319200
  9899.38771000    0.99959057550
  9904.13116500    0.99959352088
  9908.88681100    0.99989845054
  9913.65464900    0.99883506446
  9918.43467900    0.99895455442
  9923.22690100    0.99870867913
  9928.03131500    0.99780356803
  9932.84792100    0.99881235776
  9937.67671900    0.99961508043
