#---------------------------------
#  energy flat
  10182.0000000   -0.00072252234
  10187.0000000   -0.00090981958
  10192.0000000   -0.00056745299
  10197.0000000   -0.00024287264
  10202.0000000   -0.00010339127
  10207.0000000   -0.00039531346
  10212.0000000   -0.00024990334
  10217.0000000   -0.00057609021
  10222.0000000   -0.00073967245
  10227.0000000   -0.00072539228
  10232.0000000   -0.00043882567
  10237.0000000   -0.00035366209
  10242.0000000    0.00016063818
  10247.0000000    0.00039410763
  10252.0000000    0.00071284642
  10257.0000000    0.00067019318
  10262.0000000    0.00070348022
  10267.0000000    0.00086353783
  10272.0000000    0.00083204459
  10277.0000000    0.00063515673
  10282.0000000    0.00074316343
  10287.0000000    0.00025960319
  10292.0000000   -0.00025578046
  10297.0000000   -0.00074125881
  10302.0000000   -0.00085130796
  10307.0000000   -0.00087547746
  10312.0000000   -0.00063939238
  10317.0000000    0.00022208836
  10322.0000000    0.00153964670
  10327.0000000    0.00305921840
  10332.0000000    0.00471349472
  10337.0000000    0.00665566404
  10341.0000000    0.00844232951
  10344.0000000    0.01067412557
  10346.0000000    0.01258894661
  10347.0000000    0.01374152626
  10347.2000000    0.01439055944
  10347.4000000    0.01486905395
  10347.6000000    0.01524832912
  10347.8000000    0.01543465845
  10348.0000000    0.01598560573
  10348.2000000    0.01651737178
  10348.4000000    0.01694852350
  10348.6000000    0.01736982303
  10348.8000000    0.01721751625
  10349.0000000    0.01708325728
  10349.2000000    0.01729216816
  10349.4000000    0.01749244748
  10349.6000000    0.01789657108
  10349.8000000    0.01807627416
  10350.0000000    0.01851117494
  10350.2000000    0.01890187167
  10350.4000000    0.01976207288
  10350.6000000    0.02028102237
  10350.8000000    0.02049167700
  10351.0000000    0.02088978467
  10351.2000000    0.02137490542
  10351.4000000    0.02174685685
  10351.6000000    0.02206143893
  10351.8000000    0.02221969390
  10352.0000000    0.02245005289
  10352.2000000    0.02285304305
  10352.4000000    0.02333284537
  10352.6000000    0.02375972490
  10352.8000000    0.02409601666
  10353.0000000    0.02475507640
  10353.2000000    0.02563681292
  10353.4000000    0.02617607709
  10353.6000000    0.02682266902
  10353.8000000    0.02719331264
  10354.0000000    0.02769578370
  10354.2000000    0.02808508543
  10354.4000000    0.02819041761
  10354.6000000    0.02856149716
  10354.8000000    0.02929832812
  10355.0000000    0.02945152621
  10355.2000000    0.03031582523
  10355.4000000    0.03124106829
  10355.6000000    0.03209429451
  10355.8000000    0.03273792206
  10356.0000000    0.03323838781
  10356.2000000    0.03392342942
  10356.4000000    0.03479173906
  10356.6000000    0.03543841818
  10356.8000000    0.03638798655
  10357.0000000    0.03696160257
  10357.2000000    0.03772441539
  10357.4000000    0.03842637136
  10357.6000000    0.03874975938
  10357.8000000    0.03937638538
  10358.0000000    0.03996996734
  10358.2000000    0.04121998369
  10358.4000000    0.04245326005
  10358.6000000    0.04386840946
  10358.8000000    0.04510621957
  10359.0000000    0.04617558350
  10359.2000000    0.04705069377
  10359.4000000    0.04790322248
  10359.6000000    0.04885209335
  10359.8000000    0.05001980474
  10360.0000000    0.05113293677
  10360.2000000    0.05249812776
  10360.4000000    0.05410569990
  10360.6000000    0.05550070900
  10360.8000000    0.05667670320
  10361.0000000    0.05804991543
  10361.2000000    0.05972915566
  10361.4000000    0.06157126206
  10361.6000000    0.06354571903
  10361.8000000    0.06582969149
  10362.0000000    0.06768784038
  10362.2000000    0.06986666476
  10362.4000000    0.07180816487
  10362.6000000    0.07364085503
  10362.8000000    0.07599736745
  10363.0000000    0.07835649550
  10363.2000000    0.08085250787
  10363.4000000    0.08292234792
  10363.6000000    0.08557442584
  10363.8000000    0.08868231980
  10364.0000000    0.09141583081
  10364.2000000    0.09454900914
  10364.4000000    0.09812300728
  10364.6000000    0.10159639108
  10364.8000000    0.10496131369
  10365.0000000    0.10900507786
  10365.2000000    0.11334179191
  10365.4000000    0.11867139677
  10365.6000000    0.12408539909
  10365.8000000    0.13009925114
  10366.0000000    0.13666447670
  10366.2000000    0.14354096150
  10366.4000000    0.15097823604
  10366.6000000    0.15920856774
  10366.8000000    0.16813500413
  10367.0000000    0.17828590122
  10367.2000000    0.18974443586
  10367.4000000    0.20279797792
  10367.6000000    0.21747093989
  10367.8000000    0.23383324610
  10368.0000000    0.25196406279
  10368.2000000    0.27215633981
  10368.4000000    0.29465106330
  10368.6000000    0.31921962776
  10368.8000000    0.34620642364
  10369.0000000    0.37591957144
  10369.2000000    0.40899083150
  10369.4000000    0.44539788383
  10369.6000000    0.48514874968
  10369.8000000    0.52875591694
  10370.0000000    0.57623071999
  10370.2000000    0.62728108083
  10370.4000000    0.68324881449
  10370.6000000    0.74410113848
  10370.8000000    0.80831192349
  10371.0000000    0.87727965639
  10371.2000000    0.95353190168
  10371.4000000    1.02851011240
  10371.6000000    1.08092193791
  10371.8000000    1.14673761129
  10372.0000000    1.21757440637
  10372.2000000    1.28420370450
  10372.4000000    1.34581936999
  10372.6000000    1.40171989206
  10372.8000000    1.44826397321
  10373.0000000    1.48936266826
  10373.2000000    1.52404418532
  10373.4000000    1.55242029838
  10373.6000000    1.57606334568
  10373.8000000    1.59530742913
  10374.0000000    1.61215855759
  10374.2000000    1.62734840776
  10374.4000000    1.64019238335
  10374.6000000    1.65156305603
  10374.8000000    1.66188415652
  10375.0000000    1.67099491067
  10375.2000000    1.67926220305
  10375.4000000    1.68760847656
  10375.6000000    1.69520231123
  10375.8000000    1.70240466265
  10376.0000000    1.70950045915
  10376.2000000    1.71604330048
  10376.4000000    1.72028002088
  10376.6000000    1.72096070043
  10376.8000000    1.71982525175
  10377.0000000    1.71556586248
  10377.2000000    1.70797572376
  10377.4000000    1.69735127231
  10377.6000000    1.68407194775
  10377.8000000    1.66800940971
  10378.0000000    1.64975513754
  10378.2000000    1.62758874782
  10378.4000000    1.60431000403
  10378.6000000    1.58063523795
  10378.8000000    1.55694528391
  10379.0000000    1.53356517651
  10379.2000000    1.51008199549
  10379.4000000    1.48710954020
  10379.6000000    1.46527468809
  10379.8000000    1.44451797692
  10380.0000000    1.42430145970
  10380.2000000    1.40543179449
  10380.4000000    1.38818536503
  10380.6000000    1.37093821735
  10380.8000000    1.35438610703
  10381.0000000    1.33965567001
  10381.2000000    1.32688849841
  10381.4000000    1.31491976731
  10381.6000000    1.30346123459
  10381.8000000    1.29302207462
  10382.0000000    1.28365390203
  10382.2000000    1.27471850430
  10382.4000000    1.26529675065
  10382.6000000    1.25593635245
  10382.8000000    1.24657488308
  10383.0000000    1.23707615531
  10383.2000000    1.22775892617
  10383.4000000    1.21852711465
  10383.6000000    1.20907504112
  10383.8000000    1.19987857443
  10384.0000000    1.19091120912
  10384.2000000    1.18167318636
  10384.4000000    1.17279295295
  10384.6000000    1.16465082022
  10384.8000000    1.15710990348
  10385.0000000    1.14968404502
  10385.2000000    1.14247525390
  10385.4000000    1.13595085441
  10385.6000000    1.13049813293
  10385.8000000    1.12530694321
  10386.0000000    1.12076492027
  10386.2000000    1.11620054593
  10386.4000000    1.11075938270
  10386.6000000    1.10575133460
  10386.8000000    1.10098737883
  10387.0000000    1.09691217111
  10387.2000000    1.09300502753
  10387.4000000    1.09021384971
  10387.6000000    1.08768367713
  10387.8000000    1.08513010383
  10388.0000000    1.08284381248
  10388.2000000    1.08017665109
  10388.4000000    1.07821148758
  10388.6000000    1.07607034376
  10388.8000000    1.07399577488
  10389.0000000    1.07275782012
  10389.2000000    1.07151424832
  10389.4000000    1.07013201097
  10389.6000000    1.06807996168
  10389.8000000    1.06598096727
  10390.0000000    1.06484744824
  10390.2000000    1.06439029058
  10390.4000000    1.06400650530
  10390.6000000    1.06307531754
  10390.8000000    1.06183230720
  10391.0000000    1.06142172225
  10391.2000000    1.06132619197
  10391.4000000    1.06077114254
  10391.6000000    1.05989310905
  10391.8000000    1.05860874008
  10392.0000000    1.05735780868
  10392.2000000    1.05603534083
  10392.4000000    1.05598681298
  10392.6000000    1.05590755172
  10392.8000000    1.05528454555
  10393.0000000    1.05486080567
  10393.2000000    1.05468219228
  10393.4000000    1.05440414015
  10393.6000000    1.05500820544
  10393.8000000    1.05571894235
  10394.0000000    1.05645299949
  10394.2000000    1.05828191021
  10394.4000000    1.05983177415
  10394.6000000    1.06014910889
  10394.8000000    1.05935928958
  10395.0000000    1.05847508548
  10395.2000000    1.05857221512
  10395.4000000    1.05791913499
  10395.6000000    1.05721665766
  10395.8000000    1.05676784635
  10396.0000000    1.05584206975
  10396.2000000    1.05463933554
  10396.4000000    1.05186857141
  10396.6000000    1.04822204544
  10396.8000000    1.04448392125
  10397.0000000    1.03960550771
  10397.2278600    1.03420975186
  10397.4835810    1.02776625198
  10397.7671620    1.02146624177
  10398.0786040    1.01442103279
  10398.4179050    1.00489991396
  10398.7850670    0.99105989362
  10399.1800900    0.97834374426
  10399.6029730    0.96610893067
  10400.0537160    0.95249964068
  10400.5323190    0.94016314559
  10401.0387830    0.92654810015
  10401.5731070    0.91401637700
  10402.1352920    0.90238748243
  10402.7253370    0.89278527643
  10403.3432420    0.88640530924
  10403.9890080    0.88197295741
  10404.6626340    0.88114556584
  10405.3641200    0.88222448083
  10406.0934670    0.88318341847
  10406.8506740    0.88758030505
  10407.6357410    0.89180505644
  10408.4486690    0.89602945170
  10409.2894570    0.90323831196
  10410.1581060    0.90976006074
  10411.0546140    0.91868750134
  10411.9789830    0.93023486650
  10412.9312130    0.94645380199
  10413.9113030    0.96220213731
  10414.9192530    0.97520357058
  10415.9550640    0.99494950730
  10417.0187340    1.01274442173
  10418.1102660    1.02970138380
  10419.2327230    1.04513362130
  10420.3673730    1.05747611986
  10421.5142140    1.06788362576
  10422.6732480    1.07612058607
  10423.8444730    1.08235426316
  10425.0278900    1.08726876051
  10426.2234990    1.09026670297
  10427.4313000    1.09228643541
  10428.6512930    1.09305666425
  10429.8834780    1.09320604461
  10431.1278550    1.09332975181
  10432.3844230    1.09505020566
  10433.6531840    1.09556244033
  10434.9341360    1.09495559809
  10436.2272800    1.09451903779
  10437.5326170    1.09238575674
  10438.8501450    1.08931937788
  10440.1798650    1.08532673018
  10441.5217770    1.07995446831
  10442.8758810    1.07461436003
  10444.2421770    1.06888113240
  10445.6206640    1.06274469958
  10447.0113440    1.05640456765
  10448.4142150    1.05041335792
  10449.8292790    1.04491860961
  10451.2565340    1.03858132186
  10452.6959810    1.03240416700
  10454.1476200    1.02679066539
  10455.6114520    1.02142817575
  10457.0874750    1.01592367324
  10458.5756890    1.01045084586
  10460.0760960    1.00559960864
  10461.5886950    1.00129411617
  10463.1134850    0.99836422383
  10464.6504680    0.99572200387
  10466.1996420    0.99335368221
  10467.7610090    0.99183503678
  10469.3345670    0.99023368066
  10470.9203170    0.98818777362
  10472.5182590    0.98654755399
  10474.1283930    0.98580753233
  10475.7507190    0.98401102722
  10477.3852370    0.98202308895
  10479.0319460    0.98095079838
  10480.6908480    0.97972276184
  10482.3619420    0.97830947703
  10484.0452270    0.97784661088
  10485.7407040    0.97777594530
  10487.4483740    0.97850302835
  10489.1682350    0.97956920641
  10490.9002880    0.98098244434
  10492.6445330    0.98238538876
  10494.4009700    0.98370037898
  10496.1695980    0.98626689642
  10497.9504190    0.98880774346
  10499.7434320    0.99214833453
  10501.5486360    0.99674963592
  10503.3660320    1.00159373233
  10505.1956210    1.00655637482
  10507.0374010    1.01077309194
  10508.8913730    1.01387689468
  10510.7575370    1.01591772027
  10512.6358930    1.01762538848
  10514.5264410    1.01810575978
  10516.4291810    1.01766560919
  10518.3441120    1.01675452043
  10520.2712360    1.01605590425
  10522.2105520    1.01471849561
  10524.1620590    1.01325271744
  10526.1257580    1.01220089441
  10528.1016490    1.01107078012
  10530.0897330    1.00992393527
  10532.0900080    1.00809181044
  10534.1024750    1.00664070185
  10536.1271330    1.00545760417
  10538.1639840    1.00394561167
  10540.2130270    1.00258998614
  10542.2742610    1.00042343953
  10544.3476880    0.99799189917
  10546.4333060    0.99650443787
  10548.5311170    0.99523961214
  10550.6411190    0.99409535581
  10552.7633130    0.99350614372
  10554.8976990    0.99275452408
  10557.0442770    0.99221009103
  10559.2030470    0.99137334675
  10561.3740080    0.99133299400
  10563.5571620    0.99141915374
  10565.7525080    0.99118461951
  10567.9600450    0.99058446002
  10570.1797750    0.98976467396
  10572.4116960    0.98940554108
  10574.6558090    0.99003527558
  10576.9121140    0.99028471106
  10579.1806110    0.99071465522
  10581.4613000    0.99087400999
  10583.7541810    0.98989595968
  10586.0592540    0.98835977176
  10588.3765180    0.98641208232
  10590.7059750    0.98420195805
  10593.0476230    0.98222546707
  10595.4014640    0.98058091671
  10597.7674960    0.97905901219
  10600.1457200    0.97814167008
  10602.5361360    0.97753727230
  10604.9387440    0.97722063754
  10607.3535440    0.97742412775
  10609.7805360    0.97773159632
  10612.2197200    0.97907585266
  10614.6710960    0.98121510821
  10617.1346630    0.98347494268
  10619.6104230    0.98574467892
  10622.0983740    0.98809882100
  10624.5985170    0.98921389803
  10627.1108520    0.98972780091
  10629.6353800    0.99028242164
  10632.1720990    0.99063260097
  10634.7210090    0.99087912940
  10637.2821120    0.99135819361
  10639.8554070    0.99159478198
  10642.4408940    0.99074193185
  10645.0385720    0.99055225418
  10647.6484430    0.99054077038
  10650.2705050    0.99020558187
  10652.9047590    0.99077353261
  10655.5512050    0.99049452987
  10658.2098440    0.98999049432
  10660.8806740    0.98901582489
  10663.5636960    0.98849723284
  10666.2589090    0.98785691547
  10668.9663150    0.98758406013
  10671.6859130    0.98756660319
  10674.4177020    0.98748862873
  10677.1616840    0.98716394529
  10679.9178570    0.98662449933
  10682.6862220    0.98646144754
  10685.4667800    0.98551974816
  10688.2595290    0.98497051511
  10691.0644700    0.98490878458
  10693.8816020    0.98608087685
  10696.7109270    0.98781717814
  10699.5524440    0.98923428513
  10702.4061530    0.99050567296
  10705.2720530    0.99151081356
  10708.1501460    0.99338606428
  10711.0404300    0.99558471057
  10713.9429060    0.99717239362
  10716.8575740    0.99760255786
  10719.7844350    0.99803193431
  10722.7234870    0.99807106645
  10725.6747300    0.99761960338
  10728.6381660    0.99815214051
  10731.6137940    0.99857978296
  10734.6016140    0.99882535170
  10737.6016250    0.99981379508
  10740.6138290    1.00031268648
  10743.6382240    1.00056777202
  10746.6748110    1.00100108324
  10749.7235900    1.00115945841
  10752.7845610    1.00144782946
  10755.8577240    1.00231611132
  10758.9430790    1.00277788737
  10762.0406260    1.00305811850
  10765.1503650    1.00372475581
  10768.2722950    1.00439627486
  10771.4064180    1.00505523952
  10774.5527320    1.00511801603
  10777.7112390    1.00511103484
  10780.8819370    1.00546656209
  10784.0648270    1.00587227724
  10787.2599090    1.00606712289
  10790.4671830    1.00651212442
  10793.6866490    1.00642100028
  10796.9183070    1.00675191243
  10800.1621570    1.00757859024
  10803.4181980    1.00805789754
  10806.6864320    1.00826774252
  10809.9668570    1.00846668565
  10813.2594740    1.00837062886
  10816.5642840    1.00817221365
  10819.8812850    1.00811081390
  10823.2104780    1.00841359437
  10826.5518630    1.00866009091
  10829.9054400    1.00860804987
  10833.2712090    1.00884070784
  10836.6491690    1.00949734346
  10840.0393220    1.00952520655
  10843.4416660    1.01003449633
  10846.8562030    1.01053534594
  10850.2829310    1.01039106818
  10853.7218510    1.01027627485
  10857.1729640    1.01014889822
  10860.6362680    1.00994281069
  10864.1117640    1.00978892870
  10867.5994510    1.00959845996
  10871.0993310    1.00972552565
  10874.6114030    1.01016294711
  10878.1356660    1.01000691342
  10881.6721220    1.00993693993
  10885.2207690    1.01004943931
  10888.7816090    1.01025703486
  10892.3546400    1.01028507901
  10895.9398630    1.00986555390
  10899.5372780    1.00964487001
  10903.1468850    1.00966715337
  10906.7686840    1.00980774135
  10910.4026750    1.01018156961
  10914.0488570    1.01092171686
  10917.7072320    1.01108328188
  10921.3777990    1.01051722078
  10925.0605570    1.00956728201
  10928.7555070    1.00860233181
  10932.4626500    1.00772340584
  10936.1819840    1.00730392573
  10939.9135100    1.00653331589
  10943.6572280    1.00572607914
  10947.4131380    1.00557337977
  10951.1812390    1.00575885631
  10954.9615330    1.00554347272
  10958.7540190    1.00479642790
  10962.5586960    1.00439028742
  10966.3755650    1.00384273614
  10970.2046270    1.00291141324
  10974.0458800    1.00188058764
  10977.8993250    1.00088492755
  10981.7649620    1.00084729280
  10985.6427910    1.00050668830
  10989.5328120    0.99963722582
  10993.4350250    0.99912798793
  10997.3494290    0.99908687684
  11001.2760260    0.99864600907
  11005.2148140    0.99796528995
  11009.1657950    0.99772497601
  11013.1289670    0.99809966102
  11017.1043310    0.99852146888
  11021.0918880    0.99878594272
  11025.0916360    0.99914028229
  11029.1035750    0.99892147136
  11033.1277070    0.99876316803
  11037.1640310    0.99848263404
  11041.2125470    0.99805165192
  11045.2732540    0.99735205331
  11049.3461540    0.99669012245
  11053.4312450    0.99623964963
  11057.5285290    0.99599658675
  11061.6380040    0.99599214233
  11065.7596710    0.99624778616
  11069.8935300    0.99663261573
  11074.0395810    0.99706423542
  11078.1978240    0.99741354917
  11082.3682580    0.99772098630
  11086.5508850    0.99771557324
  11090.7457040    0.99766623772
  11094.9527140    0.99741821146
  11099.1719160    0.99697718469
  11103.4033110    0.99710497341
  11107.6468970    0.99661217876
  11111.9026750    0.99625267094
  11116.1706450    0.99661749374
  11120.4508070    0.99648911391
  11124.7431610    0.99638716217
  11129.0477070    0.99625447780
  11133.3644440    0.99613438404
  11137.6933740    0.99588435998
  11142.0344950    0.99532566351
  11146.3878090    0.99540535732
  11150.7533140    0.99513080815
  11155.1310110    0.99478654783
  11159.5209000    0.99418564774
  11163.9229810    0.99519257430
  11168.3372540    0.99454033840
  11172.7637190    0.99308387623
  11177.2023760    0.99317954359
  11181.6532240    0.99251956963
  11186.1162650    0.99126608045
  11190.5914970    0.99059333290
  11195.0789220    0.99030295606
  11199.5785380    0.99020361504
  11204.0903460    0.99022853331
  11208.6143460    0.99044317001
  11213.1505380    0.99089072478
  11217.6989220    0.99158969668
  11222.2594980    0.99247634211
  11226.8322660    0.99370460026
  11231.4172260    0.99517946765
  11236.0143770    0.99670696211
  11240.6237210    0.99745495266
  11245.2452560    0.99767599244
  11249.8789830    0.99811304262
  11254.5249020    0.99854274958
  11259.1830130    0.99945816314
  11263.8533160    1.00090356457
  11268.5358110    1.00221325429
  11273.2304980    1.00346549083
  11277.9373770    1.00476546276
  11282.6564480    1.00596001236
  11287.3877100    1.00672133787
  11292.1311650    1.00719566552
  11296.8868110    1.00760463670
  11301.6546490    1.00797850869
  11306.4346790    1.00899978587
  11311.2269010    1.01070587045
  11316.0313150    1.01230562152
  11320.8479210    1.01597584723
  11325.6767190    1.01983887924
