#---------------------------------
#  energy flat
  8794.00000000    0.00410049206
  8799.00000000    0.00332168949
  8804.00000000    0.00236813825
  8809.00000000    0.00086619737
  8814.00000000   -0.00037686445
  8819.00000000   -0.00139327417
  8824.00000000   -0.00169473524
  8829.00000000   -0.00172391598
  8834.00000000   -0.00155611889
  8839.00000000   -0.00119325847
  8844.00000000   -0.00074690583
  8849.00000000   -0.00024652255
  8854.00000000    0.00046030453
  8859.00000000    0.00092665276
  8864.00000000    0.00116454076
  8869.00000000    0.00121087528
  8874.00000000    0.00108256749
  8879.00000000    0.00137959137
  8884.00000000    0.00220915733
  8889.00000000    0.00160361441
  8894.00000000    0.00159187664
  8899.00000000    0.00048995388
  8904.00000000   -0.00073885577
  8909.00000000   -0.00159615165
  8914.00000000   -0.00191962915
  8919.00000000   -0.00164504712
  8924.00000000   -0.00075272905
  8929.00000000    0.00060778359
  8934.00000000    0.00185204528
  8939.00000000    0.00265470228
  8944.00000000    0.00327601632
  8949.00000000    0.00361228687
  8953.00000000    0.00497993324
  8956.00000000    0.00636662560
  8958.00000000    0.00747849264
  8959.00000000    0.00845848153
  8959.20000000    0.00904615884
  8959.40000000    0.00902950141
  8959.60000000    0.00922864743
  8959.80000000    0.00940045906
  8960.00000000    0.00937242116
  8960.20000000    0.00938267269
  8960.40000000    0.00957501170
  8960.60000000    0.00982935830
  8960.80000000    0.01020101945
  8961.00000000    0.01033347805
  8961.20000000    0.01066738157
  8961.40000000    0.01099479716
  8961.60000000    0.01128764591
  8961.80000000    0.01150242678
  8962.00000000    0.01149332088
  8962.20000000    0.01182541628
  8962.40000000    0.01202988028
  8962.60000000    0.01233910839
  8962.80000000    0.01246167556
  8963.00000000    0.01261997953
  8963.20000000    0.01279242931
  8963.40000000    0.01307740746
  8963.60000000    0.01316572686
  8963.80000000    0.01323607152
  8964.00000000    0.01361943221
  8964.20000000    0.01366478237
  8964.40000000    0.01428085768
  8964.60000000    0.01471878080
  8964.80000000    0.01474530533
  8965.00000000    0.01494189872
  8965.20000000    0.01511690113
  8965.40000000    0.01510896518
  8965.60000000    0.01542861653
  8965.80000000    0.01536590543
  8966.00000000    0.01561514678
  8966.20000000    0.01599170046
  8966.40000000    0.01617499891
  8966.60000000    0.01647231476
  8966.80000000    0.01667720419
  8967.00000000    0.01681806520
  8967.20000000    0.01690553373
  8967.40000000    0.01733633077
  8967.60000000    0.01741284427
  8967.80000000    0.01769580158
  8968.00000000    0.01786303975
  8968.20000000    0.01811515281
  8968.40000000    0.01860189494
  8968.60000000    0.01904173253
  8968.80000000    0.01976831537
  8969.00000000    0.02013636029
  8969.20000000    0.02069074708
  8969.40000000    0.02092860796
  8969.60000000    0.02129622744
  8969.80000000    0.02168118353
  8970.00000000    0.02216430944
  8970.20000000    0.02287472563
  8970.40000000    0.02358950255
  8970.60000000    0.02414357026
  8970.80000000    0.02478974530
  8971.00000000    0.02520724740
  8971.20000000    0.02585778318
  8971.40000000    0.02633697379
  8971.60000000    0.02708536033
  8971.80000000    0.02790096607
  8972.00000000    0.02868774839
  8972.20000000    0.02969107867
  8972.40000000    0.03038022295
  8972.60000000    0.03100331798
  8972.80000000    0.03150016427
  8973.00000000    0.03228471304
  8973.20000000    0.03297938802
  8973.40000000    0.03381456391
  8973.60000000    0.03467569153
  8973.80000000    0.03569072135
  8974.00000000    0.03682253392
  8974.20000000    0.03800008108
  8974.40000000    0.03936524642
  8974.60000000    0.04064000617
  8974.80000000    0.04217555944
  8975.00000000    0.04385618709
  8975.20000000    0.04573677062
  8975.40000000    0.04776870373
  8975.60000000    0.04966960192
  8975.80000000    0.05196424302
  8976.00000000    0.05468262041
  8976.20000000    0.05745800651
  8976.40000000    0.06071009592
  8976.60000000    0.06430381209
  8976.80000000    0.06827808259
  8977.00000000    0.07274362767
  8977.20000000    0.07800910262
  8977.40000000    0.08377861531
  8977.60000000    0.09043729350
  8977.80000000    0.09797503305
  8978.00000000    0.10681918647
  8978.20000000    0.11750761380
  8978.40000000    0.13053371683
  8978.60000000    0.14616360704
  8978.80000000    0.16557213160
  8979.00000000    0.18927502776
  8979.20000000    0.21817028889
  8979.40000000    0.25339606810
  8979.60000000    0.29551139098
  8979.80000000    0.34438192548
  8980.00000000    0.40069868933
  8980.20000000    0.46285586664
  8980.40000000    0.52825427562
  8980.60000000    0.59252077885
  8980.80000000    0.65001172783
  8981.00000000    0.69750411019
  8981.20000000    0.73080714829
  8981.40000000    0.74595565310
  8981.60000000    0.74412223806
  8981.80000000    0.72684858414
  8982.00000000    0.69576028999
  8982.20000000    0.65750897286
  8982.40000000    0.61550271044
  8982.60000000    0.57484303652
  8982.80000000    0.53926540334
  8983.00000000    0.51014684734
  8983.20000000    0.48824560534
  8983.40000000    0.47474854295
  8983.60000000    0.46819098323
  8983.80000000    0.46713175464
  8984.00000000    0.47071274853
  8984.20000000    0.47842152461
  8984.40000000    0.48876171078
  8984.60000000    0.50095167085
  8984.80000000    0.51465966938
  8985.00000000    0.52825808660
  8985.20000000    0.54118640779
  8985.40000000    0.55283147018
  8985.60000000    0.56306160057
  8985.80000000    0.57316683334
  8986.00000000    0.58337307592
  8986.20000000    0.59301058234
  8986.40000000    0.60337534310
  8986.60000000    0.61421613688
  8986.80000000    0.62587618568
  8987.00000000    0.63921859680
  8987.20000000    0.65453160437
  8987.40000000    0.67188551186
  8987.60000000    0.69159992949
  8987.80000000    0.71317592462
  8988.00000000    0.73599948367
  8988.20000000    0.75940117973
  8988.40000000    0.78293834437
  8988.60000000    0.80748312545
  8988.80000000    0.83272367671
  8989.00000000    0.85823115650
  8989.20000000    0.88356481084
  8989.40000000    0.90790822399
  8989.60000000    0.93129755803
  8989.80000000    0.95338437907
  8990.00000000    0.97521271192
  8990.20000000    0.99634669515
  8990.40000000    1.01582207333
  8990.60000000    1.03618424209
  8990.80000000    1.05477038461
  8991.00000000    1.07043671054
  8991.20000000    1.08468118710
  8991.40000000    1.09552042200
  8991.60000000    1.10078000122
  8991.80000000    1.10459688418
  8992.00000000    1.10721739938
  8992.20000000    1.10704487767
  8992.40000000    1.10549666577
  8992.60000000    1.10327558716
  8992.80000000    1.09938377681
  8993.00000000    1.09493056424
  8993.20000000    1.09234200976
  8993.40000000    1.09306034819
  8993.60000000    1.09495541113
  8993.80000000    1.09720865561
  8994.00000000    1.09952865646
  8994.20000000    1.10313812244
  8994.40000000    1.10783624668
  8994.60000000    1.11422247123
  8994.80000000    1.12433570778
  8995.00000000    1.13639741243
  8995.20000000    1.15111530123
  8995.40000000    1.16777931797
  8995.60000000    1.18477322335
  8995.80000000    1.20240439622
  8996.00000000    1.21895321589
  8996.20000000    1.23243607732
  8996.40000000    1.24424501364
  8996.60000000    1.25353127584
  8996.80000000    1.26080390038
  8997.00000000    1.26507821076
  8997.20000000    1.26697598456
  8997.40000000    1.26646169753
  8997.60000000    1.26364851610
  8997.80000000    1.25811844721
  8998.00000000    1.24987063985
  8998.20000000    1.23904123406
  8998.40000000    1.22511608782
  8998.60000000    1.21005434320
  8998.80000000    1.19374730059
  8999.00000000    1.17659168088
  8999.20000000    1.15935986667
  8999.40000000    1.14339602932
  8999.60000000    1.12810710805
  8999.80000000    1.11499107010
  9000.00000000    1.10361694654
  9000.20000000    1.09268034423
  9000.40000000    1.08218296478
  9000.60000000    1.07316713123
  9000.80000000    1.06696233736
  9001.00000000    1.06139140381
  9001.20000000    1.05654324702
  9001.40000000    1.05318514435
  9001.60000000    1.05157788916
  9001.80000000    1.05101504147
  9002.00000000    1.04925858430
  9002.20000000    1.04678351909
  9002.40000000    1.04336500169
  9002.60000000    1.04093175532
  9002.80000000    1.03966310199
  9003.00000000    1.03839823387
  9003.20000000    1.03725861334
  9003.40000000    1.03436188969
  9003.60000000    1.03050682267
  9003.80000000    1.02690335795
  9004.00000000    1.02526856334
  9004.20000000    1.02151716988
  9004.40000000    1.01957682144
  9004.60000000    1.01620461640
  9004.80000000    1.01253115623
  9005.00000000    1.00985126147
  9005.20000000    1.00753315648
  9005.40000000    1.00493145163
  9005.60000000    1.00127121136
  9005.80000000    1.00028395262
  9006.00000000    0.99850512058
  9006.20000000    0.99628761593
  9006.40000000    0.99228365083
  9006.60000000    0.99000393987
  9006.80000000    0.98820748013
  9007.00000000    0.98702424281
  9007.20000000    0.98578905538
  9007.40000000    0.98328856840
  9007.60000000    0.98148107306
  9007.80000000    0.98005153232
  9008.00000000    0.98001950835
  9008.20000000    0.97871218647
  9008.40000000    0.97690556557
  9008.60000000    0.97592020517
  9008.80000000    0.97476823799
  9009.00000000    0.97372002979
  9009.22786000    0.97146326999
  9009.48358100    0.97068127234
  9009.76716200    0.96965642044
  9010.07860400    0.96996569519
  9010.41790500    0.97078938795
  9010.78506700    0.97231139918
  9011.18009000    0.97661437271
  9011.60297300    0.98435978783
  9012.05371600    0.99478774223
  9012.53231900    1.01040911019
  9013.03878300    1.03265267105
  9013.57310700    1.05268246077
  9014.13529200    1.06690412913
  9014.72533700    1.08749283791
  9015.34324200    1.10235251485
  9015.98900800    1.10775886370
  9016.66263400    1.10377570098
  9017.36412000    1.09701859502
  9018.09346700    1.08083370745
  9018.85067400    1.05811659418
  9019.63574100    1.02588645376
  9020.44866900    0.99503432299
  9021.28945700    0.97039322516
  9022.15810600    0.95238056522
  9023.05461400    0.93694283294
  9023.97898300    0.92451233546
  9024.93121300    0.91722165387
  9025.91130300    0.91289773219
  9026.91925300    0.91318157078
  9027.95506400    0.91714431561
  9029.01873400    0.92180587532
  9030.11026600    0.92746160152
  9031.23272300    0.93141040097
  9032.36737300    0.93902608260
  9033.51421400    0.94822413469
  9034.67324800    0.95765264181
  9035.84447300    0.97304621830
  9037.02789000    0.98960498830
  9038.22349900    1.00172776548
  9039.43130000    1.00956422223
  9040.65129300    1.02055114644
  9041.88347800    1.02715139581
  9043.12785500    1.03031659312
  9044.38442300    1.03378859852
  9045.65318400    1.03631632498
  9046.93413600    1.03930917009
  9048.22728000    1.04379150369
  9049.53261700    1.04638079537
  9050.85014500    1.04768768178
  9052.17986500    1.04880949435
  9053.52177700    1.04700909298
  9054.87588100    1.04351101615
  9056.24217700    1.03753960487
  9057.62066400    1.03063698800
  9059.01134400    1.02561649686
  9060.41421500    1.02186584277
  9061.82927900    1.01804118792
  9063.25653400    1.01431049563
  9064.69598100    1.01258538048
  9066.14762000    1.01212357569
  9067.61145200    1.01236979174
  9069.08747500    1.01160666003
  9070.57568900    1.01166687492
  9072.07609600    1.01268541553
  9073.58869500    1.01580449027
  9075.11348500    1.01931650982
  9076.65046800    1.01941689393
  9078.19964200    1.01786388406
  9079.76100900    1.01666416871
  9081.33456700    1.01432925653
  9082.92031700    1.01345655626
  9084.51825900    1.01565093033
  9086.12839300    1.01833007865
  9087.75071900    1.01796042033
  9089.38523700    1.01829251056
  9091.03194600    1.01701526374
  9092.69084800    1.01179737895
  9094.36194200    1.00629921605
  9096.04522700    1.00173656634
  9097.74070400    0.99684023227
  9099.44837400    0.99144438827
  9101.16823500    0.98715473662
  9102.90028800    0.98293393867
  9104.64453300    0.97866743089
  9106.40097000    0.97395985896
  9108.16959800    0.97151603559
  9109.95041900    0.97117586649
  9111.74343200    0.97192051420
  9113.54863600    0.97417145986
  9115.36603200    0.97750908807
  9117.19562100    0.98049124121
  9119.03740100    0.98368361975
  9120.89137300    0.98663703440
  9122.75753700    0.98920031490
  9124.63589300    0.99108231977
  9126.52644100    0.99357793843
  9128.42918100    0.99788973806
  9130.34411200    1.00119330160
  9132.27123600    1.00331893788
  9134.21055200    1.00696419840
  9136.16205900    1.01188940810
  9138.12575800    1.01375132345
  9140.10164900    1.01567951954
  9142.08973300    1.01802545688
  9144.09000800    1.01830590510
  9146.10247500    1.01692762677
  9148.12713300    1.01543649582
  9150.16398400    1.01343689192
  9152.21302700    1.01298542233
  9154.27426100    1.01338951101
  9156.34768800    1.01172834248
  9158.43330600    1.01105765908
  9160.53111700    1.01095927931
  9162.64111900    1.00984847470
  9164.76331300    1.00693671626
  9166.89769900    1.00352033310
  9169.04427700    0.99934620619
  9171.20304700    0.99741156039
  9173.37400800    0.99452647396
  9175.55716200    0.99349012133
  9177.75250800    0.99373603879
  9179.96004500    0.99295154923
  9182.17977500    0.99340572271
  9184.41169600    0.99452570683
  9186.65580900    0.99388351876
  9188.91211400    0.99498412054
  9191.18061100    0.99577433595
  9193.46130000    0.99615587356
  9195.75418100    0.99530804512
  9198.05925400    0.99541162479
  9200.37651800    0.99751678370
  9202.70597500    0.99892791573
  9205.04762300    0.99900024235
  9207.40146400    0.99852397791
  9209.76749600    0.99842675667
  9212.14572000    0.99774874902
  9214.53613600    0.99584473526
  9216.93874400    0.99319732885
  9219.35354400    0.99142973948
  9221.78053600    0.98978633683
  9224.21972000    0.98726430797
  9226.67109600    0.98503014535
  9229.13466300    0.98415589263
  9231.61042300    0.98404289025
  9234.09837400    0.98399484386
  9236.59851700    0.98540711725
  9239.11085200    0.98648152200
  9241.63538000    0.98771935744
  9244.17209900    0.98945430197
  9246.72100900    0.98958290572
  9249.28211200    0.98985511763
  9251.85540700    0.99225700620
  9254.44089400    0.99296549148
  9257.03857200    0.99427486553
  9259.64844300    0.99758726893
  9262.27050500    1.00038549741
  9264.90475900    1.00149863749
  9267.55120500    1.00104527684
  9270.20984400    1.00052879928
  9272.88067400    1.00131262103
  9275.56369600    1.00185334510
  9278.25890900    1.00168138014
  9280.96631500    1.00174213394
  9283.68591300    1.00050560469
  9286.41770200    0.99799229638
  9289.16168400    0.99414485025
  9291.91785700    0.99377653807
  9294.68622200    0.99402678532
  9297.46678000    0.99266487550
  9300.25952900    0.99248366621
  9303.06447000    0.99188527419
  9305.88160200    0.99270127236
  9308.71092700    0.99424250585
  9311.55244400    0.99448330783
  9314.40615300    0.99524588158
  9317.27205300    0.99661302567
  9320.15014600    0.99754714019
  9323.04043000    0.99690044027
  9325.94290600    0.99726898846
  9328.85757400    0.99832055620
  9331.78443500    0.99766081253
  9334.72348700    0.99635977062
  9337.67473000    0.99741084333
  9340.63816600    1.00079257137
  9343.61379400    1.00437226122
  9346.60161400    1.00556412401
  9349.60162500    1.00486275418
  9352.61382900    1.00414392385
  9355.63822400    1.00335213313
  9358.67481100    1.00231679422
  9361.72359000    1.00052462844
  9364.78456100    1.00029024173
  9367.85772400    0.99792700891
  9370.94307900    0.99375316389
  9374.04062600    0.99443021990
  9377.15036500    0.99747021773
  9380.27229500    0.99810102115
  9383.40641800    0.99753533721
  9386.55273200    0.99743003482
  9389.71123900    0.99906248441
  9392.88193700    1.00170816238
  9396.06482700    1.00243813185
  9399.25990900    1.00241553192
  9402.46718300    1.00187136567
  9405.68664900    1.00120744840
  9408.91830700    1.00226463840
  9412.16215700    1.00379787812
  9415.41819800    1.00394352371
  9418.68643200    1.00308274962
  9421.96685700    1.00307789826
  9425.25947400    1.00357562541
  9428.56428400    1.00350891390
  9431.88128500    1.00328765888
  9435.21047800    1.00410200387
  9438.55186300    1.00390621185
  9441.90544000    1.00392722773
  9445.27120900    1.00587189042
  9448.64916900    1.00758321216
  9452.03932200    1.00609650643
  9455.44166600    1.00608136616
  9458.85620300    1.00607043457
  9462.28293100    1.00425920198
  9465.72185100    1.00329706542
  9469.17296400    1.00256393123
  9472.63626800    1.00314273981
  9476.11176400    1.00643827152
  9479.59945100    1.00409044436
  9483.09933100    1.00150826226
  9486.61140300    1.00317540744
  9490.13566600    1.00384983723
  9493.67212200    1.00389592822
  9497.22076900    1.00303948266
  9500.78160900    1.00396224170
  9504.35464000    1.00357573875
  9507.93986300    1.00412926296
  9511.53727800    1.00499784791
  9515.14688500    1.00457376776
  9518.76868400    1.00349752654
  9522.40267500    0.99988784707
  9526.04885700    0.99727034874
  9529.70723200    0.99390244985
  9533.37779900    0.99171672327
  9537.06055700    0.99091633968
  9540.75550700    0.99095016831
  9544.46265000    0.99103245308
  9548.18198400    0.99367778229
  9551.91351000    0.99912145909
  9555.65722800    1.00105385362
  9559.41313800    0.99983365635
  9563.18123900    1.00023476000
  9566.96153300    1.00497087342
  9570.75401900    1.00603765471
  9574.55869600    1.00425499040
  9578.37556500    1.00577967655
  9582.20462700    1.00707320717
  9586.04588000    1.00628501255
  9589.89932500    1.00757617615
  9593.76496200    1.00760306219
  9597.64279100    1.00589374806
  9601.53281200    1.00572123613
  9605.43502500    1.00521264971
  9609.34942900    1.00243938844
  9613.27602600    1.00143643192
  9617.21481400    1.00309733946
  9621.16579500    1.00027191418
  9625.12896700    1.00031294415
  9629.10433100    1.00369580177
  9633.09188800    1.00707032893
  9637.09163600    1.00722890310
  9641.10357500    1.00704171500
  9645.12770700    1.00618647404
  9649.16403100    1.00665656339
  9653.21254700    1.00499636370
  9657.27325400    1.00354622236
  9661.34615400    1.00527954361
  9665.43124500    1.00383351108
  9669.52852900    1.00199137923
  9673.63800400    1.00221968179
  9677.75967100    1.00340362104
  9681.89353000    1.00173411334
  9686.03958100    1.00132459410
  9690.19782400    1.00300731985
  9694.36825800    1.00228212081
  9698.55088500    0.99988916762
  9702.74570400    0.99893855176
  9706.95271400    1.00007368821
  9711.17191600    0.99863449123
  9715.40331100    0.99812142875
  9719.64689700    1.00187906516
  9723.90267500    1.00048074928
  9728.17064500    0.99968458121
  9732.45080700    0.99806366563
  9736.74316100    0.99403434881
  9741.04770700    0.99078342946
  9745.36444400    0.98727993148
  9749.69337400    0.98440629730
  9754.03449500    0.98221219833
  9758.38780900    0.98357158636
  9762.75331400    0.98485944623
  9767.13101100    0.98534247751
  9771.52090000    0.99083063687
  9775.92298100    0.99599103894
  9780.33725400    0.99740762826
  9784.76371900    0.99822441059
  9789.20237600    0.99636549912
  9793.65322400    0.99771029484
  9798.11626500    0.99678816478
  9802.59149700    0.99509356292
  9807.07892200    0.99308118645
  9811.57853800    0.98966312304
  9816.09034600    0.98835344009
  9820.61434600    0.99451731004
  9825.15053800    0.99998248951
  9829.69892200    1.00198960645
  9834.25949800    1.00263441127
  9838.83226600    1.00379974656
  9843.41722600    1.00390775353
  9848.01437700    1.00477644646
  9852.62372100    1.00348703218
  9857.24525600    1.00626383947
  9861.87898300    1.00841532836
  9866.52490200    1.00842588228
  9871.18301300    1.00480501245
  9875.85331600    1.00195095819
  9880.53581100    0.99808632807
  9885.23049800    0.99318784004
  9889.93737700    0.99287269850
  9894.65644800    0.99701174537
  9899.38771000    0.99821362680
  9904.13116500    0.99975061832
  9908.88681100    1.00396460035
  9913.65464900    1.00591525618
  9918.43467900    1.00695027677
  9923.22690100    1.00891089355
  9928.03131500    1.01039185285
  9932.84792100    1.01023894267
  9937.67671900    1.00775107629
