#---------------------------------
#  energy flat
  10182.0000000    0.00152230678
  10187.0000000    0.00112119844
  10192.0000000    0.00094835475
  10197.0000000    0.00112779427
  10202.0000000    0.00092206168
  10207.0000000    0.00078895874
  10212.0000000    0.00067964153
  10217.0000000    0.00036897767
  10222.0000000    0.00032866843
  10227.0000000    0.00019262898
  10232.0000000    0.00016347847
  10237.0000000    0.00035133599
  10242.0000000    0.00012485206
  10247.0000000    0.00035998738
  10252.0000000    0.00002632087
  10257.0000000   -0.00019477946
  10262.0000000   -0.00030086651
  10267.0000000   -0.00067515473
  10272.0000000   -0.00045646387
  10277.0000000   -0.00041758525
  10282.0000000   -0.00060041307
  10287.0000000   -0.00065961386
  10292.0000000   -0.00061456857
  10297.0000000   -0.00051147829
  10302.0000000   -0.00033526892
  10307.0000000    0.00026497237
  10312.0000000    0.00085562106
  10317.0000000    0.00172934924
  10322.0000000    0.00329452744
  10327.0000000    0.00523900475
  10332.0000000    0.00682131259
  10337.0000000    0.00841908605
  10341.0000000    0.01046800143
  10344.0000000    0.01284061425
  10346.0000000    0.01431337901
  10347.0000000    0.01571116114
  10347.2000000    0.01702640478
  10347.4000000    0.01751286764
  10347.6000000    0.01773249970
  10347.8000000    0.01761345437
  10348.0000000    0.01792979547
  10348.2000000    0.01835234032
  10348.4000000    0.01862482954
  10348.6000000    0.01924049881
  10348.8000000    0.01951935047
  10349.0000000    0.02002578160
  10349.2000000    0.02005600882
  10349.4000000    0.02027466204
  10349.6000000    0.02035872527
  10349.8000000    0.02051473296
  10350.0000000    0.02094951326
  10350.2000000    0.02149284652
  10350.4000000    0.02199438346
  10350.6000000    0.02234038330
  10350.8000000    0.02281040172
  10351.0000000    0.02314328515
  10351.2000000    0.02339561035
  10351.4000000    0.02380425572
  10351.6000000    0.02408437987
  10351.8000000    0.02450085593
  10352.0000000    0.02513805959
  10352.2000000    0.02556266000
  10352.4000000    0.02637331347
  10352.6000000    0.02658256987
  10352.8000000    0.02704651949
  10353.0000000    0.02718011184
  10353.2000000    0.02751035241
  10353.4000000    0.02804487614
  10353.6000000    0.02898091856
  10353.8000000    0.02934766973
  10354.0000000    0.02989188394
  10354.2000000    0.03043580450
  10354.4000000    0.03080040223
  10354.6000000    0.03128833335
  10354.8000000    0.03200873811
  10355.0000000    0.03259719572
  10355.2000000    0.03315501576
  10355.4000000    0.03373544691
  10355.6000000    0.03438782255
  10355.8000000    0.03510020085
  10356.0000000    0.03594149190
  10356.2000000    0.03668949985
  10356.4000000    0.03764002904
  10356.6000000    0.03865760853
  10356.8000000    0.03932310057
  10357.0000000    0.04008265879
  10357.2000000    0.04081803974
  10357.4000000    0.04155146303
  10357.6000000    0.04240567472
  10357.8000000    0.04354952411
  10358.0000000    0.04496607731
  10358.2000000    0.04597856685
  10358.4000000    0.04689043201
  10358.6000000    0.04801294276
  10358.8000000    0.04880108300
  10359.0000000    0.05013022611
  10359.2000000    0.05138272633
  10359.4000000    0.05284548061
  10359.6000000    0.05422209729
  10359.8000000    0.05553244674
  10360.0000000    0.05673394959
  10360.2000000    0.05795346302
  10360.4000000    0.05950049512
  10360.6000000    0.06097068855
  10360.8000000    0.06274764931
  10361.0000000    0.06439980844
  10361.2000000    0.06635227456
  10361.4000000    0.06837795765
  10361.6000000    0.06987780983
  10361.8000000    0.07200490037
  10362.0000000    0.07416116023
  10362.2000000    0.07649674292
  10362.4000000    0.07874413245
  10362.6000000    0.08094346112
  10362.8000000    0.08326455703
  10363.0000000    0.08625977757
  10363.2000000    0.08935532883
  10363.4000000    0.09239332452
  10363.6000000    0.09559498165
  10363.8000000    0.09858423128
  10364.0000000    0.10216978804
  10364.2000000    0.10571227600
  10364.4000000    0.10937535661
  10364.6000000    0.11359363321
  10364.8000000    0.11787925376
  10365.0000000    0.12245832946
  10365.2000000    0.12765299537
  10365.4000000    0.13316108469
  10365.6000000    0.13914449696
  10365.8000000    0.14566421369
  10366.0000000    0.15282203387
  10366.2000000    0.16026498908
  10366.4000000    0.16866896587
  10366.6000000    0.17769078418
  10366.8000000    0.18787829876
  10367.0000000    0.19914067357
  10367.2000000    0.21152332664
  10367.4000000    0.22564909155
  10367.6000000    0.24111410042
  10367.8000000    0.25854392757
  10368.0000000    0.27823369219
  10368.2000000    0.29997558730
  10368.4000000    0.32378047799
  10368.6000000    0.35052706568
  10368.8000000    0.37962344803
  10369.0000000    0.41104133664
  10369.2000000    0.44543018946
  10369.4000000    0.48240307248
  10369.6000000    0.52199062327
  10369.8000000    0.56431411965
  10370.0000000    0.60984262004
  10370.2000000    0.65845073548
  10370.4000000    0.71095324939
  10370.6000000    0.76724934161
  10370.8000000    0.82813177176
  10371.0000000    0.89555565262
  10371.2000000    0.96178846136
  10371.4000000    1.00841280373
  10371.6000000    1.06361016219
  10371.8000000    1.12593420792
  10372.0000000    1.18444663970
  10372.2000000    1.23849437758
  10372.4000000    1.28801967005
  10372.6000000    1.33015648387
  10372.8000000    1.36547900413
  10373.0000000    1.39650342743
  10373.2000000    1.42291828782
  10373.4000000    1.44508614596
  10373.6000000    1.46390870573
  10373.8000000    1.48003865497
  10374.0000000    1.49346170237
  10374.2000000    1.50457623406
  10374.4000000    1.51336110705
  10374.6000000    1.52093806744
  10374.8000000    1.52772214163
  10375.0000000    1.53389735060
  10375.2000000    1.53999853031
  10375.4000000    1.54538121465
  10375.6000000    1.55095337196
  10375.8000000    1.55617253081
  10376.0000000    1.56050170137
  10376.2000000    1.56392698384
  10376.4000000    1.56607974824
  10376.6000000    1.56639657600
  10376.8000000    1.56480894837
  10377.0000000    1.56064949448
  10377.2000000    1.55379820861
  10377.4000000    1.54498588982
  10377.6000000    1.53435838448
  10377.8000000    1.52174263403
  10378.0000000    1.50767425747
  10378.2000000    1.49171708508
  10378.4000000    1.47509427053
  10378.6000000    1.45736024727
  10378.8000000    1.43922584599
  10379.0000000    1.42086490777
  10379.2000000    1.40283850142
  10379.4000000    1.38525801821
  10379.6000000    1.36836483893
  10379.8000000    1.35240797933
  10380.0000000    1.33727154493
  10380.2000000    1.32271337133
  10380.4000000    1.30915709861
  10380.6000000    1.29676795419
  10380.8000000    1.28516791114
  10381.0000000    1.27412009079
  10381.2000000    1.26399645074
  10381.4000000    1.25451038742
  10381.6000000    1.24530110145
  10381.8000000    1.23661917471
  10382.0000000    1.22792389776
  10382.2000000    1.21952771487
  10382.4000000    1.21119805426
  10382.6000000    1.20278613254
  10382.8000000    1.19437945746
  10383.0000000    1.18607943613
  10383.2000000    1.17809221132
  10383.4000000    1.17045908963
  10383.6000000    1.16255753086
  10383.8000000    1.15469665132
  10384.0000000    1.14736860961
  10384.2000000    1.14024823609
  10384.4000000    1.13327993257
  10384.6000000    1.12643609561
  10384.8000000    1.12013273042
  10385.0000000    1.11391467780
  10385.2000000    1.10794266248
  10385.4000000    1.10209902805
  10385.6000000    1.09674613943
  10385.8000000    1.09210090657
  10386.0000000    1.08748832358
  10386.2000000    1.08290310459
  10386.4000000    1.07888693729
  10386.6000000    1.07511073668
  10386.8000000    1.07154846545
  10387.0000000    1.06819131384
  10387.2000000    1.06521880012
  10387.4000000    1.06257395582
  10387.6000000    1.06043512466
  10387.8000000    1.05884028520
  10388.0000000    1.05719822003
  10388.2000000    1.05584858515
  10388.4000000    1.05464220563
  10388.6000000    1.05334181120
  10388.8000000    1.05237769819
  10389.0000000    1.05133092427
  10389.2000000    1.05071537831
  10389.4000000    1.04967829790
  10389.6000000    1.04867679924
  10389.8000000    1.04812395108
  10390.0000000    1.04742246722
  10390.2000000    1.04661717811
  10390.4000000    1.04557691934
  10390.6000000    1.04496671223
  10390.8000000    1.04408512223
  10391.0000000    1.04341236634
  10391.2000000    1.04312835437
  10391.4000000    1.04298328702
  10391.6000000    1.04258190990
  10391.8000000    1.04230205364
  10392.0000000    1.04215115713
  10392.2000000    1.04185123054
  10392.4000000    1.04178910977
  10392.6000000    1.04166350876
  10392.8000000    1.04144799863
  10393.0000000    1.04160811373
  10393.2000000    1.04163231394
  10393.4000000    1.04204231873
  10393.6000000    1.04228254038
  10393.8000000    1.04286608468
  10394.0000000    1.04356351205
  10394.2000000    1.04371195426
  10394.4000000    1.04404123156
  10394.6000000    1.04383796758
  10394.8000000    1.04398448528
  10395.0000000    1.04395084240
  10395.2000000    1.04382278472
  10395.4000000    1.04353472995
  10395.6000000    1.04294239737
  10395.8000000    1.04217636346
  10396.0000000    1.04090538979
  10396.2000000    1.03938240742
  10396.4000000    1.03754868586
  10396.6000000    1.03501464803
  10396.8000000    1.03152677501
  10397.0000000    1.02783054840
  10397.2278600    1.02392660214
  10397.4835810    1.01969743689
  10397.7671620    1.01310744822
  10398.0786040    1.00560805396
  10398.4179050    0.99768223541
  10398.7850670    0.98819966742
  10399.1800900    0.97804664597
  10399.6029730    0.96808207965
  10400.0537160    0.95720976621
  10400.5323190    0.94276797045
  10401.0387830    0.93023106179
  10401.5731070    0.92051968831
  10402.1352920    0.91169043702
  10402.7253370    0.90473153104
  10403.3432420    0.89920289097
  10403.9890080    0.89575840040
  10404.6626340    0.89470937043
  10405.3641200    0.89505803153
  10406.0934670    0.89687179840
  10406.8506740    0.90011689387
  10407.6357410    0.90458649663
  10408.4486690    0.90990113258
  10409.2894570    0.91667819337
  10410.1581060    0.92482229374
  10411.0546140    0.93123989241
  10411.9789830    0.94184118459
  10412.9312130    0.95492749612
  10413.9113030    0.96929056543
  10414.9192530    0.98467905339
  10415.9550640    1.00061258457
  10417.0187340    1.01610415570
  10418.1102660    1.02974997923
  10419.2327230    1.04135409787
  10420.3673730    1.05117338449
  10421.5142140    1.05927291419
  10422.6732480    1.06564395190
  10423.8444730    1.07005537800
  10425.0278900    1.07313294177
  10426.2234990    1.07524202411
  10427.4313000    1.07662447698
  10428.6512930    1.07756815805
  10429.8834780    1.07846174522
  10431.1278550    1.07958037145
  10432.3844230    1.08039456791
  10433.6531840    1.08064541140
  10434.9341360    1.08027875732
  10436.2272800    1.07916293256
  10437.5326170    1.07730623736
  10438.8501450    1.07457524057
  10440.1798650    1.07097902485
  10441.5217770    1.06662357868
  10442.8758810    1.06221550393
  10444.2421770    1.05759160802
  10445.6206640    1.05302878375
  10447.0113440    1.04829159609
  10448.4142150    1.04349053563
  10449.8292790    1.03825939310
  10451.2565340    1.03334157278
  10452.6959810    1.02847697056
  10454.1476200    1.02335223416
  10455.6114520    1.01836895059
  10457.0874750    1.01395787921
  10458.5756890    1.01026649994
  10460.0760960    1.00719855842
  10461.5886950    1.00472260174
  10463.1134850    1.00261062509
  10464.6504680    1.00096409457
  10466.1996420    0.99920477549
  10467.7610090    0.99785698783
  10469.3345670    0.99601869434
  10470.9203170    0.99421166739
  10472.5182590    0.99288837709
  10474.1283930    0.99281275722
  10475.7507190    0.99161391789
  10477.3852370    0.98988782025
  10479.0319460    0.98889192188
  10480.6908480    0.98792482707
  10482.3619420    0.98702337961
  10484.0452270    0.98626455313
  10485.7407040    0.98564505176
  10487.4483740    0.98533620133
  10489.1682350    0.98565772005
  10490.9002880    0.98580346233
  10492.6445330    0.98662679997
  10494.4009700    0.98806647709
  10496.1695980    0.99003852712
  10497.9504190    0.99228865937
  10499.7434320    0.99530023442
  10501.5486360    0.99851062516
  10503.3660320    1.00180100339
  10505.1956210    1.00516373336
  10507.0374010    1.00799291432
  10508.8913730    1.01024586143
  10510.7575370    1.01181861185
  10512.6358930    1.01332742735
  10514.5264410    1.01428013138
  10516.4291810    1.01440341156
  10518.3441120    1.01425067796
  10520.2712360    1.01445461945
  10522.2105520    1.01331927208
  10524.1620590    1.01132990710
  10526.1257580    1.00978735598
  10528.1016490    1.00821448877
  10530.0897330    1.00609658294
  10532.0900080    1.00386290447
  10534.1024750    1.00233444241
  10536.1271330    1.00058593916
  10538.1639840    0.99859305101
  10540.2130270    0.99696297767
  10542.2742610    0.99533543248
  10544.3476880    0.99382231205
  10546.4333060    0.99232153823
  10548.5311170    0.99125626836
  10550.6411190    0.99063854708
  10552.7633130    0.99029991417
  10554.8976990    0.98991861970
  10557.0442770    0.98977489313
  10559.2030470    0.99008553020
  10561.3740080    0.99009435930
  10563.5571620    0.99026718044
  10565.7525080    0.99058311358
  10567.9600450    0.99074524156
  10570.1797750    0.99059700479
  10572.4116960    0.99033441835
  10574.6558090    0.99006382839
  10576.9121140    0.98948379300
  10579.1806110    0.98901368022
  10581.4613000    0.98843739189
  10583.7541810    0.98786301514
  10586.0592540    0.98671148823
  10588.3765180    0.98573320033
  10590.7059750    0.98500254837
  10593.0476230    0.98439111164
  10595.4014640    0.98369959310
  10597.7674960    0.98341446576
  10600.1457200    0.98335541129
  10602.5361360    0.98343901110
  10604.9387440    0.98316955513
  10607.3535440    0.98324198383
  10609.7805360    0.98343719465
  10612.2197200    0.98407698398
  10614.6710960    0.98514270305
  10617.1346630    0.98601116853
  10619.6104230    0.98698751765
  10622.0983740    0.98796185762
  10624.5985170    0.98879668465
  10627.1108520    0.98942555303
  10629.6353800    0.99001653974
  10632.1720990    0.99083912501
  10634.7210090    0.99132528935
  10637.2821120    0.99177738758
  10639.8554070    0.99213892864
  10642.4408940    0.99235830914
  10645.0385720    0.99257910024
  10647.6484430    0.99255998680
  10650.2705050    0.99233803101
  10652.9047590    0.99249549929
  10655.5512050    0.99256729751
  10658.2098440    0.99231130406
  10660.8806740    0.99206231901
  10663.5636960    0.99196132524
  10666.2589090    0.99159410467
  10668.9663150    0.99112355360
  10671.6859130    0.99088425191
  10674.4177020    0.99078400083
  10677.1616840    0.99046180560
  10679.9178570    0.98984659897
  10682.6862220    0.98955581988
  10685.4667800    0.98945300152
  10688.2595290    0.98986446665
  10691.0644700    0.99043839284
  10693.8816020    0.99087757213
  10696.7109270    0.99180978947
  10699.5524440    0.99294487310
  10702.4061530    0.99370153891
  10705.2720530    0.99444072588
  10708.1501460    0.99492118553
  10711.0404300    0.99557236467
  10713.9429060    0.99620351240
  10716.8575740    0.99646980410
  10719.7844350    0.99661703901
  10722.7234870    0.99694582752
  10725.6747300    0.99742788467
  10728.6381660    0.99755489810
  10731.6137940    0.99790545159
  10734.6016140    0.99836060459
  10737.6016250    0.99865615269
  10740.6138290    0.99876613406
  10743.6382240    0.99876579534
  10746.6748110    0.99904928217
  10749.7235900    0.99935589427
  10752.7845610    0.99965045071
  10755.8577240    1.00046823178
  10758.9430790    1.00107398385
  10762.0406260    1.00180075095
  10765.1503650    1.00252426049
  10768.2722950    1.00298026254
  10771.4064180    1.00369383548
  10774.5527320    1.00437820864
  10777.7112390    1.00516946298
  10780.8819370    1.00573990498
  10784.0648270    1.00632055588
  10787.2599090    1.00694412153
  10790.4671830    1.00741817216
  10793.6866490    1.00762721122
  10796.9183070    1.00796023134
  10800.1621570    1.00805858680
  10803.4181980    1.00802838109
  10806.6864320    1.00812958666
  10809.9668570    1.00800922775
  10813.2594740    1.00808564784
  10816.5642840    1.00844869082
  10819.8812850    1.00881173898
  10823.2104780    1.00890246241
  10826.5518630    1.00930285815
  10829.9054400    1.00949059844
  10833.2712090    1.01003534359
  10836.6491690    1.01013559919
  10840.0393220    1.00979917011
  10843.4416660    1.00976231211
  10846.8562030    1.00972116661
  10850.2829310    1.00916083908
  10853.7218510    1.00853137010
  10857.1729640    1.00836169412
  10860.6362680    1.00846600050
  10864.1117640    1.00837559358
  10867.5994510    1.00838429249
  10871.0993310    1.00829434376
  10874.6114030    1.00841425033
  10878.1356660    1.00840041502
  10881.6721220    1.00827473802
  10885.2207690    1.00835923392
  10888.7816090    1.00831050402
  10892.3546400    1.00787403170
  10895.9398630    1.00751376674
  10899.5372780    1.00682602117
  10903.1468850    1.00624930022
  10906.7686840    1.00620214378
  10910.4026750    1.00602226342
  10914.0488570    1.00598764484
  10917.7072320    1.00629581520
  10921.3777990    1.00664784126
  10925.0605570    1.00666413769
  10928.7555070    1.00675230262
  10932.4626500    1.00646110768
  10936.1819840    1.00591234175
  10939.9135100    1.00556941122
  10943.6572280    1.00500107197
  10947.4131380    1.00413982118
  10951.1812390    1.00372961792
  10954.9615330    1.00314679585
  10958.7540190    1.00295894071
  10962.5586960    1.00292140681
  10966.3755650    1.00272495133
  10970.2046270    1.00262786840
  10974.0458800    1.00255311249
  10977.8993250    1.00215857564
  10981.7649620    1.00162270420
  10985.6427910    1.00131345624
  10989.5328120    1.00075758713
  10993.4350250    1.00036653415
  10997.3494290    0.99983660728
  11001.2760260    0.99928619932
  11005.2148140    0.99891241465
  11009.1657950    0.99898029753
  11013.1289670    0.99896361482
  11017.1043310    0.99928483169
  11021.0918880    0.99952227677
  11025.0916360    1.00006790238
  11029.1035750    1.00077355043
  11033.1277070    1.00112890566
  11037.1640310    1.00133175876
  11041.2125470    1.00126355417
  11045.2732540    1.00113346608
  11049.3461540    1.00085644360
  11053.4312450    1.00004577677
  11057.5285290    0.99920394367
  11061.6380040    0.99851375385
  11065.7596710    0.99778431183
  11069.8935300    0.99643359712
  11074.0395810    0.99566931155
  11078.1978240    0.99525617462
  11082.3682580    0.99501765548
  11086.5508850    0.99474376413
  11090.7457040    0.99469613577
  11094.9527140    0.99462762685
  11099.1719160    0.99461843584
  11103.4033110    0.99482141200
  11107.6468970    0.99452159238
  11111.9026750    0.99421955294
  11116.1706450    0.99417137987
  11120.4508070    0.99409169040
  11124.7431610    0.99386446428
  11129.0477070    0.99378579572
  11133.3644440    0.99382448182
  11137.6933740    0.99379644851
  11142.0344950    0.99372829654
  11146.3878090    0.99438762928
  11150.7533140    0.99454270926
  11155.1310110    0.99449546519
  11159.5209000    0.99431391315
  11163.9229810    0.99597052220
  11168.3372540    0.99591323838
  11172.7637190    0.99539749493
  11177.2023760    0.99696181471
  11181.6532240    0.99688098289
  11186.1162650    0.99655226095
  11190.5914970    0.99620304085
  11195.0789220    0.99604175547
  11199.5785380    0.99609089581
  11204.0903460    0.99599339244
  11208.6143460    0.99567803207
  11213.1505380    0.99567464319
  11217.6989220    0.99548727027
  11222.2594980    0.99514151917
  11226.8322660    0.99526854202
  11231.4172260    0.99536290476
  11236.0143770    0.99574476443
  11240.6237210    0.99636764342
  11245.2452560    0.99689419832
  11249.8789830    0.99704468039
  11254.5249020    0.99746086059
  11259.1830130    0.99853318798
  11263.8533160    0.99954959399
  11268.5358110    1.00033249955
  11273.2304980    1.00160470445
  11277.9373770    1.00290818674
  11282.6564480    1.00354124100
  11287.3877100    1.00441396244
  11292.1311650    1.00517007388
  11296.8868110    1.00621351510
  11301.6546490    1.00710764892
  11306.4346790    1.00855838801
  11311.2269010    1.01047883917
  11316.0313150    1.01127494982
  11320.8479210    1.01329664842
  11325.6767190    1.01558780016
