#---------------------------------
#  energy flat
  8794.00000000    0.01174655015
  8799.00000000    0.00928068879
  8804.00000000    0.00721204286
  8809.00000000    0.00347839862
  8814.00000000    0.00063337708
  8819.00000000   -0.00211897537
  8824.00000000   -0.00314998844
  8829.00000000   -0.00381206539
  8834.00000000   -0.00360379242
  8839.00000000   -0.00210337288
  8844.00000000   -0.00075914210
  8849.00000000    0.00031665285
  8854.00000000    0.00187189073
  8859.00000000    0.00234511901
  8864.00000000    0.00237022911
  8869.00000000    0.00225089723
  8874.00000000    0.00212808483
  8879.00000000    0.00308380150
  8884.00000000    0.00477826057
  8889.00000000    0.00437831100
  8894.00000000    0.00439580744
  8899.00000000    0.00262822731
  8904.00000000   -0.00039517137
  8909.00000000   -0.00270375631
  8914.00000000   -0.00447068384
  8919.00000000   -0.00523652407
  8924.00000000   -0.00431278476
  8929.00000000   -0.00314258045
  8934.00000000   -0.00111529575
  8939.00000000   -0.00051937881
  8944.00000000    0.00098952452
  8949.00000000    0.00133353814
  8953.00000000    0.00257816351
  8956.00000000    0.00367402099
  8958.00000000    0.00492500432
  8959.00000000    0.00631740891
  8959.20000000    0.00711309651
  8959.40000000    0.00810282364
  8959.60000000    0.00758700421
  8959.80000000    0.00799069718
  8960.00000000    0.00787383345
  8960.20000000    0.00886508331
  8960.40000000    0.00929857831
  8960.60000000    0.00977623252
  8960.80000000    0.00968547277
  8961.00000000    0.00995386015
  8961.20000000    0.01025879309
  8961.40000000    0.01028028041
  8961.60000000    0.01034266395
  8961.80000000    0.01037415780
  8962.00000000    0.01059838596
  8962.20000000    0.01092202675
  8962.40000000    0.01091893283
  8962.60000000    0.01080163404
  8962.80000000    0.01150726294
  8963.00000000    0.01140736679
  8963.20000000    0.01193287829
  8963.40000000    0.01235701937
  8963.60000000    0.01235175012
  8963.80000000    0.01298407036
  8964.00000000    0.01308778519
  8964.20000000    0.01328395159
  8964.40000000    0.01328477327
  8964.60000000    0.01392166171
  8964.80000000    0.01348154380
  8965.00000000    0.01341188476
  8965.20000000    0.01386408760
  8965.40000000    0.01472655787
  8965.60000000    0.01547177779
  8965.80000000    0.01614608193
  8966.00000000    0.01669312920
  8966.20000000    0.01716752042
  8966.40000000    0.01716181611
  8966.60000000    0.01755071682
  8966.80000000    0.01752826246
  8967.00000000    0.01809793318
  8967.20000000    0.01879290296
  8967.40000000    0.01863731834
  8967.60000000    0.01924266448
  8967.80000000    0.01922129778
  8968.00000000    0.01995259559
  8968.20000000    0.02067192908
  8968.40000000    0.02055550041
  8968.60000000    0.02102858644
  8968.80000000    0.02128131144
  8969.00000000    0.02127103892
  8969.20000000    0.02125663328
  8969.40000000    0.02184240145
  8969.60000000    0.02190282719
  8969.80000000    0.02262411848
  8970.00000000    0.02309502917
  8970.20000000    0.02349415394
  8970.40000000    0.02434553002
  8970.60000000    0.02447904688
  8970.80000000    0.02557754055
  8971.00000000    0.02628752011
  8971.20000000    0.02749216993
  8971.40000000    0.02867202098
  8971.60000000    0.02933827639
  8971.80000000    0.03016463616
  8972.00000000    0.03124028885
  8972.20000000    0.03204576545
  8972.40000000    0.03277771585
  8972.60000000    0.03371936816
  8972.80000000    0.03557030880
  8973.00000000    0.03614824578
  8973.20000000    0.03766766598
  8973.40000000    0.03901414738
  8973.60000000    0.04023554725
  8973.80000000    0.04177954869
  8974.00000000    0.04342296277
  8974.20000000    0.04549709236
  8974.40000000    0.04777439787
  8974.60000000    0.05007650215
  8974.80000000    0.05212191738
  8975.00000000    0.05460566179
  8975.20000000    0.05725516642
  8975.40000000    0.06079198854
  8975.60000000    0.06486872780
  8975.80000000    0.06913602606
  8976.00000000    0.07349512328
  8976.20000000    0.07926601027
  8976.40000000    0.08619939413
  8976.60000000    0.09392873158
  8976.80000000    0.10387951698
  8977.00000000    0.11542743036
  8977.20000000    0.12935319799
  8977.40000000    0.14552194936
  8977.60000000    0.16603353142
  8977.80000000    0.19039457912
  8978.00000000    0.21996532689
  8978.20000000    0.25296069815
  8978.40000000    0.29072852798
  8978.60000000    0.33021095365
  8978.80000000    0.37035716317
  8979.00000000    0.40953460464
  8979.20000000    0.44604238668
  8979.40000000    0.47831514103
  8979.60000000    0.50641029631
  8979.80000000    0.52877096805
  8980.00000000    0.54719833017
  8980.20000000    0.56093841283
  8980.40000000    0.57082415016
  8980.60000000    0.57785293127
  8980.80000000    0.58137737757
  8981.00000000    0.58287693150
  8981.20000000    0.58244817766
  8981.40000000    0.58003695020
  8981.60000000    0.57743767947
  8981.80000000    0.57305932835
  8982.00000000    0.56956210891
  8982.20000000    0.56536999378
  8982.40000000    0.56258282978
  8982.60000000    0.56072313170
  8982.80000000    0.56105976993
  8983.00000000    0.56205826593
  8983.20000000    0.56556765087
  8983.40000000    0.56994641993
  8983.60000000    0.57610038080
  8983.80000000    0.58280221163
  8984.00000000    0.59034775735
  8984.20000000    0.59878161209
  8984.40000000    0.60673462248
  8984.60000000    0.61479325761
  8984.80000000    0.62287550740
  8985.00000000    0.62953869224
  8985.20000000    0.63692355522
  8985.40000000    0.64365724486
  8985.60000000    0.65079153356
  8985.80000000    0.65748435061
  8986.00000000    0.66553665236
  8986.20000000    0.67386316612
  8986.40000000    0.68190831225
  8986.60000000    0.69068927536
  8986.80000000    0.70000657752
  8987.00000000    0.71017585914
  8987.20000000    0.72166307598
  8987.40000000    0.73325308806
  8987.60000000    0.74645318210
  8987.80000000    0.75910738747
  8988.00000000    0.77309736534
  8988.20000000    0.78621885274
  8988.40000000    0.79956321310
  8988.60000000    0.81386353284
  8988.80000000    0.82832625112
  8989.00000000    0.84364725619
  8989.20000000    0.85872844089
  8989.40000000    0.87417519970
  8989.60000000    0.89006258143
  8989.80000000    0.90498140658
  8990.00000000    0.92156904628
  8990.20000000    0.93526339636
  8990.40000000    0.94904988092
  8990.60000000    0.96259349883
  8990.80000000    0.97574371714
  8991.00000000    0.98818250231
  8991.20000000    1.00025138122
  8991.40000000    1.01136562477
  8991.60000000    1.02065945114
  8991.80000000    1.02993033620
  8992.00000000    1.03867838878
  8992.20000000    1.04645026980
  8992.40000000    1.05363536336
  8992.60000000    1.05749492772
  8992.80000000    1.06128217021
  8993.00000000    1.06250698936
  8993.20000000    1.06267819462
  8993.40000000    1.06238094988
  8993.60000000    1.06260677089
  8993.80000000    1.06292951020
  8994.00000000    1.06118362577
  8994.20000000    1.05804368759
  8994.40000000    1.05298109013
  8994.60000000    1.04773609805
  8994.80000000    1.04239267900
  8995.00000000    1.03738502892
  8995.20000000    1.03378776121
  8995.40000000    1.02915536871
  8995.60000000    1.02354941315
  8995.80000000    1.01811933931
  8996.00000000    1.01312857965
  8996.20000000    1.00968503012
  8996.40000000    1.00846478346
  8996.60000000    1.00501058645
  8996.80000000    1.00257716915
  8997.00000000    0.99866203072
  8997.20000000    0.99431629098
  8997.40000000    0.99085363216
  8997.60000000    0.98798299488
  8997.80000000    0.98804916825
  8998.00000000    0.98781917531
  8998.20000000    0.98765890662
  8998.40000000    0.98864667362
  8998.60000000    0.99134501678
  8998.80000000    0.99433039941
  8999.00000000    0.99768613660
  8999.20000000    1.00203176247
  8999.40000000    1.00637315069
  8999.60000000    1.01040444960
  8999.80000000    1.01595337216
  9000.00000000    1.02115130898
  9000.20000000    1.02662257993
  9000.40000000    1.03266955590
  9000.60000000    1.03876297876
  9000.80000000    1.04483889369
  9001.00000000    1.05096212542
  9001.20000000    1.05661929575
  9001.40000000    1.06299291447
  9001.60000000    1.06876125039
  9001.80000000    1.07311551534
  9002.00000000    1.07614837835
  9002.20000000    1.07784961521
  9002.40000000    1.07733886941
  9002.60000000    1.07583628396
  9002.80000000    1.07312541331
  9003.00000000    1.07091302202
  9003.20000000    1.06838749401
  9003.40000000    1.06500869448
  9003.60000000    1.05958040886
  9003.80000000    1.05566408884
  9004.00000000    1.05016141047
  9004.20000000    1.04453180316
  9004.40000000    1.04016834873
  9004.60000000    1.03559160450
  9004.80000000    1.03130733482
  9005.00000000    1.02676083016
  9005.20000000    1.02092250632
  9005.40000000    1.01635860107
  9005.60000000    1.01187746803
  9005.80000000    1.00825113203
  9006.00000000    1.00656551819
  9006.20000000    1.00459265242
  9006.40000000    1.00275280857
  9006.60000000    0.99964681366
  9006.80000000    0.99657225251
  9007.00000000    0.99143036569
  9007.20000000    0.98778369260
  9007.40000000    0.98356871417
  9007.60000000    0.97952134479
  9007.80000000    0.97696570827
  9008.00000000    0.97401296465
  9008.20000000    0.97106163444
  9008.40000000    0.96829183496
  9008.60000000    0.96588411856
  9008.80000000    0.96401707979
  9009.00000000    0.96124347088
  9009.22786000    0.95836149256
  9009.48358100    0.95464898343
  9009.76716200    0.95220541521
  9010.07860400    0.94995775782
  9010.41790500    0.95055411617
  9010.78506700    0.95127126360
  9011.18009000    0.95129962322
  9011.60297300    0.95122901700
  9012.05371600    0.95206715125
  9012.53231900    0.95283109269
  9013.03878300    0.95424641600
  9013.57310700    0.95709591795
  9014.13529200    0.96073864150
  9014.72533700    0.96577183866
  9015.34324200    0.97217279489
  9015.98900800    0.97843652783
  9016.66263400    0.98628690920
  9017.36412000    0.99508344603
  9018.09346700    1.00405621555
  9018.85067400    1.01265044527
  9019.63574100    1.02245102039
  9020.44866900    1.03183834821
  9021.28945700    1.03989417237
  9022.15810600    1.04875831605
  9023.05461400    1.05611466653
  9023.97898300    1.06225467415
  9024.93121300    1.06280567133
  9025.91130300    1.06011176637
  9026.91925300    1.05338742007
  9027.95506400    1.04363369357
  9029.01873400    1.03081728935
  9030.11026600    1.01778786643
  9031.23272300    1.00404899936
  9032.36737300    0.99267117407
  9033.51421400    0.98381697322
  9034.67324800    0.97938162020
  9035.84447300    0.97612569737
  9037.02789000    0.97515239231
  9038.22349900    0.97652291147
  9039.43130000    0.97977311863
  9040.65129300    0.98356743972
  9041.88347800    0.98542716392
  9043.12785500    0.98536107103
  9044.38442300    0.98614605167
  9045.65318400    0.98746784316
  9046.93413600    0.99006026697
  9048.22728000    0.99471064969
  9049.53261700    0.99905687329
  9050.85014500    1.00161261499
  9052.17986500    1.00376385093
  9053.52177700    1.00604382945
  9054.87588100    1.00938671173
  9056.24217700    1.01431856629
  9057.62066400    1.01918991497
  9059.01134400    1.02534931254
  9060.41421500    1.03083251149
  9061.82927900    1.03713163698
  9063.25653400    1.04386042502
  9064.69598100    1.04724887605
  9066.14762000    1.05146042411
  9067.61145200    1.05652667628
  9069.08747500    1.05926367196
  9070.57568900    1.06033647522
  9072.07609600    1.05835162850
  9073.58869500    1.05331724642
  9075.11348500    1.04565083983
  9076.65046800    1.03683190765
  9078.19964200    1.02728862013
  9079.76100900    1.01775281275
  9081.33456700    1.00849428934
  9082.92031700    1.00014699558
  9084.51825900    0.99230267731
  9086.12839300    0.98653306538
  9087.75071900    0.98127023417
  9089.38523700    0.97642439410
  9091.03194600    0.97024293373
  9092.69084800    0.96297736534
  9094.36194200    0.95601799282
  9096.04522700    0.94891870425
  9097.74070400    0.94496994735
  9099.44837400    0.94859747355
  9101.16823500    0.95393946492
  9102.90028800    0.95731769193
  9104.64453300    0.96544722202
  9106.40097000    0.97353975348
  9108.16959800    0.98109021196
  9109.95041900    0.98783780391
  9111.74343200    0.99267444985
  9113.54863600    0.99448576013
  9115.36603200    0.99656325378
  9117.19562100    0.99984887315
  9119.03740100    1.00422017645
  9120.89137300    1.01123972427
  9122.75753700    1.02078006306
  9124.63589300    1.03232696354
  9126.52644100    1.04268553417
  9128.42918100    1.05146662329
  9130.34411200    1.05784666605
  9132.27123600    1.05930097964
  9134.21055200    1.05723201132
  9136.16205900    1.05221579800
  9138.12575800    1.04554470627
  9140.10164900    1.03682065328
  9142.08973300    1.02539582366
  9144.09000800    1.01287169919
  9146.10247500    0.99896830859
  9148.12713300    0.98391231770
  9150.16398400    0.96939285798
  9152.21302700    0.95532878140
  9154.27426100    0.94357693999
  9156.34768800    0.93526979114
  9158.43330600    0.93268924424
  9160.53111700    0.93389270420
  9162.64111900    0.93957343141
  9164.76331300    0.95023585813
  9166.89769900    0.96132176883
  9169.04427700    0.97149047751
  9171.20304700    0.98080155624
  9173.37400800    0.98807159281
  9175.55716200    0.99206669785
  9177.75250800    0.99451491707
  9179.96004500    0.99557522738
  9182.17977500    0.99608790986
  9184.41169600    0.99583430111
  9186.65580900    0.99535122069
  9188.91211400    0.99483526604
  9191.18061100    0.99526006021
  9193.46130000    0.99653548674
  9195.75418100    0.99905826556
  9198.05925400    1.00340001059
  9200.37651800    1.00914734544
  9202.70597500    1.01524820696
  9205.04762300    1.02129574164
  9207.40146400    1.02660986243
  9209.76749600    1.02999928605
  9212.14572000    1.03102320863
  9214.53613600    1.03009138029
  9216.93874400    1.02670469507
  9219.35354400    1.02150391765
  9221.78053600    1.01567277251
  9224.21972000    1.00827272844
  9226.67109600    1.00010595123
  9229.13466300    0.99285126454
  9231.61042300    0.98562842295
  9234.09837400    0.97965638178
  9236.59851700    0.97524958399
  9239.11085200    0.97341161683
  9241.63538000    0.97281149725
  9244.17209900    0.97397336846
  9246.72100900    0.97505069055
  9249.28211200    0.97708880112
  9251.85540700    0.97924311427
  9254.44089400    0.98113499483
  9257.03857200    0.98330336168
  9259.64844300    0.98621925360
  9262.27050500    0.98888841281
  9264.90475900    0.99211470030
  9267.55120500    0.99557950578
  9270.20984400    0.99913737011
  9272.88067400    1.00201938845
  9275.56369600    1.00433417465
  9278.25890900    1.00692647636
  9280.96631500    1.01003672457
  9283.68591300    1.01261842856
  9286.41770200    1.01539842464
  9289.16168400    1.01792233467
  9291.91785700    1.01921022703
  9294.68622200    1.01987885334
  9297.46678000    1.01984276561
  9300.25952900    1.01898476021
  9303.06447000    1.01761355368
  9305.88160200    1.01472222431
  9308.71092700    1.01134038563
  9311.55244400    1.00883657195
  9314.40615300    1.00712445130
  9317.27205300    1.00510094174
  9320.15014600    1.00166164655
  9323.04043000    1.00014376642
  9325.94290600    0.99968479861
  9328.85757400    0.99847510107
  9331.78443500    0.99699565041
  9334.72348700    0.99473852227
  9337.67473000    0.99248619148
  9340.63816600    0.99102286611
  9343.61379400    0.99032745125
  9346.60161400    0.98937863016
  9349.60162500    0.99019880914
  9352.61382900    0.99135465446
  9355.63822400    0.99219726381
  9358.67481100    0.99320367694
  9361.72359000    0.99468778392
  9364.78456100    0.99669112123
  9367.85772400    0.99843251310
  9370.94307900    1.00054213636
  9374.04062600    1.00183376454
  9377.15036500    1.00358929961
  9380.27229500    1.00500276135
  9383.40641800    1.00656378769
  9386.55273200    1.00752600107
  9389.71123900    1.00812800261
  9392.88193700    1.00840479008
  9396.06482700    1.00860366479
  9399.25990900    1.00842505061
  9402.46718300    1.00789131875
  9405.68664900    1.00677511092
  9408.91830700    1.00593412243
  9412.16215700    1.00522060920
  9415.41819800    1.00392907332
  9418.68643200    1.00271141497
  9421.96685700    1.00228480254
  9425.25947400    1.00199463239
  9428.56428400    1.00263811568
  9431.88128500    1.00306859393
  9435.21047800    1.00176437353
  9438.55186300    1.00090269504
  9441.90544000    1.00022268728
  9445.27120900    0.99952177725
  9448.64916900    0.99868484191
  9452.03932200    0.99813840785
  9455.44166600    0.99740581336
  9458.85620300    0.99696013610
  9462.28293100    0.99740715829
  9465.72185100    0.99761456511
  9469.17296400    0.99851617093
  9472.63626800    0.99917370749
  9476.11176400    0.99961735653
  9479.59945100    0.99968631071
  9483.09933100    0.99978708182
  9486.61140300    1.00058722896
  9490.13566600    1.00128987881
  9493.67212200    1.00278577285
  9497.22076900    1.00420407999
  9500.78160900    1.00511816249
  9504.35464000    1.00566741436
  9507.93986300    1.00669428999
  9511.53727800    1.00742671661
  9515.14688500    1.00613069115
  9518.76868400    1.00557253643
  9522.40267500    1.00490230633
  9526.04885700    1.00306209705
  9529.70723200    1.00054718509
  9533.37779900    0.99935600975
  9537.06055700    0.99874696529
  9540.75550700    0.99794146217
  9544.46265000    0.99748003353
  9548.18198400    0.99782926095
  9551.91351000    0.99837414620
  9555.65722800    0.99886993719
  9559.41313800    0.99835228498
  9563.18123900    0.99851379495
  9566.96153300    0.99909275037
  9570.75401900    0.99832733682
  9574.55869600    0.99686557459
  9578.37556500    0.99588234723
  9582.20462700    0.99527779764
  9586.04588000    0.99448264359
  9589.89932500    0.99470745448
  9593.76496200    0.99499139078
  9597.64279100    0.99487568327
  9601.53281200    0.99451849071
  9605.43502500    0.99479235476
  9609.34942900    0.99451848708
  9613.27602600    0.99435015976
  9617.21481400    0.99450298354
  9621.16579500    0.99481797158
  9625.12896700    0.99504478873
  9629.10433100    0.99531465027
  9633.09188800    0.99572527677
  9637.09163600    0.99688908564
  9641.10357500    0.99780309405
  9645.12770700    0.99830530275
  9649.16403100    0.99894157926
  9653.21254700    1.00051491893
  9657.27325400    1.00240696505
  9661.34615400    1.00368350153
  9665.43124500    1.00363960978
  9669.52852900    1.00422079079
  9673.63800400    1.00519070668
  9677.75967100    1.00352076418
  9681.89353000    1.00249693105
  9686.03958100    1.00140126887
  9690.19782400    1.00030288203
  9694.36825800    0.99973814705
  9698.55088500    0.99990843987
  9702.74570400    1.00036603459
  9706.95271400    1.00156162600
  9711.17191600    1.00257501902
  9715.40331100    1.00344491384
  9719.64689700    1.00390852773
  9723.90267500    1.00404547661
  9728.17064500    1.00511224336
  9732.45080700    1.00396071107
  9736.74316100    1.00321740694
  9741.04770700    1.00284930938
  9745.36444400    1.00186931050
  9749.69337400    1.00144257782
  9754.03449500    1.00095836134
  9758.38780900    1.00074913527
  9762.75331400    1.00041039490
  9767.13101100    0.99934925581
  9771.52090000    0.99820495642
  9775.92298100    0.99783732654
  9780.33725400    0.99870681836
  9784.76371900    0.99945532080
  9789.20237600    0.99900926969
  9793.65322400    0.99838082497
  9798.11626500    0.99865176289
  9802.59149700    0.99845489797
  9807.07892200    0.99728230387
  9811.57853800    0.99656386549
  9816.09034600    0.99634509397
  9820.61434600    0.99702522780
  9825.15053800    0.99858194221
  9829.69892200    0.99890983184
  9834.25949800    0.99942667389
  9838.83226600    1.00099337771
  9843.41722600    0.99965033642
  9848.01437700    0.99839423685
  9852.62372100    0.99867380950
  9857.24525600    0.99738789237
  9861.87898300    0.99750972731
  9866.52490200    0.99834932060
  9871.18301300    0.99969091975
  9875.85331600    1.00086023200
  9880.53581100    1.00111859455
  9885.23049800    1.00121485602
  9889.93737700    1.00080804476
  9894.65644800    1.00131879291
  9899.38771000    1.00059455805
  9904.13116500    1.00030138656
  9908.88681100    1.00005445630
  9913.65464900    0.99951899129
  9918.43467900    1.00011616819
  9923.22690100    1.00102224513
  9928.03131500    1.00247811054
  9932.84792100    1.00435617556
  9937.67671900    1.00453192161
