#---------------------------------
#  energy flat
  8794.00000000    0.00331593071
  8799.00000000    0.00272306796
  8804.00000000    0.00195335702
  8809.00000000    0.00056065277
  8814.00000000   -0.00085430547
  8819.00000000   -0.00207016153
  8824.00000000   -0.00259993186
  8829.00000000   -0.00260128834
  8834.00000000   -0.00222811492
  8839.00000000   -0.00159144481
  8844.00000000   -0.00085723594
  8849.00000000    0.00001783594
  8854.00000000    0.00061047157
  8859.00000000    0.00104685578
  8864.00000000    0.00140558778
  8869.00000000    0.00153432244
  8874.00000000    0.00148407821
  8879.00000000    0.00172869933
  8884.00000000    0.00239590949
  8889.00000000    0.00238034835
  8894.00000000    0.00252660210
  8899.00000000    0.00127996925
  8904.00000000   -0.00014220970
  8909.00000000   -0.00168702232
  8914.00000000   -0.00267797106
  8919.00000000   -0.00266938426
  8924.00000000   -0.00195600891
  8929.00000000   -0.00102553880
  8934.00000000    0.00033083477
  8939.00000000    0.00160434774
  8944.00000000    0.00247953800
  8949.00000000    0.00337461479
  8953.00000000    0.00452522087
  8956.00000000    0.00566572883
  8958.00000000    0.00681661707
  8959.00000000    0.00758086498
  8959.20000000    0.00813142175
  8959.40000000    0.00871749020
  8959.60000000    0.00922614318
  8959.80000000    0.00921170906
  8960.00000000    0.00942810088
  8960.20000000    0.00951582203
  8960.40000000    0.00956223126
  8960.60000000    0.00955028295
  8960.80000000    0.00964806575
  8961.00000000    0.00958036410
  8961.20000000    0.00972478558
  8961.40000000    0.00993229948
  8961.60000000    0.00999859525
  8961.80000000    0.01042711019
  8962.00000000    0.01061923570
  8962.20000000    0.01092772115
  8962.40000000    0.01133741491
  8962.60000000    0.01157594234
  8962.80000000    0.01200398380
  8963.00000000    0.01223138425
  8963.20000000    0.01217492796
  8963.40000000    0.01227827426
  8963.60000000    0.01216949743
  8963.80000000    0.01255090021
  8964.00000000    0.01305481829
  8964.20000000    0.01295361729
  8964.40000000    0.01335052684
  8964.60000000    0.01344712591
  8964.80000000    0.01349744143
  8965.00000000    0.01361807007
  8965.20000000    0.01392288599
  8965.40000000    0.01425232333
  8965.60000000    0.01450268800
  8965.80000000    0.01494943228
  8966.00000000    0.01565008509
  8966.20000000    0.01569045734
  8966.40000000    0.01614797349
  8966.60000000    0.01639999537
  8966.80000000    0.01687443876
  8967.00000000    0.01743766136
  8967.20000000    0.01763973013
  8967.40000000    0.01762932067
  8967.60000000    0.01776865214
  8967.80000000    0.01783222534
  8968.00000000    0.01795131515
  8968.20000000    0.01809834082
  8968.40000000    0.01854508510
  8968.60000000    0.01910073187
  8968.80000000    0.01945786833
  8969.00000000    0.01973439327
  8969.20000000    0.02051210644
  8969.40000000    0.02097151655
  8969.60000000    0.02132522022
  8969.80000000    0.02183706925
  8970.00000000    0.02200871635
  8970.20000000    0.02228488617
  8970.40000000    0.02265385986
  8970.60000000    0.02313907513
  8970.80000000    0.02350970603
  8971.00000000    0.02411199148
  8971.20000000    0.02485940135
  8971.40000000    0.02564859663
  8971.60000000    0.02659712100
  8971.80000000    0.02734145319
  8972.00000000    0.02778097676
  8972.20000000    0.02870689202
  8972.40000000    0.02960865934
  8972.60000000    0.03071509233
  8972.80000000    0.03179429970
  8973.00000000    0.03282710513
  8973.20000000    0.03371679848
  8973.40000000    0.03467479263
  8973.60000000    0.03549547494
  8973.80000000    0.03649904242
  8974.00000000    0.03782730506
  8974.20000000    0.03934330614
  8974.40000000    0.04128165951
  8974.60000000    0.04291769008
  8974.80000000    0.04471956021
  8975.00000000    0.04678989867
  8975.20000000    0.04880720635
  8975.40000000    0.05091412185
  8975.60000000    0.05335780648
  8975.80000000    0.05606711851
  8976.00000000    0.05918990490
  8976.20000000    0.06333104802
  8976.40000000    0.06743904690
  8976.60000000    0.07230628558
  8976.80000000    0.07823319291
  8977.00000000    0.08512850385
  8977.20000000    0.09311579908
  8977.40000000    0.10232031645
  8977.60000000    0.11377911551
  8977.80000000    0.12704368370
  8978.00000000    0.14301246660
  8978.20000000    0.16159550130
  8978.40000000    0.18291246217
  8978.60000000    0.20696133687
  8978.80000000    0.23405320776
  8979.00000000    0.26441333729
  8979.20000000    0.29795862811
  8979.40000000    0.33448619014
  8979.60000000    0.37422590235
  8979.80000000    0.41743628979
  8980.00000000    0.46382213199
  8980.20000000    0.51167563778
  8980.40000000    0.55943016021
  8980.60000000    0.60483331133
  8980.80000000    0.64463766588
  8981.00000000    0.67746702758
  8981.20000000    0.69868854196
  8981.40000000    0.70863803099
  8981.60000000    0.70633454344
  8981.80000000    0.69323985844
  8982.00000000    0.67130711839
  8982.20000000    0.64423178732
  8982.40000000    0.61594003683
  8982.60000000    0.58824059517
  8982.80000000    0.56450908447
  8983.00000000    0.54425106351
  8983.20000000    0.52979396795
  8983.40000000    0.52178553066
  8983.60000000    0.51840838191
  8983.80000000    0.51998141642
  8984.00000000    0.52462133107
  8984.20000000    0.53240814532
  8984.40000000    0.54197288363
  8984.60000000    0.55318853235
  8984.80000000    0.56430661435
  8985.00000000    0.57554647332
  8985.20000000    0.58634856329
  8985.40000000    0.59599578488
  8985.60000000    0.60569139209
  8985.80000000    0.61399941066
  8986.00000000    0.62301491134
  8986.20000000    0.63122414931
  8986.40000000    0.63996840066
  8986.60000000    0.64960408416
  8986.80000000    0.66026259287
  8987.00000000    0.67189361841
  8987.20000000    0.68514311814
  8987.40000000    0.70092421561
  8987.60000000    0.71748949911
  8987.80000000    0.73548113808
  8988.00000000    0.75431946327
  8988.20000000    0.77389841297
  8988.40000000    0.79428901036
  8988.60000000    0.81520230856
  8988.80000000    0.83581124026
  8989.00000000    0.85620493962
  8989.20000000    0.87730505305
  8989.40000000    0.89802705355
  8989.60000000    0.91906957414
  8989.80000000    0.93937460319
  8990.00000000    0.95981691174
  8990.20000000    0.97936689747
  8990.40000000    0.99739481973
  8990.60000000    1.01439097630
  8990.80000000    1.02936269709
  8991.00000000    1.04300577417
  8991.20000000    1.05430173231
  8991.40000000    1.06327471926
  8991.60000000    1.06997184703
  8991.80000000    1.07445537926
  8992.00000000    1.07654278572
  8992.20000000    1.07773479004
  8992.40000000    1.07795800118
  8992.60000000    1.07699177308
  8992.80000000    1.07473477889
  8993.00000000    1.07223579683
  8993.20000000    1.06990794599
  8993.40000000    1.06730875064
  8993.60000000    1.06614419187
  8993.80000000    1.06688917910
  8994.00000000    1.06816467514
  8994.20000000    1.07103318937
  8994.40000000    1.07421890522
  8994.60000000    1.08053221712
  8994.80000000    1.08820606358
  8995.00000000    1.09574114111
  8995.20000000    1.10193810160
  8995.40000000    1.11144092619
  8995.60000000    1.12082179020
  8995.80000000    1.13035318647
  8996.00000000    1.13935589468
  8996.20000000    1.14789975431
  8996.40000000    1.15470894876
  8996.60000000    1.16064096667
  8996.80000000    1.16563330729
  8997.00000000    1.16915660963
  8997.20000000    1.17095211171
  8997.40000000    1.17051104932
  8997.60000000    1.16815752559
  8997.80000000    1.16376938014
  8998.00000000    1.15755542152
  8998.20000000    1.15007626067
  8998.40000000    1.14094126893
  8998.60000000    1.13116489653
  8998.80000000    1.12097560180
  8999.00000000    1.11050525134
  8999.20000000    1.10069443106
  8999.40000000    1.09055520578
  8999.60000000    1.07899192150
  8999.80000000    1.07161471386
  9000.00000000    1.06470172150
  9000.20000000    1.05924608766
  9000.40000000    1.05549663074
  9000.60000000    1.05103192719
  9000.80000000    1.04840787109
  9001.00000000    1.04602951423
  9001.20000000    1.04522167894
  9001.40000000    1.04530348774
  9001.60000000    1.04526664537
  9001.80000000    1.04625368092
  9002.00000000    1.04586708205
  9002.20000000    1.04546670937
  9002.40000000    1.04540554882
  9002.60000000    1.04445797366
  9002.80000000    1.04278662726
  9003.00000000    1.04189625784
  9003.20000000    1.03990403578
  9003.40000000    1.03788975284
  9003.60000000    1.03535340433
  9003.80000000    1.03256487890
  9004.00000000    1.03004146324
  9004.20000000    1.02723911820
  9004.40000000    1.02423833673
  9004.60000000    1.02155522182
  9004.80000000    1.01821580622
  9005.00000000    1.01584557787
  9005.20000000    1.01273926553
  9005.40000000    1.00997334660
  9005.60000000    1.00636859622
  9005.80000000    1.00306233511
  9006.00000000    0.99996602062
  9006.20000000    0.99722169934
  9006.40000000    0.99514471485
  9006.60000000    0.99275896916
  9006.80000000    0.99080286840
  9007.00000000    0.98828895082
  9007.20000000    0.98576054507
  9007.40000000    0.98297640824
  9007.60000000    0.97985107536
  9007.80000000    0.97714236565
  9008.00000000    0.97520705297
  9008.20000000    0.97360929042
  9008.40000000    0.97178515230
  9008.60000000    0.97023937784
  9008.80000000    0.96906690145
  9009.00000000    0.96730748705
  9009.22786000    0.96585682704
  9009.48358100    0.96439990162
  9009.76716200    0.96234755589
  9010.07860400    0.96144494260
  9010.41790500    0.96177836258
  9010.78506700    0.96268647913
  9011.18009000    0.96646064854
  9011.60297300    0.97096701036
  9012.05371600    0.97808192832
  9012.53231900    0.98880463777
  9013.03878300    1.00494452183
  9013.57310700    1.02460308462
  9014.13529200    1.04399569195
  9014.72533700    1.05493616875
  9015.34324200    1.06711990075
  9015.98900800    1.07643794242
  9016.66263400    1.07848472094
  9017.36412000    1.07497380713
  9018.09346700    1.06718743005
  9018.85067400    1.05459436860
  9019.63574100    1.03475287959
  9020.44866900    1.01701181549
  9021.28945700    1.00128600744
  9022.15810600    0.98852060272
  9023.05461400    0.97963708854
  9023.97898300    0.97208272494
  9024.93121300    0.96709814181
  9025.91130300    0.96326723108
  9026.91925300    0.96083749369
  9027.95506400    0.95983957733
  9029.01873400    0.95765875908
  9030.11026600    0.95606032296
  9031.23272300    0.95424347992
  9032.36737300    0.95570892207
  9033.51421400    0.95812889186
  9034.67324800    0.96179401829
  9035.84447300    0.96939339791
  9037.02789000    0.98142102536
  9038.22349900    0.99225578548
  9039.43130000    0.99897758158
  9040.65129300    1.00363061353
  9041.88347800    1.00919682621
  9043.12785500    1.01359656557
  9044.38442300    1.01629280689
  9045.65318400    1.01848504035
  9046.93413600    1.02079534396
  9048.22728000    1.02428613403
  9049.53261700    1.02825939391
  9050.85014500    1.03206446147
  9052.17986500    1.03455610850
  9053.52177700    1.03589735872
  9054.87588100    1.03629053477
  9056.24217700    1.03558710317
  9057.62066400    1.03408455846
  9059.01134400    1.03209743404
  9060.41421500    1.02982994743
  9061.82927900    1.02771476592
  9063.25653400    1.02623901498
  9064.69598100    1.02463269959
  9066.14762000    1.02459814918
  9067.61145200    1.02564188432
  9069.08747500    1.02702871420
  9070.57568900    1.02858926237
  9072.07609600    1.02985158784
  9073.58869500    1.03105564506
  9075.11348500    1.03058175866
  9076.65046800    1.02838057282
  9078.19964200    1.02597945683
  9079.76100900    1.02182856506
  9081.33456700    1.01724811237
  9082.92031700    1.01274485208
  9084.51825900    1.00951186034
  9086.12839300    1.00680185325
  9087.75071900    1.00505434578
  9089.38523700    1.00492665615
  9091.03194600    1.00361252985
  9092.69084800    1.00177259226
  9094.36194200    0.99856154046
  9096.04522700    0.99415349162
  9097.74070400    0.98962905226
  9099.44837400    0.98526839356
  9101.16823500    0.98118620581
  9102.90028800    0.97889278088
  9104.64453300    0.97772249113
  9106.40097000    0.97639748534
  9108.16959800    0.97541739011
  9109.95041900    0.97503324260
  9111.74343200    0.97609481008
  9113.54863600    0.97795018681
  9115.36603200    0.97971024300
  9117.19562100    0.98163926602
  9119.03740100    0.98509625300
  9120.89137300    0.98944751427
  9122.75753700    0.99605819377
  9124.63589300    1.00333223189
  9126.52644100    1.00986793382
  9128.42918100    1.01620017250
  9130.34411200    1.02169951026
  9132.27123600    1.02496873884
  9134.21055200    1.02671460146
  9136.16205900    1.02772456835
  9138.12575800    1.02668641597
  9140.10164900    1.02443211517
  9142.08973300    1.02088263908
  9144.09000800    1.01630839808
  9146.10247500    1.01152738456
  9148.12713300    1.00587107231
  9150.16398400    1.00020881951
  9152.21302700    0.99492134576
  9154.27426100    0.99030508643
  9156.34768800    0.98647464884
  9158.43330600    0.98406595550
  9160.53111700    0.98242679176
  9162.64111900    0.98186968065
  9164.76331300    0.98209965032
  9166.89769900    0.98206698564
  9169.04427700    0.98215877101
  9171.20304700    0.98368326046
  9173.37400800    0.98536771722
  9175.55716200    0.98696710424
  9177.75250800    0.98927616819
  9179.96004500    0.99144640830
  9182.17977500    0.99247448443
  9184.41169600    0.99298728260
  9186.65580900    0.99387233617
  9188.91211400    0.99415802156
  9191.18061100    0.99481141291
  9193.46130000    0.99630880927
  9195.75418100    0.99779221378
  9198.05925400    0.99909515687
  9200.37651800    1.00102915874
  9202.70597500    1.00357807209
  9205.04762300    1.00570064859
  9207.40146400    1.00711676344
  9209.76749600    1.00758464733
  9212.14572000    1.00785471886
  9214.53613600    1.00710659432
  9216.93874400    1.00426017761
  9219.35354400    1.00070035327
  9221.78053600    0.99723576578
  9224.21972000    0.99336491156
  9226.67109600    0.98901266024
  9229.13466300    0.98525422112
  9231.61042300    0.98292734017
  9234.09837400    0.98136951575
  9236.59851700    0.98059532710
  9239.11085200    0.98028293734
  9241.63538000    0.98079493270
  9244.17209900    0.98242358738
  9246.72100900    0.98442848882
  9249.28211200    0.98603654691
  9251.85540700    0.98762643476
  9254.44089400    0.98995750547
  9257.03857200    0.99214255156
  9259.64844300    0.99432277556
  9262.27050500    0.99662683505
  9264.90475900    0.99900084923
  9267.55120500    1.00117739160
  9270.20984400    1.00279314890
  9272.88067400    1.00343982746
  9275.56369600    1.00327044665
  9278.25890900    1.00332037235
  9280.96631500    1.00341780170
  9283.68591300    1.00301592956
  9286.41770200    1.00163541946
  9289.16168400    0.99987790247
  9291.91785700    0.99946078944
  9294.68622200    0.99880694586
  9297.46678000    0.99773389605
  9300.25952900    0.99807835985
  9303.06447000    0.99827289919
  9305.88160200    0.99746575448
  9308.71092700    0.99874458780
  9311.55244400    1.00028887431
  9314.40615300    1.00077595831
  9317.27205300    1.00044143514
  9320.15014600    1.00085281732
  9323.04043000    1.00161855916
  9325.94290600    1.00153033871
  9328.85757400    1.00083226040
  9331.78443500    1.00016686525
  9334.72348700    0.99939401862
  9337.67473000    0.99873556228
  9340.63816600    0.99765977435
  9343.61379400    0.99669034202
  9346.60161400    0.99687604778
  9349.60162500    0.99753601730
  9352.61382900    0.99799221008
  9355.63822400    0.99848350099
  9358.67481100    0.99917323638
  9361.72359000    0.99975837503
  9364.78456100    0.99902724790
  9367.85772400    0.99917588492
  9370.94307900    1.00035342050
  9374.04062600    1.00092488004
  9377.15036500    1.00174583974
  9380.27229500    1.00263114641
  9383.40641800    1.00306774928
  9386.55273200    1.00334279867
  9389.71123900    1.00375527432
  9392.88193700    1.00441784275
  9396.06482700    1.00485035600
  9399.25990900    1.00566950391
  9402.46718300    1.00653055541
  9405.68664900    1.00712665751
  9408.91830700    1.00729181919
  9412.16215700    1.00668225331
  9415.41819800    1.00517837066
  9418.68643200    1.00446220271
  9421.96685700    1.00337745611
  9425.25947400    1.00167077601
  9428.56428400    1.00158906662
  9431.88128500    1.00130415245
  9435.21047800    1.00099473686
  9438.55186300    1.00097494268
  9441.90544000    1.00166235019
  9445.27120900    1.00118450990
  9448.64916900    1.00156673672
  9452.03932200    1.00167190752
  9455.44166600    1.00077200075
  9458.85620300    0.99969061318
  9462.28293100    0.99791232173
  9465.72185100    0.99597710683
  9469.17296400    0.99357929858
  9472.63626800    0.99346676470
  9476.11176400    0.99338069562
  9479.59945100    0.99445294237
  9483.09933100    0.99579166043
  9486.61140300    0.99825076659
  9490.13566600    1.00130940422
  9493.67212200    1.00257548512
  9497.22076900    1.00266121866
  9500.78160900    1.00303914010
  9504.35464000    1.00178427296
  9507.93986300    1.00067479731
  9511.53727800    0.99995313618
  9515.14688500    0.99873244447
  9518.76868400    0.99882713615
  9522.40267500    0.99986008460
  9526.04885700    1.00259172651
  9529.70723200    1.00335300714
  9533.37779900    1.00316029261
  9537.06055700    1.00345609399
  9540.75550700    1.00262134315
  9544.46265000    1.00109428721
  9548.18198400    1.00184114201
  9551.91351000    1.00427435125
  9555.65722800    1.00664584417
  9559.41313800    1.00787943695
  9563.18123900    1.00840891051
  9566.96153300    1.00712636641
  9570.75401900    1.00510646606
  9574.55869600    1.00405338148
  9578.37556500    1.00225672161
  9582.20462700    1.00214155669
  9586.04588000    1.00392272252
  9589.89932500    1.00370351478
  9593.76496200    1.00609820593
  9597.64279100    1.00632184426
  9601.53281200    1.00602988569
  9605.43502500    1.00618626420
  9609.34942900    1.00578734060
  9613.27602600    1.00393317402
  9617.21481400    1.00282377364
  9621.16579500    1.00471502325
  9625.12896700    1.00391412541
  9629.10433100    1.00263531953
  9633.09188800    1.00418779944
  9637.09163600    1.00499269249
  9641.10357500    1.00363710997
  9645.12770700    1.00060709952
  9649.16403100    0.99948629189
  9653.21254700    0.99880075455
  9657.27325400    0.99919803741
  9661.34615400    0.99938297222
  9665.43124500    0.99756324768
  9669.52852900    0.99859055833
  9673.63800400    1.00102394949
  9677.75967100    1.00172075563
  9681.89353000    1.00150521949
  9686.03958100    1.00091490124
  9690.19782400    0.99973642276
  9694.36825800    0.99998632039
  9698.55088500    1.00042543009
  9702.74570400    1.00208972489
  9706.95271400    1.00302037605
  9711.17191600    1.00346786858
  9715.40331100    1.00470378443
  9719.64689700    1.00389741929
  9723.90267500    1.00040086656
  9728.17064500    0.99784184692
  9732.45080700    0.99518375901
  9736.74316100    0.99458086406
  9741.04770700    0.99409886489
  9745.36444400    0.99283308847
  9749.69337400    0.99366465936
  9754.03449500    0.99473841902
  9758.38780900    0.99509814222
  9762.75331400    0.99443915427
  9767.13101100    0.99326267581
  9771.52090000    0.99154295895
  9775.92298100    0.99078530620
  9780.33725400    0.99200261516
  9784.76371900    0.99247245212
  9789.20237600    0.99345350455
  9793.65322400    0.99499330179
  9798.11626500    0.99581622797
  9802.59149700    0.99632569317
  9807.07892200    0.99630461911
  9811.57853800    0.99585130587
  9816.09034600    0.99611971942
  9820.61434600    0.99626833584
  9825.15053800    0.99693057836
  9829.69892200    0.99637813550
  9834.25949800    0.99522886403
  9838.83226600    0.99596596114
  9843.41722600    0.99671868544
  9848.01437700    0.99644327731
  9852.62372100    0.99768244649
  9857.24525600    0.99862331603
  9861.87898300    0.99881763173
  9866.52490200    0.99982405814
  9871.18301300    1.00110065922
  9875.85331600    1.00146040442
  9880.53581100    1.00105863973
  9885.23049800    1.00048777720
  9889.93737700    1.00032700721
  9894.65644800    1.00110039540
  9899.38771000    1.00293810356
  9904.13116500    1.00391206854
  9908.88681100    1.00468899351
  9913.65464900    1.00554309258
  9918.43467900    1.00554264463
  9923.22690100    1.00726641716
  9928.03131500    1.00825387384
  9932.84792100    1.00877678887
  9937.67671900    1.00977862291
