#---------------------------------
#  energy flat
  10182.0000000    0.00265847992
  10187.0000000    0.00248099666
  10192.0000000    0.00258810075
  10197.0000000    0.00242208088
  10202.0000000    0.00196678410
  10207.0000000    0.00151886905
  10212.0000000    0.00102475306
  10217.0000000    0.00026341850
  10222.0000000   -0.00004103049
  10227.0000000   -0.00015555195
  10232.0000000    0.00019792818
  10237.0000000    0.00061028846
  10242.0000000    0.00070940291
  10247.0000000    0.00029761490
  10252.0000000    0.00016954580
  10257.0000000    0.00001933152
  10262.0000000   -0.00010344010
  10267.0000000   -0.00024531738
  10272.0000000   -0.00036765478
  10277.0000000   -0.00076450564
  10282.0000000   -0.00102292738
  10287.0000000   -0.00108638464
  10292.0000000   -0.00102252880
  10297.0000000   -0.00068051206
  10302.0000000    0.00009103444
  10307.0000000    0.00054134548
  10312.0000000    0.00111167474
  10317.0000000    0.00147826830
  10322.0000000    0.00231060550
  10327.0000000    0.00349136029
  10332.0000000    0.00467958365
  10337.0000000    0.00627110993
  10341.0000000    0.00842596986
  10344.0000000    0.01048771068
  10346.0000000    0.01245911139
  10347.0000000    0.01388128901
  10347.2000000    0.01494146605
  10347.4000000    0.01530871588
  10347.6000000    0.01557357680
  10347.8000000    0.01567551862
  10348.0000000    0.01586769123
  10348.2000000    0.01645873770
  10348.4000000    0.01660227774
  10348.6000000    0.01686878869
  10348.8000000    0.01708710129
  10349.0000000    0.01682299623
  10349.2000000    0.01683366515
  10349.4000000    0.01712258182
  10349.6000000    0.01738996121
  10349.8000000    0.01783632581
  10350.0000000    0.01830353293
  10350.2000000    0.01839670352
  10350.4000000    0.01879052758
  10350.6000000    0.01906641767
  10350.8000000    0.01922558960
  10351.0000000    0.01966083818
  10351.2000000    0.02014228770
  10351.4000000    0.02045482590
  10351.6000000    0.02116979857
  10351.8000000    0.02149901079
  10352.0000000    0.02193912263
  10352.2000000    0.02258071223
  10352.4000000    0.02274283685
  10352.6000000    0.02312024742
  10352.8000000    0.02363903980
  10353.0000000    0.02428531897
  10353.2000000    0.02499282307
  10353.4000000    0.02544326932
  10353.6000000    0.02613983109
  10353.8000000    0.02674885425
  10354.0000000    0.02725418583
  10354.2000000    0.02772269561
  10354.4000000    0.02804009706
  10354.6000000    0.02832788476
  10354.8000000    0.02851232826
  10355.0000000    0.02873515674
  10355.2000000    0.02929103145
  10355.4000000    0.03015476766
  10355.6000000    0.03098645849
  10355.8000000    0.03181241761
  10356.0000000    0.03273095230
  10356.2000000    0.03312451583
  10356.4000000    0.03370244888
  10356.6000000    0.03438007868
  10356.8000000    0.03508958019
  10357.0000000    0.03602565734
  10357.2000000    0.03714019863
  10357.4000000    0.03816086171
  10357.6000000    0.03892325112
  10357.8000000    0.03948520490
  10358.0000000    0.03999435761
  10358.2000000    0.04076925255
  10358.4000000    0.04192903949
  10358.6000000    0.04300250364
  10358.8000000    0.04433458881
  10359.0000000    0.04552963437
  10359.2000000    0.04669741095
  10359.4000000    0.04801264841
  10359.6000000    0.04882575465
  10359.8000000    0.04982609626
  10360.0000000    0.05082904318
  10360.2000000    0.05212013805
  10360.4000000    0.05321461841
  10360.6000000    0.05495122231
  10360.8000000    0.05644709501
  10361.0000000    0.05794800466
  10361.2000000    0.05934869648
  10361.4000000    0.06029866865
  10361.6000000    0.06168963396
  10361.8000000    0.06378577146
  10362.0000000    0.06562728275
  10362.2000000    0.06749276294
  10362.4000000    0.06955711558
  10362.6000000    0.07175208140
  10362.8000000    0.07426229044
  10363.0000000    0.07659776963
  10363.2000000    0.07890736935
  10363.4000000    0.08208019708
  10363.6000000    0.08479483658
  10363.8000000    0.08791468956
  10364.0000000    0.09160423829
  10364.2000000    0.09460077298
  10364.4000000    0.09837421289
  10364.6000000    0.10222546489
  10364.8000000    0.10661966475
  10365.0000000    0.11145867887
  10365.2000000    0.11620529113
  10365.4000000    0.12172568222
  10365.6000000    0.12729644275
  10365.8000000    0.13353763792
  10366.0000000    0.14028252751
  10366.2000000    0.14770636243
  10366.4000000    0.15598717262
  10366.6000000    0.16492382767
  10366.8000000    0.17522844728
  10367.0000000    0.18646021199
  10367.2000000    0.19885881088
  10367.4000000    0.21328504032
  10367.6000000    0.22946169470
  10367.8000000    0.24798452294
  10368.0000000    0.26867184767
  10368.2000000    0.29174268911
  10368.4000000    0.31640659442
  10368.6000000    0.34371767441
  10368.8000000    0.37389182295
  10369.0000000    0.40647640979
  10369.2000000    0.44197373987
  10369.4000000    0.48099154655
  10369.6000000    0.52284028954
  10369.8000000    0.56905536836
  10370.0000000    0.61954142847
  10370.2000000    0.67325981723
  10370.4000000    0.73095200756
  10370.6000000    0.79092819154
  10370.8000000    0.85407973459
  10371.0000000    0.92659999380
  10371.2000000    1.00044657257
  10371.4000000    1.06100725473
  10371.6000000    1.11193955607
  10371.8000000    1.18216422019
  10372.0000000    1.24723834616
  10372.2000000    1.30804305137
  10372.4000000    1.36466326886
  10372.6000000    1.41324556206
  10372.8000000    1.45448832916
  10373.0000000    1.49115858886
  10373.2000000    1.52240787628
  10373.4000000    1.54870480047
  10373.6000000    1.57013967877
  10373.8000000    1.58847266214
  10374.0000000    1.60389480675
  10374.2000000    1.61678405664
  10374.4000000    1.62878037111
  10374.6000000    1.64023320938
  10374.8000000    1.64977148009
  10375.0000000    1.65855506957
  10375.2000000    1.66574263411
  10375.4000000    1.67215675836
  10375.6000000    1.67829662053
  10375.8000000    1.68373460090
  10376.0000000    1.68759288146
  10376.2000000    1.69106226484
  10376.4000000    1.69319372092
  10376.6000000    1.69352523988
  10376.8000000    1.69078542718
  10377.0000000    1.68606747305
  10377.2000000    1.67848209599
  10377.4000000    1.66763710853
  10377.6000000    1.65471393439
  10377.8000000    1.63981956479
  10378.0000000    1.62268895171
  10378.2000000    1.60294415051
  10378.4000000    1.58301991530
  10378.6000000    1.56365372384
  10378.8000000    1.54211728878
  10379.0000000    1.52076234165
  10379.2000000    1.49933078220
  10379.4000000    1.47681765265
  10379.6000000    1.45521028775
  10379.8000000    1.43475462897
  10380.0000000    1.41561168433
  10380.2000000    1.39773073673
  10380.4000000    1.38108052197
  10380.6000000    1.36602092059
  10380.8000000    1.35186603949
  10381.0000000    1.33727222993
  10381.2000000    1.32364688316
  10381.4000000    1.31154284690
  10381.6000000    1.30072425280
  10381.8000000    1.29084546196
  10382.0000000    1.28103907738
  10382.2000000    1.27236615716
  10382.4000000    1.26286281358
  10382.6000000    1.25327503515
  10382.8000000    1.24504373494
  10383.0000000    1.23586928693
  10383.2000000    1.22556480282
  10383.4000000    1.21526064192
  10383.6000000    1.20616740736
  10383.8000000    1.19770272380
  10384.0000000    1.18976203082
  10384.2000000    1.18244519854
  10384.4000000    1.17520354699
  10384.6000000    1.16776872828
  10384.8000000    1.16010860972
  10385.0000000    1.15333913470
  10385.2000000    1.14725309330
  10385.4000000    1.14082746452
  10385.6000000    1.13521466597
  10385.8000000    1.12927391624
  10386.0000000    1.12322232470
  10386.2000000    1.11720075166
  10386.4000000    1.11131566735
  10386.6000000    1.10670003646
  10386.8000000    1.10329080993
  10387.0000000    1.10020947482
  10387.2000000    1.09716562500
  10387.4000000    1.09385339587
  10387.6000000    1.09084769346
  10387.8000000    1.08868868626
  10388.0000000    1.08696160761
  10388.2000000    1.08482528740
  10388.4000000    1.08269900744
  10388.6000000    1.08071285952
  10388.8000000    1.07901881994
  10389.0000000    1.07754237642
  10389.2000000    1.07604366569
  10389.4000000    1.07475542903
  10389.6000000    1.07299125213
  10389.8000000    1.07116433764
  10390.0000000    1.06965367187
  10390.2000000    1.06771500256
  10390.4000000    1.06624125786
  10390.6000000    1.06506760787
  10390.8000000    1.06443061482
  10391.0000000    1.06396952888
  10391.2000000    1.06334895875
  10391.4000000    1.06222448127
  10391.6000000    1.06164343304
  10391.8000000    1.06084158764
  10392.0000000    1.05968485790
  10392.2000000    1.05872887039
  10392.4000000    1.05773324090
  10392.6000000    1.05738664096
  10392.8000000    1.05671398733
  10393.0000000    1.05630321247
  10393.2000000    1.05607546179
  10393.4000000    1.05573494483
  10393.6000000    1.05470432312
  10393.8000000    1.05404569674
  10394.0000000    1.05410835139
  10394.2000000    1.05368793597
  10394.4000000    1.05292895830
  10394.6000000    1.05226251090
  10394.8000000    1.05217144531
  10395.0000000    1.05160929261
  10395.2000000    1.05111257384
  10395.4000000    1.05099375277
  10395.6000000    1.05051517730
  10395.8000000    1.04930880271
  10396.0000000    1.04698904199
  10396.2000000    1.04409484765
  10396.4000000    1.04150282135
  10396.6000000    1.03818195238
  10396.8000000    1.03425000064
  10397.0000000    1.03059850482
  10397.2278600    1.02649138519
  10397.4835810    1.02109238270
  10397.7671620    1.01428190591
  10398.0786040    1.00744677874
  10398.4179050    0.99957332099
  10398.7850670    0.98651280587
  10399.1800900    0.97395820537
  10399.6029730    0.96211971952
  10400.0537160    0.94993600391
  10400.5323190    0.93748843147
  10401.0387830    0.92717278702
  10401.5731070    0.91681272962
  10402.1352920    0.90660486016
  10402.7253370    0.89840904264
  10403.3432420    0.89154897472
  10403.9890080    0.88797401322
  10404.6626340    0.88690421425
  10405.3641200    0.88708583484
  10406.0934670    0.88793176608
  10406.8506740    0.89099719101
  10407.6357410    0.89564554681
  10408.4486690    0.90283231223
  10409.2894570    0.91068222927
  10410.1581060    0.91728236619
  10411.0546140    0.92642493941
  10411.9789830    0.93858890951
  10412.9312130    0.95399950332
  10413.9113030    0.96441469232
  10414.9192530    0.97815150533
  10415.9550640    0.99576679313
  10417.0187340    1.01291613649
  10418.1102660    1.02768431956
  10419.2327230    1.04142135180
  10420.3673730    1.05430847976
  10421.5142140    1.06356777903
  10422.6732480    1.07117879797
  10423.8444730    1.07750423489
  10425.0278900    1.08093334231
  10426.2234990    1.08379721805
  10427.4313000    1.08612438220
  10428.6512930    1.08722376663
  10429.8834780    1.08821934006
  10431.1278550    1.08909220586
  10432.3844230    1.08904065880
  10433.6531840    1.08859795104
  10434.9341360    1.08832200635
  10436.2272800    1.08763430298
  10437.5326170    1.08626965149
  10438.8501450    1.08363789779
  10440.1798650    1.08081715187
  10441.5217770    1.07688846329
  10442.8758810    1.07313333044
  10444.2421770    1.06944010141
  10445.6206640    1.06391022553
  10447.0113440    1.05755146205
  10448.4142150    1.05151973192
  10449.8292790    1.04621679505
  10451.2565340    1.04049772784
  10452.6959810    1.03436480689
  10454.1476200    1.02817793199
  10455.6114520    1.02319774371
  10457.0874750    1.01907896916
  10458.5756890    1.01453164208
  10460.0760960    1.01022811460
  10461.5886950    1.00618854423
  10463.1134850    1.00334581506
  10464.6504680    1.00058693577
  10466.1996420    0.99855577038
  10467.7610090    0.99693880672
  10469.3345670    0.99486656209
  10470.9203170    0.99267806480
  10472.5182590    0.99101386386
  10474.1283930    0.98902356956
  10475.7507190    0.98765376209
  10477.3852370    0.98683807131
  10479.0319460    0.98611151195
  10480.6908480    0.98517600429
  10482.3619420    0.98406660258
  10484.0452270    0.98296286540
  10485.7407040    0.98180465543
  10487.4483740    0.98095267655
  10489.1682350    0.98071708997
  10490.9002880    0.98108742050
  10492.6445330    0.98244433513
  10494.4009700    0.98495729186
  10496.1695980    0.98752765162
  10497.9504190    0.99118826226
  10499.7434320    0.99477568972
  10501.5486360    0.99745667554
  10503.3660320    1.00051555431
  10505.1956210    1.00313486046
  10507.0374010    1.00549756858
  10508.8913730    1.00832386030
  10510.7575370    1.01049733914
  10512.6358930    1.01226904664
  10514.5264410    1.01350912182
  10516.4291810    1.01420215806
  10518.3441120    1.01481003856
  10520.2712360    1.01492220316
  10522.2105520    1.01466478495
  10524.1620590    1.01422105424
  10526.1257580    1.01345607670
  10528.1016490    1.01204142531
  10530.0897330    1.00989408612
  10532.0900080    1.00730099770
  10534.1024750    1.00487840020
  10536.1271330    1.00248212495
  10538.1639840    0.99984432767
  10540.2130270    0.99820338080
  10542.2742610    0.99713632703
  10544.3476880    0.99593135608
  10546.4333060    0.99512408077
  10548.5311170    0.99442977500
  10550.6411190    0.99356301599
  10552.7633130    0.99276690166
  10554.8976990    0.99181904118
  10557.0442770    0.99077945271
  10559.2030470    0.99025891076
  10561.3740080    0.98984707363
  10563.5571620    0.98978752310
  10565.7525080    0.98963777025
  10567.9600450    0.98982045722
  10570.1797750    0.98995265164
  10572.4116960    0.98959357970
  10574.6558090    0.98969230601
  10576.9121140    0.98970677921
  10579.1806110    0.98961808768
  10581.4613000    0.98890726479
  10583.7541810    0.98804170878
  10586.0592540    0.98699345254
  10588.3765180    0.98607633916
  10590.7059750    0.98506403223
  10593.0476230    0.98392836843
  10595.4014640    0.98341252014
  10597.7674960    0.98327276142
  10600.1457200    0.98310851519
  10602.5361360    0.98263348377
  10604.9387440    0.98207009265
  10607.3535440    0.98194853341
  10609.7805360    0.98202677390
  10612.2197200    0.98291210668
  10614.6710960    0.98442587862
  10617.1346630    0.98619229364
  10619.6104230    0.98754392325
  10622.0983740    0.98853448506
  10624.5985170    0.98898147062
  10627.1108520    0.98903323881
  10629.6353800    0.98894461017
  10632.1720990    0.98902406821
  10634.7210090    0.98930566016
  10637.2821120    0.98927335411
  10639.8554070    0.98924255508
  10642.4408940    0.98902166454
  10645.0385720    0.98921005012
  10647.6484430    0.98914991699
  10650.2705050    0.98940970024
  10652.9047590    0.98993810667
  10655.5512050    0.99027757959
  10658.2098440    0.99039139892
  10660.8806740    0.99007957169
  10663.5636960    0.98978560765
  10666.2589090    0.98958183891
  10668.9663150    0.98949108650
  10671.6859130    0.98940416240
  10674.4177020    0.98925876631
  10677.1616840    0.98940058022
  10679.9178570    0.98877674703
  10682.6862220    0.98785156218
  10685.4667800    0.98716434624
  10688.2595290    0.98677607765
  10691.0644700    0.98705098392
  10693.8816020    0.98734728695
  10696.7109270    0.98795937577
  10699.5524440    0.98883755817
  10702.4061530    0.98973725634
  10705.2720530    0.99025965084
  10708.1501460    0.99032775644
  10711.0404300    0.99115404052
  10713.9429060    0.99195007915
  10716.8575740    0.99252926971
  10719.7844350    0.99310378890
  10722.7234870    0.99376127437
  10725.6747300    0.99440125182
  10728.6381660    0.99576423532
  10731.6137940    0.99746593212
  10734.6016140    0.99895495500
  10737.6016250    1.00034565598
  10740.6138290    1.00111946112
  10743.6382240    1.00132488304
  10746.6748110    1.00112922929
  10749.7235900    1.00060861592
  10752.7845610    1.00069647620
  10755.8577240    1.00121515732
  10758.9430790    1.00153107084
  10762.0406260    1.00217189938
  10765.1503650    1.00270621681
  10768.2722950    1.00293533425
  10771.4064180    1.00306229633
  10774.5527320    1.00348467532
  10777.7112390    1.00414567024
  10780.8819370    1.00484535912
  10784.0648270    1.00524868557
  10787.2599090    1.00608946426
  10790.4671830    1.00696385150
  10793.6866490    1.00702857045
  10796.9183070    1.00733423207
  10800.1621570    1.00784207498
  10803.4181980    1.00811559054
  10806.6864320    1.00846338673
  10809.9668570    1.00882203209
  10813.2594740    1.00907841676
  10816.5642840    1.00911630296
  10819.8812850    1.00911263768
  10823.2104780    1.00972686964
  10826.5518630    1.01022199772
  10829.9054400    1.01049011699
  10833.2712090    1.01058797796
  10836.6491690    1.01032777926
  10840.0393220    1.00993023141
  10843.4416660    1.00962056341
  10846.8562030    1.00967993008
  10850.2829310    1.00966347479
  10853.7218510    1.00947058949
  10857.1729640    1.00965060713
  10860.6362680    1.00968503230
  10864.1117640    1.01003288433
  10867.5994510    1.01025626305
  10871.0993310    1.01037441528
  10874.6114030    1.01033816000
  10878.1356660    1.01048008526
  10881.6721220    1.01023168930
  10885.2207690    1.01001519191
  10888.7816090    1.01029623685
  10892.3546400    1.01034724077
  10895.9398630    1.01010932165
  10899.5372780    1.01000576065
  10903.1468850    1.00975779981
  10906.7686840    1.00867678407
  10910.4026750    1.00781823785
  10914.0488570    1.00697428916
  10917.7072320    1.00668983415
  10921.3777990    1.00611958267
  10925.0605570    1.00560419311
  10928.7555070    1.00498272138
  10932.4626500    1.00439123881
  10936.1819840    1.00407837868
  10939.9135100    1.00402009265
  10943.6572280    1.00385087406
  10947.4131380    1.00391109442
  10951.1812390    1.00417882540
  10954.9615330    1.00434070067
  10958.7540190    1.00443595521
  10962.5586960    1.00467544065
  10966.3755650    1.00487609729
  10970.2046270    1.00521337143
  10974.0458800    1.00562616368
  10977.8993250    1.00592972227
  10981.7649620    1.00612064207
  10985.6427910    1.00582835883
  10989.5328120    1.00545245656
  10993.4350250    1.00507017274
  10997.3494290    1.00410951905
  11001.2760260    1.00319106346
  11005.2148140    1.00248102973
  11009.1657950    1.00208834128
  11013.1289670    1.00169397874
  11017.1043310    1.00127837960
  11021.0918880    1.00082235001
  11025.0916360    1.00059816969
  11029.1035750    0.99999476359
  11033.1277070    1.00012614560
  11037.1640310    1.00008706297
  11041.2125470    0.99975388192
  11045.2732540    0.99966196678
  11049.3461540    0.99906072156
  11053.4312450    0.99844874334
  11057.5285290    0.99810823831
  11061.6380040    0.99771145393
  11065.7596710    0.99742914781
  11069.8935300    0.99702533191
  11074.0395810    0.99655792848
  11078.1978240    0.99601263744
  11082.3682580    0.99571561973
  11086.5508850    0.99557135270
  11090.7457040    0.99548886633
  11094.9527140    0.99515073638
  11099.1719160    0.99492424924
  11103.4033110    0.99535527834
  11107.6468970    0.99496349605
  11111.9026750    0.99504900302
  11116.1706450    0.99536993959
  11120.4508070    0.99500015619
  11124.7431610    0.99487130776
  11129.0477070    0.99453670426
  11133.3644440    0.99395196001
  11137.6933740    0.99351285363
  11142.0344950    0.99321364596
  11146.3878090    0.99300452168
  11150.7533140    0.99276346151
  11155.1310110    0.99261095750
  11159.5209000    0.99186407094
  11163.9229810    0.99276481333
  11168.3372540    0.99229424386
  11172.7637190    0.99147205972
  11177.2023760    0.99232122948
  11181.6532240    0.99191432784
  11186.1162650    0.99187112444
  11190.5914970    0.99216315087
  11195.0789220    0.99211066132
  11199.5785380    0.99170440496
  11204.0903460    0.99209403018
  11208.6143460    0.99281047516
  11213.1505380    0.99300366699
  11217.6989220    0.99344166851
  11222.2594980    0.99434270876
  11226.8322660    0.99472941359
  11231.4172260    0.99509526056
  11236.0143770    0.99539953003
  11240.6237210    0.99565332434
  11245.2452560    0.99570246691
  11249.8789830    0.99575898031
  11254.5249020    0.99637469121
  11259.1830130    0.99749220062
  11263.8533160    0.99885860930
  11268.5358110    1.00022560739
  11273.2304980    1.00152073161
  11277.9373770    1.00304085450
  11282.6564480    1.00431904717
  11287.3877100    1.00545746090
  11292.1311650    1.00675771739
  11296.8868110    1.00823841186
  11301.6546490    1.00988000756
  11306.4346790    1.01186209854
  11311.2269010    1.01440396419
  11316.0313150    1.01598809296
  11320.8479210    1.01877194553
  11325.6767190    1.02206389812
