#---------------------------------
#  energy flat
  8794.00000000    0.00323611696
  8799.00000000    0.00232579313
  8804.00000000    0.00154857526
  8809.00000000   -6.17059692e-6
  8814.00000000   -0.00135641310
  8819.00000000   -0.00265971095
  8824.00000000   -0.00303195911
  8829.00000000   -0.00304456742
  8834.00000000   -0.00254482157
  8839.00000000   -0.00174737512
  8844.00000000   -0.00103205297
  8849.00000000    0.00006309408
  8854.00000000    0.00099433855
  8859.00000000    0.00170043324
  8864.00000000    0.00210386759
  8869.00000000    0.00206300022
  8874.00000000    0.00184888748
  8879.00000000    0.00204839517
  8884.00000000    0.00251792113
  8889.00000000    0.00181798315
  8894.00000000    0.00168541800
  8899.00000000    0.00043863828
  8904.00000000   -0.00089603291
  8909.00000000   -0.00202585470
  8914.00000000   -0.00254701083
  8919.00000000   -0.00238406691
  8924.00000000   -0.00106019444
  8929.00000000    0.00016690514
  8934.00000000    0.00142537805
  8939.00000000    0.00208579687
  8944.00000000    0.00284091240
  8949.00000000    0.00329129139
  8953.00000000    0.00415850454
  8956.00000000    0.00547969234
  8958.00000000    0.00661077878
  8959.00000000    0.00762235385
  8959.20000000    0.00808924293
  8959.40000000    0.00842371809
  8959.60000000    0.00849809452
  8959.80000000    0.00874675440
  8960.00000000    0.00875157892
  8960.20000000    0.00889608396
  8960.40000000    0.00918845889
  8960.60000000    0.00912534631
  8960.80000000    0.00945255486
  8961.00000000    0.00963604587
  8961.20000000    0.01001688898
  8961.40000000    0.01034582767
  8961.60000000    0.01064823745
  8961.80000000    0.01085952616
  8962.00000000    0.01148547340
  8962.20000000    0.01205951623
  8962.40000000    0.01229375822
  8962.60000000    0.01277667999
  8962.80000000    0.01266916031
  8963.00000000    0.01262969307
  8963.20000000    0.01293383299
  8963.40000000    0.01324593159
  8963.60000000    0.01343253687
  8963.80000000    0.01387174360
  8964.00000000    0.01446574079
  8964.20000000    0.01477264895
  8964.40000000    0.01505960275
  8964.60000000    0.01532256518
  8964.80000000    0.01579510606
  8965.00000000    0.01617791000
  8965.20000000    0.01631157279
  8965.40000000    0.01606944768
  8965.60000000    0.01613401994
  8965.80000000    0.01618394362
  8966.00000000    0.01631310803
  8966.20000000    0.01657503237
  8966.40000000    0.01704976477
  8966.60000000    0.01747005522
  8966.80000000    0.01750302346
  8967.00000000    0.01756655763
  8967.20000000    0.01779076477
  8967.40000000    0.01789443835
  8967.60000000    0.01842638094
  8967.80000000    0.01892372060
  8968.00000000    0.01966305013
  8968.20000000    0.02010294891
  8968.40000000    0.02007374721
  8968.60000000    0.02025539273
  8968.80000000    0.02060820746
  8969.00000000    0.02096909620
  8969.20000000    0.02158316309
  8969.40000000    0.02215789798
  8969.60000000    0.02295847471
  8969.80000000    0.02398477793
  8970.00000000    0.02448580857
  8970.20000000    0.02532929293
  8970.40000000    0.02576031029
  8970.60000000    0.02626537794
  8970.80000000    0.02695257238
  8971.00000000    0.02772419798
  8971.20000000    0.02805602025
  8971.40000000    0.02837388601
  8971.60000000    0.02890928890
  8971.80000000    0.02926498720
  8972.00000000    0.02998632320
  8972.20000000    0.03051607427
  8972.40000000    0.03145956113
  8972.60000000    0.03202114690
  8972.80000000    0.03241571584
  8973.00000000    0.03286334261
  8973.20000000    0.03382251613
  8973.40000000    0.03444062003
  8973.60000000    0.03540371522
  8973.80000000    0.03642517403
  8974.00000000    0.03779496907
  8974.20000000    0.03923108640
  8974.40000000    0.04087620547
  8974.60000000    0.04228141085
  8974.80000000    0.04408201246
  8975.00000000    0.04612898697
  8975.20000000    0.04846431930
  8975.40000000    0.05118974206
  8975.60000000    0.05436108134
  8975.80000000    0.05759297576
  8976.00000000    0.06110296245
  8976.20000000    0.06500996017
  8976.40000000    0.06973531734
  8976.60000000    0.07512862655
  8976.80000000    0.08080660258
  8977.00000000    0.08773685890
  8977.20000000    0.09618306988
  8977.40000000    0.10655989406
  8977.60000000    0.11836005239
  8977.80000000    0.13295901159
  8978.00000000    0.14979009091
  8978.20000000    0.16998249953
  8978.40000000    0.19299689299
  8978.60000000    0.21907826010
  8978.80000000    0.24802232819
  8979.00000000    0.27945365538
  8979.20000000    0.31400432199
  8979.40000000    0.35168390151
  8979.60000000    0.39160379050
  8979.80000000    0.43473979180
  8980.00000000    0.47904917869
  8980.20000000    0.52358052901
  8980.40000000    0.56760995749
  8980.60000000    0.60863982394
  8980.80000000    0.64471067931
  8981.00000000    0.67325740771
  8981.20000000    0.69266935766
  8981.40000000    0.70183577472
  8981.60000000    0.70016794748
  8981.80000000    0.68901458295
  8982.00000000    0.66964803097
  8982.20000000    0.64543861746
  8982.40000000    0.61990476892
  8982.60000000    0.59548506953
  8982.80000000    0.57478488964
  8983.00000000    0.55823976470
  8983.20000000    0.54710036010
  8983.40000000    0.53998290425
  8983.60000000    0.53799619046
  8983.80000000    0.53888537586
  8984.00000000    0.54368116650
  8984.20000000    0.55139091931
  8984.40000000    0.56080330068
  8984.60000000    0.57121621687
  8984.80000000    0.58137208170
  8985.00000000    0.59181312304
  8985.20000000    0.60178857237
  8985.40000000    0.61167098788
  8985.60000000    0.62062528516
  8985.80000000    0.62941342082
  8986.00000000    0.63869746419
  8986.20000000    0.64714577883
  8986.40000000    0.65718437648
  8986.60000000    0.66722901923
  8986.80000000    0.67874052759
  8987.00000000    0.69123030798
  8987.20000000    0.70469351583
  8987.40000000    0.71965288604
  8987.60000000    0.73531531918
  8987.80000000    0.75278453346
  8988.00000000    0.76951698218
  8988.20000000    0.78742182461
  8988.40000000    0.80577632058
  8988.60000000    0.82501865851
  8988.80000000    0.84470107622
  8989.00000000    0.86460857404
  8989.20000000    0.88421772471
  8989.40000000    0.90271120677
  8989.60000000    0.92173519709
  8989.80000000    0.93925734975
  8990.00000000    0.95824521247
  8990.20000000    0.97629641854
  8990.40000000    0.99308639231
  8990.60000000    1.00726031329
  8990.80000000    1.01984150556
  8991.00000000    1.03126827285
  8991.20000000    1.04143772895
  8991.40000000    1.04953393649
  8991.60000000    1.05547361759
  8991.80000000    1.05932090291
  8992.00000000    1.06155861862
  8992.20000000    1.06282392001
  8992.40000000    1.06345614640
  8992.60000000    1.06309404301
  8992.80000000    1.06220336524
  8993.00000000    1.06037533693
  8993.20000000    1.05908127482
  8993.40000000    1.05725633106
  8993.60000000    1.05612752569
  8993.80000000    1.05577882833
  8994.00000000    1.05591519119
  8994.20000000    1.05681574446
  8994.40000000    1.06038803259
  8994.60000000    1.06486246126
  8994.80000000    1.07113109402
  8995.00000000    1.07810001661
  8995.20000000    1.08481234231
  8995.40000000    1.09209715739
  8995.60000000    1.10097478694
  8995.80000000    1.10921011184
  8996.00000000    1.11795564042
  8996.20000000    1.12598135349
  8996.40000000    1.13260649579
  8996.60000000    1.13779969389
  8996.80000000    1.14159785742
  8997.00000000    1.14425174224
  8997.20000000    1.14556918656
  8997.40000000    1.14503045412
  8997.60000000    1.14323671315
  8997.80000000    1.13906429085
  8998.00000000    1.13376396787
  8998.20000000    1.12724877540
  8998.40000000    1.11945804280
  8998.60000000    1.11161832874
  8998.80000000    1.10303665157
  8999.00000000    1.09424035996
  8999.20000000    1.08578102456
  8999.40000000    1.07489710020
  8999.60000000    1.06480112343
  8999.80000000    1.05813283680
  9000.00000000    1.05215468652
  9000.20000000    1.04720924151
  9000.40000000    1.04321806838
  9000.60000000    1.04155582626
  9000.80000000    1.04009397309
  9001.00000000    1.03769176522
  9001.20000000    1.03639423610
  9001.40000000    1.03529778757
  9001.60000000    1.03496852356
  9001.80000000    1.03418865123
  9002.00000000    1.03514784432
  9002.20000000    1.03697941445
  9002.40000000    1.03790753879
  9002.60000000    1.03727176247
  9002.80000000    1.03602781848
  9003.00000000    1.03454757293
  9003.20000000    1.03283310187
  9003.40000000    1.03026155227
  9003.60000000    1.02704953845
  9003.80000000    1.02478325884
  9004.00000000    1.02301149108
  9004.20000000    1.02125371553
  9004.40000000    1.01926448193
  9004.60000000    1.01743964775
  9004.80000000    1.01502832911
  9005.00000000    1.01200445834
  9005.20000000    1.00983266230
  9005.40000000    1.00694381302
  9005.60000000    1.00479054164
  9005.80000000    1.00242818786
  9006.00000000    0.99955570601
  9006.20000000    0.99782896185
  9006.40000000    0.99624054837
  9006.60000000    0.99486359301
  9006.80000000    0.99270014695
  9007.00000000    0.99068356659
  9007.20000000    0.98804728143
  9007.40000000    0.98455414586
  9007.60000000    0.98179635622
  9007.80000000    0.97995707727
  9008.00000000    0.97844390662
  9008.20000000    0.97739986959
  9008.40000000    0.97570798325
  9008.60000000    0.97326951377
  9008.80000000    0.97172394816
  9009.00000000    0.97018821935
  9009.22786000    0.96910562844
  9009.48358100    0.96743977027
  9009.76716200    0.96641912972
  9010.07860400    0.96611622726
  9010.41790500    0.96627786877
  9010.78506700    0.96757429741
  9011.18009000    0.96903997233
  9011.60297300    0.97295027404
  9012.05371600    0.98098657201
  9012.53231900    0.99052033251
  9013.03878300    1.00335381846
  9013.57310700    1.01752035282
  9014.13529200    1.03176285308
  9014.72533700    1.04203409830
  9015.34324200    1.04922794172
  9015.98900800    1.05646298021
  9016.66263400    1.05984357595
  9017.36412000    1.05621252300
  9018.09346700    1.05015560436
  9018.85067400    1.04128178887
  9019.63574100    1.02742676506
  9020.44866900    1.01585921747
  9021.28945700    1.00592953570
  9022.15810600    0.99534862469
  9023.05461400    0.98656523569
  9023.97898300    0.97938468443
  9024.93121300    0.97346834833
  9025.91130300    0.97143708641
  9026.91925300    0.96969868871
  9027.95506400    0.97025232192
  9029.01873400    0.96996254945
  9030.11026600    0.96915929884
  9031.23272300    0.96867610930
  9032.36737300    0.96861627612
  9033.51421400    0.97068422927
  9034.67324800    0.97473613285
  9035.84447300    0.98101732643
  9037.02789000    0.98867761478
  9038.22349900    0.99472234523
  9039.43130000    0.99723947563
  9040.65129300    1.00101516953
  9041.88347800    1.00485274258
  9043.12785500    1.00756427631
  9044.38442300    1.01005117931
  9045.65318400    1.01263006457
  9046.93413600    1.01626762623
  9048.22728000    1.02002416131
  9049.53261700    1.02328500339
  9050.85014500    1.02503894172
  9052.17986500    1.02676040371
  9053.52177700    1.02925736566
  9054.87588100    1.03085123635
  9056.24217700    1.03084730084
  9057.62066400    1.02981177656
  9059.01134400    1.02915518635
  9060.41421500    1.02855537551
  9061.82927900    1.02761174789
  9063.25653400    1.02687852443
  9064.69598100    1.02628222251
  9066.14762000    1.02545546627
  9067.61145200    1.02472801104
  9069.08747500    1.02452258341
  9070.57568900    1.02459291522
  9072.07609600    1.02548098866
  9073.58869500    1.02596819304
  9075.11348500    1.02566638712
  9076.65046800    1.02372904958
  9078.19964200    1.02147650127
  9079.76100900    1.01916674444
  9081.33456700    1.01574748963
  9082.92031700    1.01281887117
  9084.51825900    1.01020843090
  9086.12839300    1.00825191123
  9087.75071900    1.00651779081
  9089.38523700    1.00473625796
  9091.03194600    1.00240312432
  9092.69084800    0.99963427934
  9094.36194200    0.99594790834
  9096.04522700    0.99237203667
  9097.74070400    0.98906476675
  9099.44837400    0.98614590560
  9101.16823500    0.98385291394
  9102.90028800    0.98280941440
  9104.64453300    0.98312298454
  9106.40097000    0.98434086338
  9108.16959800    0.98526471209
  9109.95041900    0.98639103663
  9111.74343200    0.98690397244
  9113.54863600    0.98791642078
  9115.36603200    0.98892532050
  9117.19562100    0.98965091287
  9119.03740100    0.99154612679
  9120.89137300    0.99366797672
  9122.75753700    0.99755981324
  9124.63589300    1.00074643053
  9126.52644100    1.00390494826
  9128.42918100    1.00769079956
  9130.34411200    1.01069985031
  9132.27123600    1.01162992259
  9134.21055200    1.01252540670
  9136.16205900    1.01353029747
  9138.12575800    1.01357725068
  9140.10164900    1.01279595248
  9142.08973300    1.01187803675
  9144.09000800    1.00981175289
  9146.10247500    1.00612191913
  9148.12713300    1.00223951512
  9150.16398400    0.99800654632
  9152.21302700    0.99573590111
  9154.27426100    0.99475700023
  9156.34768800    0.99387513782
  9158.43330600    0.99420247462
  9160.53111700    0.99517407326
  9162.64111900    0.99537307608
  9164.76331300    0.99516120891
  9166.89769900    0.99453478963
  9169.04427700    0.99440134419
  9171.20304700    0.99554197980
  9173.37400800    0.99642932543
  9175.55716200    0.99629934325
  9177.75250800    0.99643003232
  9179.96004500    0.99689243849
  9182.17977500    0.99644776354
  9184.41169600    0.99607387709
  9186.65580900    0.99627365818
  9188.91211400    0.99645953075
  9191.18061100    0.99750577475
  9193.46130000    0.99824117232
  9195.75418100    0.99858311113
  9198.05925400    0.99813778030
  9200.37651800    0.99761866165
  9202.70597500    0.99647852900
  9205.04762300    0.99615752160
  9207.40146400    0.99705422114
  9209.76749600    0.99837202722
  9212.14572000    0.99868017527
  9214.53613600    0.99788288070
  9216.93874400    0.99784818797
  9219.35354400    0.99648141028
  9221.78053600    0.99432252539
  9224.21972000    0.99324948844
  9226.67109600    0.99283408107
  9229.13466300    0.99232443079
  9231.61042300    0.99197375735
  9234.09837400    0.99075336031
  9236.59851700    0.99023113593
  9239.11085200    0.98962405553
  9241.63538000    0.98908982432
  9244.17209900    0.99041087247
  9246.72100900    0.99122811384
  9249.28211200    0.99164087953
  9251.85540700    0.99328579545
  9254.44089400    0.99505177906
  9257.03857200    0.99588472590
  9259.64844300    0.99637923852
  9262.27050500    0.99700558275
  9264.90475900    0.99622635447
  9267.55120500    0.99550260790
  9270.20984400    0.99442406604
  9272.88067400    0.99375764543
  9275.56369600    0.99331798223
  9278.25890900    0.99428122300
  9280.96631500    0.99572818368
  9283.68591300    0.99611290733
  9286.41770200    0.99654647833
  9289.16168400    0.99798149222
  9291.91785700    0.99881085319
  9294.68622200    0.99732918571
  9297.46678000    0.99562912983
  9300.25952900    0.99560424514
  9303.06447000    0.99489584438
  9305.88160200    0.99504891325
  9308.71092700    0.99605314355
  9311.55244400    0.99655240536
  9314.40615300    0.99777148235
  9317.27205300    0.99752053932
  9320.15014600    0.99698052131
  9323.04043000    0.99727332123
  9325.94290600    0.99734153196
  9328.85757400    0.99703711060
  9331.78443500    0.99592572864
  9334.72348700    0.99583563046
  9337.67473000    0.99784301782
  9340.63816600    0.99916747453
  9343.61379400    0.99835849281
  9346.60161400    0.99766323100
  9349.60162500    0.99652162584
  9352.61382900    0.99583846498
  9355.63822400    0.99538956161
  9358.67481100    0.99476132889
  9361.72359000    0.99624474503
  9364.78456100    0.99741371394
  9367.85772400    0.99698103563
  9370.94307900    0.99821002515
  9374.04062600    0.99922569036
  9377.15036500    0.99937036868
  9380.27229500    0.99975691433
  9383.40641800    0.99997333928
  9386.55273200    1.00036707917
  9389.71123900    1.00036673878
  9392.88193700    1.00003946707
  9396.06482700    1.00039545250
  9399.25990900    0.99989464730
  9402.46718300    1.00133251981
  9405.68664900    1.00273948220
  9408.91830700    1.00303870133
  9412.16215700    1.00392734518
  9415.41819800    1.00395602201
  9418.68643200    1.00269565991
  9421.96685700    1.00192578254
  9425.25947400    1.00322705673
  9428.56428400    1.00421257600
  9431.88128500    1.00359235114
  9435.21047800    1.00280171527
  9438.55186300    1.00333482773
  9441.90544000    1.00261769572
  9445.27120900    1.00228865720
  9448.64916900    1.00342871372
  9452.03932200    1.00399998425
  9455.44166600    1.00377109812
  9458.85620300    1.00351877768
  9462.28293100    1.00232490009
  9465.72185100    1.00193230417
  9469.17296400    1.00252046865
  9472.63626800    1.00296734601
  9476.11176400    1.00339728257
  9479.59945100    1.00525761446
  9483.09933100    1.00629408263
  9486.61140300    1.00650070214
  9490.13566600    1.00641406344
  9493.67212200    1.00755047822
  9497.22076900    1.00708798054
  9500.78160900    1.00592095522
  9504.35464000    1.00469442352
  9507.93986300    1.00515470001
  9511.53727800    1.00662866567
  9515.14688500    1.00575524755
  9518.76868400    1.00564573914
  9522.40267500    1.00608217262
  9526.04885700    1.00515427010
  9529.70723200    1.00372875277
  9533.37779900    1.00433375199
  9537.06055700    1.00555335955
  9540.75550700    1.00581272443
  9544.46265000    1.00625771269
  9548.18198400    1.00644246381
  9551.91351000    1.00667592153
  9555.65722800    1.00547391100
  9559.41313800    1.00499456662
  9563.18123900    1.00560059772
  9566.96153300    1.00476444510
  9570.75401900    1.00427838985
  9574.55869600    1.00309912255
  9578.37556500    1.00237254790
  9582.20462700    1.00243509780
  9586.04588000    1.00177818588
  9589.89932500    1.00143792631
  9593.76496200    1.00096758952
  9597.64279100    1.00092047677
  9601.53281200    1.00149025558
  9605.43502500    1.00245767147
  9609.34942900    1.00123825207
  9613.27602600    1.00066819218
  9617.21481400    1.00061453762
  9621.16579500    1.00198057722
  9625.12896700    1.00240563430
  9629.10433100    1.00106678926
  9633.09188800    1.00066832296
  9637.09163600    0.99787377944
  9641.10357500    0.99769570423
  9645.12770700    0.99865882794
  9649.16403100    0.99775475428
  9653.21254700    0.99804560279
  9657.27325400    0.99807320699
  9661.34615400    0.99830240520
  9665.43124500    0.99866562853
  9669.52852900    0.99944157114
  9673.63800400    1.00097169104
  9677.75967100    0.99935605415
  9681.89353000    0.99855514196
  9686.03958100    0.99982903383
  9690.19782400    0.99871726276
  9694.36825800    0.99580033089
  9698.55088500    0.99487705069
  9702.74570400    0.99550070229
  9706.95271400    0.99716413840
  9711.17191600    0.99643696463
  9715.40331100    0.99799073119
  9719.64689700    0.99841076180
  9723.90267500    0.99873693971
  9728.17064500    1.00019971063
  9732.45080700    0.99960428001
  9736.74316100    0.99822472166
  9741.04770700    0.99800526764
  9745.36444400    0.99738327443
  9749.69337400    0.99806331775
  9754.03449500    0.99777596412
  9758.38780900    0.99797252733
  9762.75331400    0.99785792191
  9767.13101100    0.99665045336
  9771.52090000    0.99618535071
  9775.92298100    0.99602859961
  9780.33725400    0.99735085679
  9784.76371900    0.99743757922
  9789.20237600    0.99674479381
  9793.65322400    0.99527225059
  9798.11626500    0.99520200495
  9802.59149700    0.99526807157
  9807.07892200    0.99273523684
  9811.57853800    0.99332550295
  9816.09034600    0.99643062575
  9820.61434600    0.99849352144
  9825.15053800    0.99866100087
  9829.69892200    0.99717357991
  9834.25949800    0.99604231332
  9838.83226600    0.99687642273
  9843.41722600    0.99528408046
  9848.01437700    0.99450619962
  9852.62372100    0.99570107587
  9857.24525600    0.99651322323
  9861.87898300    0.99754272670
  9866.52490200    0.99791330590
  9871.18301300    0.99831252763
  9875.85331600    0.99835760012
  9880.53581100    0.99923811500
  9885.23049800    1.00326736303
  9889.93737700    1.00373121699
  9894.65644800    1.00361593358
  9899.38771000    1.00472022626
  9904.13116500    1.00474699693
  9908.88681100    1.00427814773
  9913.65464900    1.00452376312
  9918.43467900    1.00667042888
  9923.22690100    1.00647855897
  9928.03131500    1.00733600787
  9932.84792100    1.00796895332
  9937.67671900    1.00844389163
