#---------------------------------
#  energy flat
  10182.0000000    0.00078297727
  10187.0000000    0.00059614662
  10192.0000000    0.00075708063
  10197.0000000    0.00066885689
  10202.0000000    0.00085022218
  10207.0000000    0.00079351109
  10212.0000000    0.00077913431
  10217.0000000    0.00067186446
  10222.0000000    0.00023111454
  10227.0000000   -0.00018271111
  10232.0000000   -0.00045620156
  10237.0000000   -0.00029691244
  10242.0000000   -0.00006897075
  10247.0000000    0.00044310427
  10252.0000000    0.00057849917
  10257.0000000    0.00033201957
  10262.0000000    0.00006787903
  10267.0000000   -0.00015375405
  10272.0000000   -0.00044100964
  10277.0000000   -0.00052499130
  10282.0000000   -0.00046673313
  10287.0000000   -0.00041219762
  10292.0000000   -0.00030857509
  10297.0000000   -0.00036615191
  10302.0000000   -0.00032477553
  10307.0000000   -0.00026184241
  10312.0000000    0.00049843805
  10317.0000000    0.00144190746
  10322.0000000    0.00289633206
  10327.0000000    0.00470544718
  10332.0000000    0.00629838895
  10337.0000000    0.00795106624
  10341.0000000    0.00983726728
  10344.0000000    0.01177769892
  10346.0000000    0.01381885097
  10347.0000000    0.01563304378
  10347.2000000    0.01673253393
  10347.4000000    0.01727423278
  10347.6000000    0.01735536206
  10347.8000000    0.01678217088
  10348.0000000    0.01637814379
  10348.2000000    0.01625106446
  10348.4000000    0.01682877777
  10348.6000000    0.01713993211
  10348.8000000    0.01749523880
  10349.0000000    0.01784361964
  10349.2000000    0.01823658568
  10349.4000000    0.01846558203
  10349.6000000    0.01895447121
  10349.8000000    0.01961321706
  10350.0000000    0.01974343336
  10350.2000000    0.01985114062
  10350.4000000    0.01999399661
  10350.6000000    0.02027337858
  10350.8000000    0.02101229124
  10351.0000000    0.02099654508
  10351.2000000    0.02136327943
  10351.4000000    0.02147444962
  10351.6000000    0.02166561347
  10351.8000000    0.02171739443
  10352.0000000    0.02220186837
  10352.2000000    0.02265959119
  10352.4000000    0.02334171181
  10352.6000000    0.02379631800
  10352.8000000    0.02398895359
  10353.0000000    0.02417786654
  10353.2000000    0.02462797091
  10353.4000000    0.02499184835
  10353.6000000    0.02515929114
  10353.8000000    0.02574055395
  10354.0000000    0.02644128782
  10354.2000000    0.02753393869
  10354.4000000    0.02830791351
  10354.6000000    0.02922464758
  10354.8000000    0.02991784958
  10355.0000000    0.03007706791
  10355.2000000    0.03041635855
  10355.4000000    0.03057903981
  10355.6000000    0.03116913309
  10355.8000000    0.03206093407
  10356.0000000    0.03277274932
  10356.2000000    0.03368870423
  10356.4000000    0.03430052739
  10356.6000000    0.03483400178
  10356.8000000    0.03526142397
  10357.0000000    0.03594579550
  10357.2000000    0.03664523077
  10357.4000000    0.03739418593
  10357.6000000    0.03831672040
  10357.8000000    0.03851723416
  10358.0000000    0.03959101207
  10358.2000000    0.04045796653
  10358.4000000    0.04159641464
  10358.6000000    0.04250977236
  10358.8000000    0.04373981494
  10359.0000000    0.04523390586
  10359.2000000    0.04637131509
  10359.4000000    0.04777640874
  10359.6000000    0.04887633176
  10359.8000000    0.05025813721
  10360.0000000    0.05138160815
  10360.2000000    0.05254386389
  10360.4000000    0.05346129055
  10360.6000000    0.05453939712
  10360.8000000    0.05563204799
  10361.0000000    0.05687983808
  10361.2000000    0.05889553270
  10361.4000000    0.06110670967
  10361.6000000    0.06303340702
  10361.8000000    0.06489984940
  10362.0000000    0.06647540573
  10362.2000000    0.06864537384
  10362.4000000    0.07058142110
  10362.6000000    0.07288419254
  10362.8000000    0.07504861997
  10363.0000000    0.07754912466
  10363.2000000    0.08005205341
  10363.4000000    0.08271046768
  10363.6000000    0.08557319476
  10363.8000000    0.08829844355
  10364.0000000    0.09151646716
  10364.2000000    0.09490642520
  10364.4000000    0.09876630272
  10364.6000000    0.10257943069
  10364.8000000    0.10664085068
  10365.0000000    0.11092043520
  10365.2000000    0.11572361461
  10365.4000000    0.12128552178
  10365.6000000    0.12712931138
  10365.8000000    0.13348197841
  10366.0000000    0.14009367254
  10366.2000000    0.14710516184
  10366.4000000    0.15504714018
  10366.6000000    0.16355877037
  10366.8000000    0.17299379060
  10367.0000000    0.18375043772
  10367.2000000    0.19580654898
  10367.4000000    0.20969437660
  10367.6000000    0.22561148067
  10367.8000000    0.24347994530
  10368.0000000    0.26348728808
  10368.2000000    0.28578154925
  10368.4000000    0.30979394269
  10368.6000000    0.33601118309
  10368.8000000    0.36504032192
  10369.0000000    0.39779262898
  10369.2000000    0.43334886973
  10369.4000000    0.47198659795
  10369.6000000    0.51335328745
  10369.8000000    0.55789409777
  10370.0000000    0.60655440855
  10370.2000000    0.65892022662
  10370.4000000    0.71562024675
  10370.6000000    0.77711174874
  10370.8000000    0.84144960531
  10371.0000000    0.91549335957
  10371.2000000    0.99206817283
  10371.4000000    1.05617173699
  10371.6000000    1.10650718466
  10371.8000000    1.17791175549
  10372.0000000    1.24309618260
  10372.2000000    1.30355333434
  10372.4000000    1.36011171607
  10372.6000000    1.41047142320
  10372.8000000    1.45265443013
  10373.0000000    1.48804971740
  10373.2000000    1.51834407746
  10373.4000000    1.54425416308
  10373.6000000    1.56520166473
  10373.8000000    1.58305656381
  10374.0000000    1.59780708591
  10374.2000000    1.60960663853
  10374.4000000    1.62036641180
  10374.6000000    1.63002892078
  10374.8000000    1.63910910268
  10375.0000000    1.64817314592
  10375.2000000    1.65696860278
  10375.4000000    1.66546222868
  10375.6000000    1.67336729276
  10375.8000000    1.68067098175
  10376.0000000    1.68739372665
  10376.2000000    1.69228437076
  10376.4000000    1.69576192819
  10376.6000000    1.69679617713
  10376.8000000    1.69527664983
  10377.0000000    1.68945491298
  10377.2000000    1.68068427895
  10377.4000000    1.66932696967
  10377.6000000    1.65554920542
  10377.8000000    1.63958196334
  10378.0000000    1.62182521115
  10378.2000000    1.60193888901
  10378.4000000    1.58058822520
  10378.6000000    1.55880655744
  10378.8000000    1.53657553176
  10379.0000000    1.51378745079
  10379.2000000    1.49071969476
  10379.4000000    1.46901784716
  10379.6000000    1.44840071788
  10379.8000000    1.42832930158
  10380.0000000    1.41080915334
  10380.2000000    1.39464919830
  10380.4000000    1.37997237009
  10380.6000000    1.36562914903
  10380.8000000    1.35117472152
  10381.0000000    1.33661930288
  10381.2000000    1.32290654089
  10381.4000000    1.31078217695
  10381.6000000    1.29890865435
  10381.8000000    1.28735159534
  10382.0000000    1.27715178275
  10382.2000000    1.26724852113
  10382.4000000    1.25632416554
  10382.6000000    1.24623536514
  10382.8000000    1.23778257552
  10383.0000000    1.22886275957
  10383.2000000    1.21946656701
  10383.4000000    1.21098315148
  10383.6000000    1.20178424334
  10383.8000000    1.19249265004
  10384.0000000    1.18394518811
  10384.2000000    1.17607121330
  10384.4000000    1.16893911821
  10384.6000000    1.16148543691
  10384.8000000    1.15420138557
  10385.0000000    1.14779790312
  10385.2000000    1.14140440889
  10385.4000000    1.13539732293
  10385.6000000    1.12955224699
  10385.8000000    1.12441545780
  10386.0000000    1.12057149750
  10386.2000000    1.11646031613
  10386.4000000    1.11231254445
  10386.6000000    1.10803000798
  10386.8000000    1.10384091346
  10387.0000000    1.09997779621
  10387.2000000    1.09639061658
  10387.4000000    1.09368988857
  10387.6000000    1.09205031657
  10387.8000000    1.09009798318
  10388.0000000    1.08822402583
  10388.2000000    1.08602761015
  10388.4000000    1.08430572890
  10388.6000000    1.08221100302
  10388.8000000    1.07943557765
  10389.0000000    1.07663896741
  10389.2000000    1.07453107233
  10389.4000000    1.07294948074
  10389.6000000    1.07149526281
  10389.8000000    1.07011837882
  10390.0000000    1.06875043565
  10390.2000000    1.06763314538
  10390.4000000    1.06630576487
  10390.6000000    1.06523873278
  10390.8000000    1.06429993796
  10391.0000000    1.06383878956
  10391.2000000    1.06393095233
  10391.4000000    1.06395950503
  10391.6000000    1.06342872904
  10391.8000000    1.06235870896
  10392.0000000    1.06117365330
  10392.2000000    1.06040321664
  10392.4000000    1.05941524099
  10392.6000000    1.05800714458
  10392.8000000    1.05669836651
  10393.0000000    1.05587138690
  10393.2000000    1.05511013444
  10393.4000000    1.05465978413
  10393.6000000    1.05441973764
  10393.8000000    1.05442600903
  10394.0000000    1.05406011881
  10394.2000000    1.05341210271
  10394.4000000    1.05326042699
  10394.6000000    1.05332580593
  10394.8000000    1.05317485366
  10395.0000000    1.05380402766
  10395.2000000    1.05424266861
  10395.4000000    1.05365136210
  10395.6000000    1.05279195213
  10395.8000000    1.05094172510
  10396.0000000    1.04855796052
  10396.2000000    1.04588288978
  10396.4000000    1.04235776898
  10396.6000000    1.03920258779
  10396.8000000    1.03599677301
  10397.0000000    1.03202176650
  10397.2278600    1.02749486768
  10397.4835810    1.02164820722
  10397.7671620    1.01488129943
  10398.0786040    1.00767800135
  10398.4179050    0.99747482461
  10398.7850670    0.98491375677
  10399.1800900    0.97408121736
  10399.6029730    0.96148208884
  10400.0537160    0.94896007373
  10400.5323190    0.93711085899
  10401.0387830    0.92494395862
  10401.5731070    0.91419268175
  10402.1352920    0.90473786255
  10402.7253370    0.89476924152
  10403.3432420    0.88951359800
  10403.9890080    0.88601257936
  10404.6626340    0.88393414527
  10405.3641200    0.88495286937
  10406.0934670    0.88748213123
  10406.8506740    0.89095620783
  10407.6357410    0.89393552462
  10408.4486690    0.89927836682
  10409.2894570    0.90529812290
  10410.1581060    0.91240171069
  10411.0546140    0.92221623687
  10411.9789830    0.93517237663
  10412.9312130    0.95098538674
  10413.9113030    0.96386085096
  10414.9192530    0.97570574980
  10415.9550640    0.99235958104
  10417.0187340    1.00917369221
  10418.1102660    1.02577165223
  10419.2327230    1.04115168794
  10420.3673730    1.05300910744
  10421.5142140    1.06342861063
  10422.6732480    1.07285934815
  10423.8444730    1.07998611727
  10425.0278900    1.08436532878
  10426.2234990    1.08735619653
  10427.4313000    1.08893241695
  10428.6512930    1.08989671176
  10429.8834780    1.09061166445
  10431.1278550    1.09195029427
  10432.3844230    1.09292914594
  10433.6531840    1.09318410300
  10434.9341360    1.09224838062
  10436.2272800    1.09128120614
  10437.5326170    1.08986530778
  10438.8501450    1.08653086176
  10440.1798650    1.08272728697
  10441.5217770    1.07869492176
  10442.8758810    1.07498611338
  10444.2421770    1.07047264881
  10445.6206640    1.06511713822
  10447.0113440    1.05984124326
  10448.4142150    1.05411202832
  10449.8292790    1.04819336919
  10451.2565340    1.04216717018
  10452.6959810    1.03651927955
  10454.1476200    1.03122510972
  10455.6114520    1.02601506743
  10457.0874750    1.02129258297
  10458.5756890    1.01692779000
  10460.0760960    1.01280726563
  10461.5886950    1.00808344895
  10463.1134850    1.00459791426
  10464.6504680    1.00124735353
  10466.1996420    0.99865750341
  10467.7610090    0.99689621340
  10469.3345670    0.99534186775
  10470.9203170    0.99327830499
  10472.5182590    0.99122562803
  10474.1283930    0.98959156490
  10475.7507190    0.98799515813
  10477.3852370    0.98639360233
  10479.0319460    0.98504449934
  10480.6908480    0.98384062350
  10482.3619420    0.98318449328
  10484.0452270    0.98277841932
  10485.7407040    0.98193772337
  10487.4483740    0.98169169992
  10489.1682350    0.98202418595
  10490.9002880    0.98294151894
  10492.6445330    0.98425524407
  10494.4009700    0.98606986612
  10496.1695980    0.98778673928
  10497.9504190    0.99070402860
  10499.7434320    0.99462010421
  10501.5486360    0.99809377633
  10503.3660320    1.00141929465
  10505.1956210    1.00427346382
  10507.0374010    1.00658034099
  10508.8913730    1.00898183952
  10510.7575370    1.01073677521
  10512.6358930    1.01259457665
  10514.5264410    1.01377630350
  10516.4291810    1.01451678250
  10518.3441120    1.01479094381
  10520.2712360    1.01450791238
  10522.2105520    1.01344747121
  10524.1620590    1.01228837406
  10526.1257580    1.01051413636
  10528.1016490    1.00866463593
  10530.0897330    1.00693656686
  10532.0900080    1.00518240605
  10534.1024750    1.00423532224
  10536.1271330    1.00291617222
  10538.1639840    1.00173952190
  10540.2130270    0.99986714123
  10542.2742610    0.99779142419
  10544.3476880    0.99612561128
  10546.4333060    0.99450743400
  10548.5311170    0.99290722702
  10550.6411190    0.99204037224
  10552.7633130    0.99155306206
  10554.8976990    0.99058572263
  10557.0442770    0.98956854115
  10559.2030470    0.98873050170
  10561.3740080    0.98812570483
  10563.5571620    0.98784200425
  10565.7525080    0.98751897379
  10567.9600450    0.98717866054
  10570.1797750    0.98706524836
  10572.4116960    0.98708666757
  10574.6558090    0.98675485216
  10576.9121140    0.98683859996
  10579.1806110    0.98682472516
  10581.4613000    0.98664986887
  10583.7541810    0.98621309221
  10586.0592540    0.98582068898
  10588.3765180    0.98566120699
  10590.7059750    0.98546174825
  10593.0476230    0.98559161101
  10595.4014640    0.98527385275
  10597.7674960    0.98456938262
  10600.1457200    0.98372228810
  10602.5361360    0.98239695554
  10604.9387440    0.98157679333
  10607.3535440    0.98166914353
  10609.7805360    0.98176560067
  10612.2197200    0.98193239267
  10614.6710960    0.98276002706
  10617.1346630    0.98393483342
  10619.6104230    0.98536545114
  10622.0983740    0.98598847049
  10624.5985170    0.98639402028
  10627.1108520    0.98706989236
  10629.6353800    0.98760749083
  10632.1720990    0.98802900233
  10634.7210090    0.98839071382
  10637.2821120    0.98900412091
  10639.8554070    0.98962785655
  10642.4408940    0.99060474121
  10645.0385720    0.99134017326
  10647.6484430    0.99126343508
  10650.2705050    0.99102292820
  10652.9047590    0.99086534437
  10655.5512050    0.99058666763
  10658.2098440    0.99019688287
  10660.8806740    0.99044530429
  10663.5636960    0.99048967393
  10666.2589090    0.98997063302
  10668.9663150    0.98943298357
  10671.6859130    0.98930326295
  10674.4177020    0.98905292512
  10677.1616840    0.98804883354
  10679.9178570    0.98771551951
  10682.6862220    0.98774240393
  10685.4667800    0.98767241853
  10688.2595290    0.98786071926
  10691.0644700    0.98817643075
  10693.8816020    0.98846824025
  10696.7109270    0.98881614957
  10699.5524440    0.98953684622
  10702.4061530    0.99021131082
  10705.2720530    0.99070551647
  10708.1501460    0.99093338902
  10711.0404300    0.99158194881
  10713.9429060    0.99240702582
  10716.8575740    0.99284706652
  10719.7844350    0.99331013012
  10722.7234870    0.99394420527
  10725.6747300    0.99452760514
  10728.6381660    0.99518614032
  10731.6137940    0.99597220299
  10734.6016140    0.99671516560
  10737.6016250    0.99675075500
  10740.6138290    0.99730389101
  10743.6382240    0.99807389689
  10746.6748110    0.99917079164
  10749.7235900    1.00005061522
  10752.7845610    1.00031155554
  10755.8577240    1.00081784186
  10758.9430790    1.00170025026
  10762.0406260    1.00262482662
  10765.1503650    1.00338348932
  10768.2722950    1.00431010128
  10771.4064180    1.00532019732
  10774.5527320    1.00543293076
  10777.7112390    1.00571750283
  10780.8819370    1.00609982681
  10784.0648270    1.00653472603
  10787.2599090    1.00700299257
  10790.4671830    1.00758272334
  10793.6866490    1.00810908765
  10796.9183070    1.00882466538
  10800.1621570    1.00964721058
  10803.4181980    1.01001520594
  10806.6864320    1.01055526111
  10809.9668570    1.01080004622
  10813.2594740    1.01094988051
  10816.5642840    1.01149354350
  10819.8812850    1.01176388907
  10823.2104780    1.01199135924
  10826.5518630    1.01194582598
  10829.9054400    1.01211814234
  10833.2712090    1.01232596718
  10836.6491690    1.01234609724
  10840.0393220    1.01278227480
  10843.4416660    1.01274502970
  10846.8562030    1.01242428489
  10850.2829310    1.01226102870
  10853.7218510    1.01175710248
  10857.1729640    1.01130397526
  10860.6362680    1.01101504641
  10864.1117640    1.01061552094
  10867.5994510    1.01009275103
  10871.0993310    1.00975302544
  10874.6114030    1.01013638518
  10878.1356660    1.01017365144
  10881.6721220    1.01068432835
  10885.2207690    1.01137875046
  10888.7816090    1.01021812821
  10892.3546400    1.00866227666
  10895.9398630    1.00806712578
  10899.5372780    1.00749407458
  10903.1468850    1.00733463883
  10906.7686840    1.00674511338
  10910.4026750    1.00691246113
  10914.0488570    1.00718275920
  10917.7072320    1.00618768762
  10921.3777990    1.00617735048
  10925.0605570    1.00586170761
  10928.7555070    1.00477074716
  10932.4626500    1.00422168378
  10936.1819840    1.00397481063
  10939.9135100    1.00401725013
  10943.6572280    1.00417857209
  10947.4131380    1.00436696541
  10951.1812390    1.00477632235
  10954.9615330    1.00489514559
  10958.7540190    1.00482038856
  10962.5586960    1.00502855415
  10966.3755650    1.00428408430
  10970.2046270    1.00358952535
  10974.0458800    1.00322126359
  10977.8993250    1.00312637257
  10981.7649620    1.00283188828
  10985.6427910    1.00261008421
  10989.5328120    1.00267160971
  10993.4350250    1.00241819008
  10997.3494290    1.00199125028
  11001.2760260    1.00149240624
  11005.2148140    1.00139209738
  11009.1657950    1.00132240313
  11013.1289670    1.00103247235
  11017.1043310    1.00082242336
  11021.0918880    1.00068350102
  11025.0916360    1.00056472641
  11029.1035750    1.00061841409
  11033.1277070    1.00031781849
  11037.1640310    1.00013215784
  11041.2125470    0.99985574802
  11045.2732540    0.99923652655
  11049.3461540    0.99853842900
  11053.4312450    0.99785296636
  11057.5285290    0.99725470314
  11061.6380040    0.99681996583
  11065.7596710    0.99611363073
  11069.8935300    0.99566710642
  11074.0395810    0.99540373972
  11078.1978240    0.99553467633
  11082.3682580    0.99577139221
  11086.5508850    0.99584270577
  11090.7457040    0.99586670311
  11094.9527140    0.99586142374
  11099.1719160    0.99621651073
  11103.4033110    0.99599187582
  11107.6468970    0.99550693561
  11111.9026750    0.99539557291
  11116.1706450    0.99507483428
  11120.4508070    0.99454461404
  11124.7431610    0.99401088840
  11129.0477070    0.99357024336
  11133.3644440    0.99311984067
  11137.6933740    0.99249004428
  11142.0344950    0.99237457152
  11146.3878090    0.99282376506
  11150.7533140    0.99303613386
  11155.1310110    0.99340320612
  11159.5209000    0.99295874109
  11163.9229810    0.99406753475
  11168.3372540    0.99405655974
  11172.7637190    0.99353465397
  11177.2023760    0.99426281948
  11181.6532240    0.99363535480
  11186.1162650    0.99308264903
  11190.5914970    0.99292562360
  11195.0789220    0.99279508580
  11199.5785380    0.99264187442
  11204.0903460    0.99269564451
  11208.6143460    0.99282630844
  11213.1505380    0.99311264900
  11217.6989220    0.99324600361
  11222.2594980    0.99391716899
  11226.8322660    0.99480236209
  11231.4172260    0.99580260391
  11236.0143770    0.99624863266
  11240.6237210    0.99665314296
  11245.2452560    0.99681276307
  11249.8789830    0.99678251641
  11254.5249020    0.99730038221
  11259.1830130    0.99795575243
  11263.8533160    0.99878480401
  11268.5358110    0.99990654661
  11273.2304980    1.00125964075
  11277.9373770    1.00232536472
  11282.6564480    1.00372194858
  11287.3877100    1.00545268001
  11292.1311650    1.00683975998
  11296.8868110    1.00789978628
  11301.6546490    1.00988777365
  11306.4346790    1.01168740210
  11311.2269010    1.01330580492
  11316.0313150    1.01453861077
  11320.8479210    1.01706709500
  11325.6767190    1.02002009069
