#---------------------------------
#  energy flat
  8794.00000000    0.00341895098
  8799.00000000    0.00216785399
  8804.00000000    0.00149510162
  8809.00000000    0.00015944901
  8814.00000000   -0.00125221159
  8819.00000000   -0.00247148516
  8824.00000000   -0.00291621354
  8829.00000000   -0.00291173200
  8834.00000000   -0.00258178367
  8839.00000000   -0.00144914878
  8844.00000000   -0.00032808604
  8849.00000000    0.00031851845
  8854.00000000    0.00125258573
  8859.00000000    0.00152243776
  8864.00000000    0.00134794545
  8869.00000000    0.00086968413
  8874.00000000    0.00155021607
  8879.00000000    0.00169080190
  8884.00000000    0.00262118713
  8889.00000000    0.00200721603
  8894.00000000    0.00184824091
  8899.00000000    0.00081938185
  8904.00000000   -0.00098112937
  8909.00000000   -0.00217291908
  8914.00000000   -0.00233018467
  8919.00000000   -0.00198971621
  8924.00000000   -0.00110351556
  8929.00000000    0.00023413053
  8934.00000000    0.00185568886
  8939.00000000    0.00307090684
  8944.00000000    0.00485381779
  8949.00000000    0.00555183946
  8953.00000000    0.00694650260
  8956.00000000    0.00800920068
  8958.00000000    0.00894231486
  8959.00000000    0.00945456880
  8959.20000000    0.00974049080
  8959.40000000    0.01011530798
  8959.60000000    0.01055535001
  8959.80000000    0.01082220426
  8960.00000000    0.01094743115
  8960.20000000    0.01089815524
  8960.40000000    0.01109820661
  8960.60000000    0.01121567490
  8960.80000000    0.01129408717
  8961.00000000    0.01177265921
  8961.20000000    0.01163935370
  8961.40000000    0.01210648509
  8961.60000000    0.01235400858
  8961.80000000    0.01255576948
  8962.00000000    0.01289061013
  8962.20000000    0.01226614564
  8962.40000000    0.01217294816
  8962.60000000    0.01287691416
  8962.80000000    0.01360718052
  8963.00000000    0.01416504810
  8963.20000000    0.01433616909
  8963.40000000    0.01375786172
  8963.60000000    0.01366926679
  8963.80000000    0.01335317387
  8964.00000000    0.01423598223
  8964.20000000    0.01442169992
  8964.40000000    0.01457861872
  8964.60000000    0.01471252472
  8964.80000000    0.01473412825
  8965.00000000    0.01513406225
  8965.20000000    0.01630854145
  8965.40000000    0.01715663336
  8965.60000000    0.01745610004
  8965.80000000    0.01714027012
  8966.00000000    0.01735347167
  8966.20000000    0.01704987141
  8966.40000000    0.01773713670
  8966.60000000    0.01778675009
  8966.80000000    0.01800508020
  8967.00000000    0.01790596514
  8967.20000000    0.01773991569
  8967.40000000    0.01842862750
  8967.60000000    0.01888405523
  8967.80000000    0.01896194150
  8968.00000000    0.01936542605
  8968.20000000    0.01992500315
  8968.40000000    0.02015122337
  8968.60000000    0.02067503201
  8968.80000000    0.02122408897
  8969.00000000    0.02126002619
  8969.20000000    0.02158276867
  8969.40000000    0.02175191714
  8969.60000000    0.02187859055
  8969.80000000    0.02245092332
  8970.00000000    0.02241637561
  8970.20000000    0.02288377000
  8970.40000000    0.02337838525
  8970.60000000    0.02376043502
  8970.80000000    0.02484536154
  8971.00000000    0.02513115204
  8971.20000000    0.02599278863
  8971.40000000    0.02638154498
  8971.60000000    0.02689509648
  8971.80000000    0.02777751034
  8972.00000000    0.02894870200
  8972.20000000    0.02997300622
  8972.40000000    0.03078309413
  8972.60000000    0.03149284621
  8972.80000000    0.03211107309
  8973.00000000    0.03339890678
  8973.20000000    0.03421662179
  8973.40000000    0.03513138507
  8973.60000000    0.03591569864
  8973.80000000    0.03711003460
  8974.00000000    0.03808331615
  8974.20000000    0.03913944380
  8974.40000000    0.04041425882
  8974.60000000    0.04140055904
  8974.80000000    0.04300097235
  8975.00000000    0.04415914534
  8975.20000000    0.04595497022
  8975.40000000    0.04825826028
  8975.60000000    0.05090792591
  8975.80000000    0.05377022983
  8976.00000000    0.05613927076
  8976.20000000    0.05954454533
  8976.40000000    0.06244695728
  8976.60000000    0.06634154979
  8976.80000000    0.07033424260
  8977.00000000    0.07434889619
  8977.20000000    0.07883590401
  8977.40000000    0.08445461572
  8977.60000000    0.09120779287
  8977.80000000    0.09956581714
  8978.00000000    0.10868142289
  8978.20000000    0.11915807156
  8978.40000000    0.13212536302
  8978.60000000    0.14870408653
  8978.80000000    0.16912739465
  8979.00000000    0.19439680457
  8979.20000000    0.22386072521
  8979.40000000    0.25962055425
  8979.60000000    0.30264808946
  8979.80000000    0.35324091928
  8980.00000000    0.41120126509
  8980.20000000    0.47364003386
  8980.40000000    0.53673326975
  8980.60000000    0.59720862544
  8980.80000000    0.65008862880
  8981.00000000    0.69002089624
  8981.20000000    0.71368921696
  8981.40000000    0.71958210994
  8981.60000000    0.70900472972
  8981.80000000    0.68465141517
  8982.00000000    0.65036412074
  8982.20000000    0.61192839646
  8982.40000000    0.57324944910
  8982.60000000    0.53839252310
  8982.80000000    0.50952595034
  8983.00000000    0.48704173737
  8983.20000000    0.47215574906
  8983.40000000    0.46362779248
  8983.60000000    0.46102207074
  8983.80000000    0.46340544744
  8984.00000000    0.46991395607
  8984.20000000    0.47955778299
  8984.40000000    0.49114762639
  8984.60000000    0.50372063049
  8984.80000000    0.51676696293
  8985.00000000    0.52896187515
  8985.20000000    0.54056495146
  8985.40000000    0.55173386228
  8985.60000000    0.56210447920
  8985.80000000    0.57188628436
  8986.00000000    0.58095053743
  8986.20000000    0.59136234148
  8986.40000000    0.60230980467
  8986.60000000    0.61447187035
  8986.80000000    0.62821582269
  8987.00000000    0.64293938368
  8987.20000000    0.65952256274
  8987.40000000    0.67890835866
  8987.60000000    0.69913489701
  8987.80000000    0.72113268390
  8988.00000000    0.74339944343
  8988.20000000    0.76652035816
  8988.40000000    0.79008829862
  8988.60000000    0.81417927270
  8988.80000000    0.83842717941
  8989.00000000    0.86356264229
  8989.20000000    0.88704794077
  8989.40000000    0.91104312219
  8989.60000000    0.93443015868
  8989.80000000    0.95704388395
  8990.00000000    0.97958257206
  8990.20000000    1.00050028855
  8990.40000000    1.02042640056
  8990.60000000    1.03888276767
  8990.80000000    1.05482631805
  8991.00000000    1.06921859220
  8991.20000000    1.07989323048
  8991.40000000    1.08875227382
  8991.60000000    1.09381583202
  8991.80000000    1.09746224526
  8992.00000000    1.09766796478
  8992.20000000    1.09798748226
  8992.40000000    1.09652243856
  8992.60000000    1.09449264363
  8992.80000000    1.09253535472
  8993.00000000    1.08985972031
  8993.20000000    1.08836409927
  8993.40000000    1.08702225194
  8993.60000000    1.08711211204
  8993.80000000    1.08897084987
  8994.00000000    1.09282543731
  8994.20000000    1.09957113802
  8994.40000000    1.10997539594
  8994.60000000    1.12189052472
  8994.80000000    1.13064794975
  8995.00000000    1.14486576836
  8995.20000000    1.16044875352
  8995.40000000    1.17650216732
  8995.60000000    1.19234167463
  8995.80000000    1.20753673865
  8996.00000000    1.22170889728
  8996.20000000    1.23341978445
  8996.40000000    1.24359648725
  8996.60000000    1.25181556998
  8996.80000000    1.25786741874
  8997.00000000    1.26136883738
  8997.20000000    1.26173175003
  8997.40000000    1.25964443661
  8997.60000000    1.25483021737
  8997.80000000    1.24738929651
  8998.00000000    1.23781480537
  8998.20000000    1.22609464569
  8998.40000000    1.21302545482
  8998.60000000    1.19893256794
  8998.80000000    1.18457895795
  8999.00000000    1.17026813073
  8999.20000000    1.15607004507
  8999.40000000    1.14262274725
  8999.60000000    1.12995779757
  8999.80000000    1.11685538582
  9000.00000000    1.10264695711
  9000.20000000    1.09331136900
  9000.40000000    1.08478995195
  9000.60000000    1.07749009819
  9000.80000000    1.07134316370
  9001.00000000    1.06614374264
  9001.20000000    1.06244466818
  9001.40000000    1.05920365746
  9001.60000000    1.05751112272
  9001.80000000    1.05520017831
  9002.00000000    1.05388619136
  9002.20000000    1.05171761738
  9002.40000000    1.04942560588
  9002.60000000    1.04771500599
  9002.80000000    1.04507328470
  9003.00000000    1.04315236662
  9003.20000000    1.04062934421
  9003.40000000    1.03857911250
  9003.60000000    1.03629550708
  9003.80000000    1.03396078922
  9004.00000000    1.03088431170
  9004.20000000    1.02849707624
  9004.40000000    1.02632225743
  9004.60000000    1.02371418164
  9004.80000000    1.02170987143
  9005.00000000    1.01988089400
  9005.20000000    1.01829615617
  9005.40000000    1.01673052683
  9005.60000000    1.01491100826
  9005.80000000    1.01281840110
  9006.00000000    1.01093031950
  9006.20000000    1.00864869348
  9006.40000000    1.00678725561
  9006.60000000    1.00534784679
  9006.80000000    1.00349727195
  9007.00000000    1.00171130422
  9007.20000000    0.99900946657
  9007.40000000    0.99669546702
  9007.60000000    0.99401790459
  9007.80000000    0.99101649267
  9008.00000000    0.98936182911
  9008.20000000    0.98683889864
  9008.40000000    0.98433954588
  9008.60000000    0.98126543784
  9008.80000000    0.97876668851
  9009.00000000    0.97717836420
  9009.22786000    0.97562742899
  9009.48358100    0.97480118924
  9009.76716200    0.97362747260
  9010.07860400    0.97288933814
  9010.41790500    0.97367810164
  9010.78506700    0.97606778172
  9011.18009000    0.98029731432
  9011.60297300    0.98593288440
  9012.05371600    0.99430543717
  9012.53231900    1.00687611384
  9013.03878300    1.02437517589
  9013.57310700    1.04484211023
  9014.13529200    1.06402117692
  9014.72533700    1.07609861716
  9015.34324200    1.08327255314
  9015.98900800    1.08767957069
  9016.66263400    1.08489854058
  9017.36412000    1.07465827149
  9018.09346700    1.05455356805
  9018.85067400    1.03465429111
  9019.63574100    1.01260207875
  9020.44866900    0.99017351521
  9021.28945700    0.96979744587
  9022.15810600    0.95205985397
  9023.05461400    0.93659597982
  9023.97898300    0.92645063885
  9024.93121300    0.91994774628
  9025.91130300    0.91785189893
  9026.91925300    0.91830423882
  9027.95506400    0.92073410341
  9029.01873400    0.92498297021
  9030.11026600    0.92926063827
  9031.23272300    0.93509536778
  9032.36737300    0.94101359655
  9033.51421400    0.94896327310
  9034.67324800    0.95875385607
  9035.84447300    0.96961147185
  9037.02789000    0.98183634643
  9038.22349900    0.99380746805
  9039.43130000    1.00349906284
  9040.65129300    1.01048652223
  9041.88347800    1.01506087017
  9043.12785500    1.01718437645
  9044.38442300    1.02190658913
  9045.65318400    1.02610027198
  9046.93413600    1.03038363001
  9048.22728000    1.03523994075
  9049.53261700    1.03992451853
  9050.85014500    1.04298047084
  9052.17986500    1.04485898850
  9053.52177700    1.04551313586
  9054.87588100    1.04416377539
  9056.24217700    1.04169079517
  9057.62066400    1.03845991343
  9059.01134400    1.03488523418
  9060.41421500    1.03086617198
  9061.82927900    1.02674213714
  9063.25653400    1.02318288056
  9064.69598100    1.02005651159
  9066.14762000    1.01742997192
  9067.61145200    1.01553983775
  9069.08747500    1.01456035932
  9070.57568900    1.01450061579
  9072.07609600    1.01464352885
  9073.58869500    1.01485773461
  9075.11348500    1.01498504210
  9076.65046800    1.01420553647
  9078.19964200    1.01284390166
  9079.76100900    1.01141759380
  9081.33456700    1.01019106730
  9082.92031700    1.00912210724
  9084.51825900    1.00885283490
  9086.12839300    1.00904410462
  9087.75071900    1.00899040590
  9089.38523700    1.00894618980
  9091.03194600    1.00836795582
  9092.69084800    1.00688972347
  9094.36194200    1.00456106273
  9096.04522700    1.00138104569
  9097.74070400    0.99798810044
  9099.44837400    0.99468769148
  9101.16823500    0.99083321548
  9102.90028800    0.98739974103
  9104.64453300    0.98440237465
  9106.40097000    0.98161083920
  9108.16959800    0.97973877748
  9109.95041900    0.97838626810
  9111.74343200    0.97857177175
  9113.54863600    0.97917868546
  9115.36603200    0.97951541414
  9117.19562100    0.98013489348
  9119.03740100    0.98045783352
  9120.89137300    0.98067737767
  9122.75753700    0.98216808118
  9124.63589300    0.98555388554
  9126.52644100    0.98818854534
  9128.42918100    0.99130169528
  9130.34411200    0.99503150574
  9132.27123600    0.99791418515
  9134.21055200    1.00021519354
  9136.16205900    1.00223838743
  9138.12575800    1.00364509989
  9140.10164900    1.00463003483
  9142.08973300    1.00532687528
  9144.09000800    1.00641898513
  9146.10247500    1.00666584990
  9148.12713300    1.00688811485
  9150.16398400    1.00807605442
  9152.21302700    1.00804602071
  9154.27426100    1.00699743780
  9156.34768800    1.00549976756
  9158.43330600    1.00538226360
  9160.53111700    1.00460801858
  9162.64111900    1.00317104299
  9164.76331300    1.00219257197
  9166.89769900    1.00089968905
  9169.04427700    0.99944235431
  9171.20304700    0.99879320003
  9173.37400800    0.99808725253
  9175.55716200    0.99696923056
  9177.75250800    0.99675813581
  9179.96004500    0.99665158123
  9182.17977500    0.99634503705
  9184.41169600    0.99621910206
  9186.65580900    0.99584747213
  9188.91211400    0.99551132133
  9191.18061100    0.99522855447
  9193.46130000    0.99478668236
  9195.75418100    0.99518039873
  9198.05925400    0.99620089058
  9200.37651800    0.99704627081
  9202.70597500    0.99681706965
  9205.04762300    0.99661185880
  9207.40146400    0.99629808044
  9209.76749600    0.99618870873
  9212.14572000    0.99524460853
  9214.53613600    0.99425530638
  9216.93874400    0.99301117551
  9219.35354400    0.99195220454
  9221.78053600    0.99101525320
  9224.21972000    0.99063767361
  9226.67109600    0.99082601491
  9229.13466300    0.99106739295
  9231.61042300    0.99156901840
  9234.09837400    0.99201367680
  9236.59851700    0.99248180629
  9239.11085200    0.99335024832
  9241.63538000    0.99403193150
  9244.17209900    0.99435559482
  9246.72100900    0.99450213192
  9249.28211200    0.99529757711
  9251.85540700    0.99646308889
  9254.44089400    0.99817928762
  9257.03857200    0.99976466659
  9259.64844300    1.00106845138
  9262.27050500    1.00252084566
  9264.90475900    1.00306896788
  9267.55120500    1.00325136865
  9270.20984400    1.00386933379
  9272.88067400    1.00472578961
  9275.56369600    1.00441041873
  9278.25890900    1.00374264700
  9280.96631500    1.00295486786
  9283.68591300    1.00120300314
  9286.41770200    1.00022198303
  9289.16168400    0.99944676377
  9291.91785700    0.99969938507
  9294.68622200    1.00037745121
  9297.46678000    1.00055875068
  9300.25952900    1.00037966237
  9303.06447000    1.00056436925
  9305.88160200    1.00061119498
  9308.71092700    1.00063703865
  9311.55244400    1.00026856242
  9314.40615300    0.99994615583
  9317.27205300    1.00052364801
  9320.15014600    1.00044601076
  9323.04043000    1.00035087885
  9325.94290600    1.00042219751
  9328.85757400    1.00132020934
  9331.78443500    1.00173814884
  9334.72348700    1.00128923809
  9337.67473000    1.00098823770
  9340.63816600    1.00067427603
  9343.61379400    1.00039267757
  9346.60161400    1.00007593322
  9349.60162500    1.00039425676
  9352.61382900    1.00053451394
  9355.63822400    1.00065747561
  9358.67481100    1.00169766034
  9361.72359000    1.00232670315
  9364.78456100    1.00268668807
  9367.85772400    1.00270324385
  9370.94307900    1.00281011863
  9374.04062600    1.00328115109
  9377.15036500    1.00334289683
  9380.27229500    1.00321395888
  9383.40641800    1.00350244016
  9386.55273200    1.00414421019
  9389.71123900    1.00450572614
  9392.88193700    1.00482399009
  9396.06482700    1.00418851195
  9399.25990900    1.00423151761
  9402.46718300    1.00431024998
  9405.68664900    1.00413516258
  9408.91830700    1.00436194037
  9412.16215700    1.00544927576
  9415.41819800    1.00597775219
  9418.68643200    1.00604757922
  9421.96685700    1.00674733725
  9425.25947400    1.00780402995
  9428.56428400    1.00886102319
  9431.88128500    1.00911510518
  9435.21047800    1.00889896848
  9438.55186300    1.00870889286
  9441.90544000    1.00824793704
  9445.27120900    1.00769992761
  9448.64916900    1.00681289364
  9452.03932200    1.00594555079
  9455.44166600    1.00625457159
  9458.85620300    1.00655115471
  9462.28293100    1.00632715625
  9465.72185100    1.00620823302
  9469.17296400    1.00354459461
  9472.63626800    1.00178050686
  9476.11176400    0.99795635725
  9479.59945100    0.99497698591
  9483.09933100    0.99395985457
  9486.61140300    0.99451699640
  9490.13566600    0.99407541009
  9493.67212200    0.99372519988
  9497.22076900    0.99416433704
  9500.78160900    0.99390864483
  9504.35464000    0.99303093246
  9507.93986300    0.99326934056
  9511.53727800    0.99302028825
  9515.14688500    0.99275765787
  9518.76868400    0.99306921113
  9522.40267500    0.99301807772
  9526.04885700    0.99331799784
  9529.70723200    0.99354889781
  9533.37779900    0.99337223945
  9537.06055700    0.99274194382
  9540.75550700    0.99204693572
  9544.46265000    0.99205144539
  9548.18198400    0.99322409214
  9551.91351000    0.99498962901
  9555.65722800    0.99628388724
  9559.41313800    0.99702580497
  9563.18123900    0.99819633014
  9566.96153300    0.99881334780
  9570.75401900    0.99867849881
  9574.55869600    0.99836218364
  9578.37556500    0.99829119981
  9582.20462700    0.99846969891
  9586.04588000    0.99904491247
  9589.89932500    1.00033922792
  9593.76496200    1.00154333150
  9597.64279100    1.00140238273
  9601.53281200    1.00113114491
  9605.43502500    1.00076770517
  9609.34942900    1.00016052848
  9613.27602600    0.99955705228
  9617.21481400    0.99864399960
  9621.16579500    0.99842336847
  9625.12896700    0.99939062156
  9629.10433100    0.99946615133
  9633.09188800    0.99991654565
  9637.09163600    0.99984519685
  9641.10357500    0.99995087523
  9645.12770700    1.00001446811
  9649.16403100    1.00004752524
  9653.21254700    1.00076355388
  9657.27325400    1.00162075085
  9661.34615400    1.00282161056
  9665.43124500    1.00376121782
  9669.52852900    1.00434303936
  9673.63800400    1.00456181546
  9677.75967100    1.00484308452
  9681.89353000    1.00371508405
  9686.03958100    1.00339730954
  9690.19782400    1.00311522962
  9694.36825800    1.00239808859
  9698.55088500    1.00196022355
  9702.74570400    1.00119859806
  9706.95271400    1.00097826632
  9711.17191600    1.00062360991
  9715.40331100    1.00011757670
  9719.64689700    1.00016980482
  9723.90267500    0.99956395826
  9728.17064500    0.99901599565
  9732.45080700    0.99891970285
  9736.74316100    0.99906186037
  9741.04770700    0.99892285653
  9745.36444400    0.99922762111
  9749.69337400    0.99932242109
  9754.03449500    0.99964342517
  9758.38780900    0.99998323239
  9762.75331400    1.00039562009
  9767.13101100    1.00071896796
  9771.52090000    1.00023409871
  9775.92298100    1.00034612262
  9780.33725400    1.00004946905
  9784.76371900    0.99985689544
  9789.20237600    1.00086714022
  9793.65322400    1.00099766349
  9798.11626500    1.00205575029
  9802.59149700    1.00057259132
  9807.07892200    0.99978281165
  9811.57853800    0.99808389536
  9816.09034600    0.99676032018
  9820.61434600    0.99693377776
  9825.15053800    0.99706069396
  9829.69892200    0.99861599687
  9834.25949800    1.00020946676
  9838.83226600    1.00120597883
  9843.41722600    1.00035078452
  9848.01437700    0.99967064417
  9852.62372100    1.00021763392
  9857.24525600    1.00048693178
  9861.87898300    1.00108195873
  9866.52490200    1.00068517424
  9871.18301300    0.99983427827
  9875.85331600    1.00019974104
  9880.53581100    0.99961982394
  9885.23049800    0.99915354361
  9889.93737700    0.99887708806
  9894.65644800    1.00019035724
  9899.38771000    1.00017501518
  9904.13116500    1.00064837599
  9908.88681100    1.00092793097
  9913.65464900    1.00001899658
  9918.43467900    1.00093271431
  9923.22690100    1.00044180090
  9928.03131500    0.99926930288
  9932.84792100    1.00017314269
  9937.67671900    1.00060411425
