#---------------------------------
#  energy flat
  10182.0000000   -0.00088550936
  10187.0000000   -0.00091211571
  10192.0000000   -0.00054354922
  10197.0000000   -0.00048686489
  10202.0000000   -0.00028182722
  10207.0000000   -0.00056013713
  10212.0000000   -0.00041641186
  10217.0000000   -0.00049883605
  10222.0000000   -0.00057123047
  10227.0000000   -0.00062967043
  10232.0000000   -0.00040056132
  10237.0000000   -0.00003818712
  10242.0000000    0.00026339797
  10247.0000000    0.00015620462
  10252.0000000    0.00014433766
  10257.0000000    0.00027628885
  10262.0000000    0.00037614479
  10267.0000000    0.00053556882
  10272.0000000    0.00091067647
  10277.0000000    0.00114414635
  10282.0000000    0.00088659370
  10287.0000000    0.00024799709
  10292.0000000   -0.00014805357
  10297.0000000   -0.00026231136
  10302.0000000   -0.00064571579
  10307.0000000   -0.00100653144
  10312.0000000   -0.00054194083
  10317.0000000   -0.00019831794
  10322.0000000    0.00109255110
  10327.0000000    0.00274876531
  10332.0000000    0.00446890839
  10337.0000000    0.00656250769
  10341.0000000    0.00827959937
  10344.0000000    0.01052818265
  10346.0000000    0.01227693577
  10347.0000000    0.01327223644
  10347.2000000    0.01441173991
  10347.4000000    0.01476421188
  10347.6000000    0.01516125091
  10347.8000000    0.01547159785
  10348.0000000    0.01569132803
  10348.2000000    0.01620314248
  10348.4000000    0.01690142339
  10348.6000000    0.01752827492
  10348.8000000    0.01776440159
  10349.0000000    0.01794776295
  10349.2000000    0.01820735055
  10349.4000000    0.01808493483
  10349.6000000    0.01817410360
  10349.8000000    0.01790202631
  10350.0000000    0.01831842714
  10350.2000000    0.01857565993
  10350.4000000    0.01921411110
  10350.6000000    0.01944692358
  10350.8000000    0.01966639211
  10351.0000000    0.01974055984
  10351.2000000    0.01996752889
  10351.4000000    0.02071159787
  10351.6000000    0.02133757724
  10351.8000000    0.02190276750
  10352.0000000    0.02212764339
  10352.2000000    0.02244514199
  10352.4000000    0.02250483197
  10352.6000000    0.02316648242
  10352.8000000    0.02364079427
  10353.0000000    0.02412173448
  10353.2000000    0.02486545460
  10353.4000000    0.02582799808
  10353.6000000    0.02657407302
  10353.8000000    0.02690561330
  10354.0000000    0.02745100567
  10354.2000000    0.02773091445
  10354.4000000    0.02820731946
  10354.6000000    0.02866288000
  10354.8000000    0.02897209315
  10355.0000000    0.02889782031
  10355.2000000    0.02957316358
  10355.4000000    0.03021100425
  10355.6000000    0.03108694287
  10355.8000000    0.03229962003
  10356.0000000    0.03317704132
  10356.2000000    0.03369749009
  10356.4000000    0.03441513282
  10356.6000000    0.03485499459
  10356.8000000    0.03559008039
  10357.0000000    0.03634417914
  10357.2000000    0.03706932239
  10357.4000000    0.03783275318
  10357.6000000    0.03876599230
  10357.8000000    0.03966521743
  10358.0000000    0.04054987759
  10358.2000000    0.04112544647
  10358.4000000    0.04176197890
  10358.6000000    0.04313024829
  10358.8000000    0.04450968125
  10359.0000000    0.04559877423
  10359.2000000    0.04654527009
  10359.4000000    0.04746821780
  10359.6000000    0.04851108664
  10359.8000000    0.04974853297
  10360.0000000    0.05120689583
  10360.2000000    0.05259330602
  10360.4000000    0.05403178378
  10360.6000000    0.05565585584
  10360.8000000    0.05729710934
  10361.0000000    0.05912160233
  10361.2000000    0.06026825746
  10361.4000000    0.06203187412
  10361.6000000    0.06383560985
  10361.8000000    0.06591285298
  10362.0000000    0.06786729687
  10362.2000000    0.07006036201
  10362.4000000    0.07198131520
  10362.6000000    0.07406937304
  10362.8000000    0.07658670493
  10363.0000000    0.07859121044
  10363.2000000    0.08112336894
  10363.4000000    0.08347237517
  10363.6000000    0.08650776635
  10363.8000000    0.08925883544
  10364.0000000    0.09220753455
  10364.2000000    0.09579116155
  10364.4000000    0.09902191517
  10364.6000000    0.10240076048
  10364.8000000    0.10614573592
  10365.0000000    0.11030603095
  10365.2000000    0.11444696417
  10365.4000000    0.11960413089
  10365.6000000    0.12513161406
  10365.8000000    0.13084975004
  10366.0000000    0.13752306875
  10366.2000000    0.14424592578
  10366.4000000    0.15182890080
  10366.6000000    0.16022001344
  10366.8000000    0.16911889397
  10367.0000000    0.17897784129
  10367.2000000    0.19026310877
  10367.4000000    0.20350147725
  10367.6000000    0.21816668919
  10367.8000000    0.23468923966
  10368.0000000    0.25269950990
  10368.2000000    0.27267962650
  10368.4000000    0.29471663039
  10368.6000000    0.31884331455
  10368.8000000    0.34599497660
  10369.0000000    0.37672037567
  10369.2000000    0.40976866890
  10369.4000000    0.44580583287
  10369.6000000    0.48512491122
  10369.8000000    0.52780160689
  10370.0000000    0.57510856656
  10370.2000000    0.62672640755
  10370.4000000    0.68267850358
  10370.6000000    0.74300497371
  10370.8000000    0.80732486122
  10371.0000000    0.87752864645
  10371.2000000    0.95475623431
  10371.4000000    1.02997021427
  10371.6000000    1.08187275362
  10371.8000000    1.14773132861
  10372.0000000    1.21904575441
  10372.2000000    1.28573899228
  10372.4000000    1.34856545484
  10372.6000000    1.40486943361
  10372.8000000    1.45218726844
  10373.0000000    1.49195347735
  10373.2000000    1.52564897686
  10373.4000000    1.55379461684
  10373.6000000    1.57719801119
  10373.8000000    1.59727658372
  10374.0000000    1.61352483371
  10374.2000000    1.62695969200
  10374.4000000    1.63798827958
  10374.6000000    1.64800604188
  10374.8000000    1.65778570677
  10375.0000000    1.66664873819
  10375.2000000    1.67535844473
  10375.4000000    1.68425950113
  10375.6000000    1.69295455378
  10375.8000000    1.70024421642
  10376.0000000    1.70702262070
  10376.2000000    1.71280624419
  10376.4000000    1.71630639222
  10376.6000000    1.71741770813
  10376.8000000    1.71648765772
  10377.0000000    1.71272083626
  10377.2000000    1.70587478475
  10377.4000000    1.69579600361
  10377.6000000    1.68304336859
  10377.8000000    1.66676949486
  10378.0000000    1.64884427939
  10378.2000000    1.62857104552
  10378.4000000    1.60667437811
  10378.6000000    1.58477194749
  10378.8000000    1.56125026880
  10379.0000000    1.53605805917
  10379.2000000    1.51093055512
  10379.4000000    1.48731849672
  10379.6000000    1.46499006515
  10379.8000000    1.44387705754
  10380.0000000    1.42395452998
  10380.2000000    1.40502014234
  10380.4000000    1.38753840333
  10380.6000000    1.37113969383
  10380.8000000    1.35541462443
  10381.0000000    1.34120290443
  10381.2000000    1.32859785378
  10381.4000000    1.31629228815
  10381.6000000    1.30424591364
  10381.8000000    1.29348979002
  10382.0000000    1.28402269576
  10382.2000000    1.27513242987
  10382.4000000    1.26584026105
  10382.6000000    1.25625416150
  10382.8000000    1.24680846342
  10383.0000000    1.23672939155
  10383.2000000    1.22698137317
  10383.4000000    1.21726456139
  10383.6000000    1.20803596439
  10383.8000000    1.19909149783
  10384.0000000    1.18930224546
  10384.2000000    1.17974636338
  10384.4000000    1.17140066333
  10384.6000000    1.16398954440
  10384.8000000    1.15686517034
  10385.0000000    1.14981839830
  10385.2000000    1.14302487971
  10385.4000000    1.13646158932
  10385.6000000    1.12999194737
  10385.8000000    1.12405900762
  10386.0000000    1.11797969896
  10386.2000000    1.11225847458
  10386.4000000    1.10714930536
  10386.6000000    1.10328031593
  10386.8000000    1.10025136181
  10387.0000000    1.09710813201
  10387.2000000    1.09363136674
  10387.4000000    1.08983641548
  10387.6000000    1.08574368617
  10387.8000000    1.08198601332
  10388.0000000    1.07956044251
  10388.2000000    1.07799723135
  10388.4000000    1.07719887284
  10388.6000000    1.07668289101
  10388.8000000    1.07562911216
  10389.0000000    1.07422487448
  10389.2000000    1.07234075005
  10389.4000000    1.06976096766
  10389.6000000    1.06692369690
  10389.8000000    1.06519193917
  10390.0000000    1.06465360715
  10390.2000000    1.06356038127
  10390.4000000    1.06295064717
  10390.6000000    1.06212720498
  10390.8000000    1.06102673580
  10391.0000000    1.05992867728
  10391.2000000    1.05910653654
  10391.4000000    1.05812371301
  10391.6000000    1.05821011748
  10391.8000000    1.05802577252
  10392.0000000    1.05730763631
  10392.2000000    1.05666935577
  10392.4000000    1.05596615286
  10392.6000000    1.05505970377
  10392.8000000    1.05394372867
  10393.0000000    1.05354323320
  10393.2000000    1.05378478172
  10393.4000000    1.05384907266
  10393.6000000    1.05374011755
  10393.8000000    1.05334418715
  10394.0000000    1.05362989503
  10394.2000000    1.05419448011
  10394.4000000    1.05503741876
  10394.6000000    1.05538580803
  10394.8000000    1.05630751251
  10395.0000000    1.05689339873
  10395.2000000    1.05665506032
  10395.4000000    1.05531550085
  10395.6000000    1.05358657175
  10395.8000000    1.05262335306
  10396.0000000    1.05136094466
  10396.2000000    1.05017541890
  10396.4000000    1.04876989422
  10396.6000000    1.04634600081
  10396.8000000    1.04359779816
  10397.0000000    1.03905483473
  10397.2278600    1.03308151552
  10397.4835810    1.02625054769
  10397.7671620    1.01990338701
  10398.0786040    1.01271062800
  10398.4179050    1.00322393805
  10398.7850670    0.98939862311
  10399.1800900    0.97774340649
  10399.6029730    0.96651768749
  10400.0537160    0.95265137826
  10400.5323190    0.93948457240
  10401.0387830    0.92562089473
  10401.5731070    0.91458085398
  10402.1352920    0.90285071127
  10402.7253370    0.89287199719
  10403.3432420    0.88605171606
  10403.9890080    0.88277909105
  10404.6626340    0.88089267310
  10405.3641200    0.88081906381
  10406.0934670    0.88236303980
  10406.8506740    0.88576897128
  10407.6357410    0.89061073654
  10408.4486690    0.89623564858
  10409.2894570    0.90321694572
  10410.1581060    0.91020635428
  10411.0546140    0.91963554231
  10411.9789830    0.93330527328
  10412.9312130    0.94930880975
  10413.9113030    0.96343328722
  10414.9192530    0.97561207658
  10415.9550640    0.99470122074
  10417.0187340    1.01308912978
  10418.1102660    1.03005022264
  10419.2327230    1.04619700132
  10420.3673730    1.05907856996
  10421.5142140    1.06905743742
  10422.6732480    1.07685595508
  10423.8444730    1.08335294795
  10425.0278900    1.08859746808
  10426.2234990    1.09150808411
  10427.4313000    1.09294059280
  10428.6512930    1.09443141986
  10429.8834780    1.09570203904
  10431.1278550    1.09657945458
  10432.3844230    1.09756624296
  10433.6531840    1.09760713303
  10434.9341360    1.09710109067
  10436.2272800    1.09585854577
  10437.5326170    1.09350380998
  10438.8501450    1.08985917902
  10440.1798650    1.08553728777
  10441.5217770    1.08020553149
  10442.8758810    1.07494122845
  10444.2421770    1.06924030654
  10445.6206640    1.06258212328
  10447.0113440    1.05625923673
  10448.4142150    1.05050960270
  10449.8292790    1.04517207040
  10451.2565340    1.03997978979
  10452.6959810    1.03433082188
  10454.1476200    1.02894017978
  10455.6114520    1.02342343581
  10457.0874750    1.01782823042
  10458.5756890    1.01243366775
  10460.0760960    1.00776095607
  10461.5886950    1.00421304230
  10463.1134850    1.00037181386
  10464.6504680    0.99710244867
  10466.1996420    0.99395422330
  10467.7610090    0.99250224299
  10469.3345670    0.99146130167
  10470.9203170    0.98983887985
  10472.5182590    0.98826396453
  10474.1283930    0.98644559170
  10475.7507190    0.98357961869
  10477.3852370    0.98071103951
  10479.0319460    0.97913497978
  10480.6908480    0.97793372833
  10482.3619420    0.97663890818
  10484.0452270    0.97601937587
  10485.7407040    0.97641209013
  10487.4483740    0.97692531527
  10489.1682350    0.97771895898
  10490.9002880    0.97931154949
  10492.6445330    0.98170669255
  10494.4009700    0.98386768425
  10496.1695980    0.98644403960
  10497.9504190    0.98868284112
  10499.7434320    0.99143349153
  10501.5486360    0.99580912800
  10503.3660320    1.00014559324
  10505.1956210    1.00429313262
  10507.0374010    1.00789773189
  10508.8913730    1.01072467793
  10510.7575370    1.01314854014
  10512.6358930    1.01452259016
  10514.5264410    1.01506841017
  10516.4291810    1.01505414975
  10518.3441120    1.01449642470
  10520.2712360    1.01436946565
  10522.2105520    1.01424019381
  10524.1620590    1.01335614168
  10526.1257580    1.01277594720
  10528.1016490    1.01128767835
  10530.0897330    1.00950585983
  10532.0900080    1.00740624810
  10534.1024750    1.00572842147
  10536.1271330    1.00504432613
  10538.1639840    1.00378842371
  10540.2130270    1.00192301137
  10542.2742610    0.99916094338
  10544.3476880    0.99673487853
  10546.4333060    0.99549145798
  10548.5311170    0.99441822831
  10550.6411190    0.99342913519
  10552.7633130    0.99281593037
  10554.8976990    0.99241614195
  10557.0442770    0.99206415079
  10559.2030470    0.99170439590
  10561.3740080    0.99174477243
  10563.5571620    0.99170740539
  10565.7525080    0.99088748081
  10567.9600450    0.99049298442
  10570.1797750    0.99074060132
  10572.4116960    0.99105771362
  10574.6558090    0.99126625470
  10576.9121140    0.99073707317
  10579.1806110    0.99021465177
  10581.4613000    0.99001733057
  10583.7541810    0.98846010491
  10586.0592540    0.98701568116
  10588.3765180    0.98607720689
  10590.7059750    0.98456021557
  10593.0476230    0.98290109791
  10595.4014640    0.98158734062
  10597.7674960    0.98009106449
  10600.1457200    0.97921022701
  10602.5361360    0.97904924175
  10604.9387440    0.97831532349
  10607.3535440    0.97768866457
  10609.7805360    0.97754262503
  10612.2197200    0.97840091591
  10614.6710960    0.97967315035
  10617.1346630    0.98145235339
  10619.6104230    0.98370001826
  10622.0983740    0.98561484711
  10624.5985170    0.98684503929
  10627.1108520    0.98776232477
  10629.6353800    0.98897076597
  10632.1720990    0.99007266329
  10634.7210090    0.99085851754
  10637.2821120    0.99127476066
  10639.8554070    0.99169935980
  10642.4408940    0.99173702122
  10645.0385720    0.99195913852
  10647.6484430    0.99181306282
  10650.2705050    0.99127710677
  10652.9047590    0.99112619737
  10655.5512050    0.99047275448
  10658.2098440    0.98948344830
  10660.8806740    0.98917529234
  10663.5636960    0.98869765967
  10666.2589090    0.98835708976
  10668.9663150    0.98815398607
  10671.6859130    0.98816392506
  10674.4177020    0.98808587907
  10677.1616840    0.98785167534
  10679.9178570    0.98748296728
  10682.6862220    0.98688732061
  10685.4667800    0.98588350775
  10688.2595290    0.98507436119
  10691.0644700    0.98573879704
  10693.8816020    0.98732524885
  10696.7109270    0.98925684805
  10699.5524440    0.99112556888
  10702.4061530    0.99299573613
  10705.2720530    0.99489765365
  10708.1501460    0.99691708471
  10711.0404300    0.99835240769
  10713.9429060    0.99846902418
  10716.8575740    0.99810307830
  10719.7844350    0.99824211217
  10722.7234870    0.99871561734
  10725.6747300    0.99864314398
  10728.6381660    0.99825832375
  10731.6137940    0.99817190274
  10734.6016140    0.99850534156
  10737.6016250    0.99955033984
  10740.6138290    1.00016110517
  10743.6382240    1.00096929095
  10746.6748110    1.00190515695
  10749.7235900    1.00259108735
  10752.7845610    1.00290029221
  10755.8577240    1.00324200184
  10758.9430790    1.00375734131
  10762.0406260    1.00398547001
  10765.1503650    1.00401988323
  10768.2722950    1.00428078100
  10771.4064180    1.00459476930
  10774.5527320    1.00479333576
  10777.7112390    1.00457504571
  10780.8819370    1.00466219655
  10784.0648270    1.00502179516
  10787.2599090    1.00563427653
  10790.4671830    1.00664665366
  10793.6866490    1.00726523135
  10796.9183070    1.00781074965
  10800.1621570    1.00825665415
  10803.4181980    1.00819438519
  10806.6864320    1.00812747766
  10809.9668570    1.00830462338
  10813.2594740    1.00863663819
  10816.5642840    1.00883356705
  10819.8812850    1.00911287409
  10823.2104780    1.00906441924
  10826.5518630    1.00906439582
  10829.9054400    1.00900547501
  10833.2712090    1.00942816350
  10836.6491690    1.00967776931
  10840.0393220    1.00948125361
  10843.4416660    1.00945587532
  10846.8562030    1.00967711007
  10850.2829310    1.00934723706
  10853.7218510    1.00938039862
  10857.1729640    1.00967345901
  10860.6362680    1.00962860126
  10864.1117640    1.00935026737
  10867.5994510    1.00911838099
  10871.0993310    1.00892366093
  10874.6114030    1.00904359606
  10878.1356660    1.00920692016
  10881.6721220    1.00926795967
  10885.2207690    1.00957992053
  10888.7816090    1.01002923456
  10892.3546400    1.00957123072
  10895.9398630    1.00865297363
  10899.5372780    1.00873288444
  10903.1468850    1.00864525520
  10906.7686840    1.00873286222
  10910.4026750    1.00908556496
  10914.0488570    1.00951484039
  10917.7072320    1.00962948331
  10921.3777990    1.00921726560
  10925.0605570    1.00879718243
  10928.7555070    1.00804783008
  10932.4626500    1.00733646778
  10936.1819840    1.00645474653
  10939.9135100    1.00564296230
  10943.6572280    1.00515223837
  10947.4131380    1.00520545268
  10951.1812390    1.00524439587
  10954.9615330    1.00492681499
  10958.7540190    1.00451993434
  10962.5586960    1.00392119938
  10966.3755650    1.00332250839
  10970.2046270    1.00260249714
  10974.0458800    1.00161923749
  10977.8993250    1.00107366453
  10981.7649620    1.00064003222
  10985.6427910    1.00036554516
  10989.5328120    0.99978529779
  10993.4350250    0.99947749924
  10997.3494290    0.99941615112
  11001.2760260    0.99886952575
  11005.2148140    0.99826762859
  11009.1657950    0.99783395697
  11013.1289670    0.99780982578
  11017.1043310    0.99820039085
  11021.0918880    0.99813658436
  11025.0916360    0.99801782571
  11029.1035750    0.99808901151
  11033.1277070    0.99852842946
  11037.1640310    0.99842245971
  11041.2125470    0.99794246732
  11045.2732540    0.99762789491
  11049.3461540    0.99722141057
  11053.4312450    0.99693528308
  11057.5285290    0.99654677641
  11061.6380040    0.99606797281
  11065.7596710    0.99571297362
  11069.8935300    0.99598825910
  11074.0395810    0.99658889010
  11078.1978240    0.99707076572
  11082.3682580    0.99732019183
  11086.5508850    0.99761283595
  11090.7457040    0.99774472006
  11094.9527140    0.99747492339
  11099.1719160    0.99721423438
  11103.4033110    0.99729498561
  11107.6468970    0.99695587147
  11111.9026750    0.99661128665
  11116.1706450    0.99686265746
  11120.4508070    0.99737789903
  11124.7431610    0.99798230577
  11129.0477070    0.99817119259
  11133.3644440    0.99836579888
  11137.6933740    0.99861342650
  11142.0344950    0.99806485416
  11146.3878090    0.99739263766
  11150.7533140    0.99667562303
  11155.1310110    0.99609317471
  11159.5209000    0.99534537277
  11163.9229810    0.99619412016
  11168.3372540    0.99536311426
  11172.7637190    0.99404013773
  11177.2023760    0.99395725147
  11181.6532240    0.99296374424
  11186.1162650    0.99183939473
  11190.5914970    0.99083482068
  11195.0789220    0.99034965779
  11199.5785380    0.98991912697
  11204.0903460    0.98996252187
  11208.6143460    0.98986726650
  11213.1505380    0.99005696670
  11217.6989220    0.99095389697
  11222.2594980    0.99181380413
  11226.8322660    0.99271511702
  11231.4172260    0.99383296634
  11236.0143770    0.99487577624
  11240.6237210    0.99581438119
  11245.2452560    0.99659282908
  11249.8789830    0.99723756793
  11254.5249020    0.99791326974
  11259.1830130    0.99875328374
  11263.8533160    0.99976823591
  11268.5358110    1.00096115477
  11273.2304980    1.00232851892
  11277.9373770    1.00364535994
  11282.6564480    1.00518845334
  11287.3877100    1.00594701054
  11292.1311650    1.00630228089
  11296.8868110    1.00714773179
  11301.6546490    1.00827695377
  11306.4346790    1.01010599533
  11311.2269010    1.01252386440
  11316.0313150    1.01427713829
  11320.8479210    1.01761226476
  11325.6767190    1.02103285031
