#---------------------------------
#  energy flat
  10182.0000000    0.00170500219
  10187.0000000    0.00146172481
  10192.0000000    0.00113100267
  10197.0000000    0.00088674387
  10202.0000000    0.00071569921
  10207.0000000    0.00078245330
  10212.0000000    0.00088826801
  10217.0000000    0.00068267727
  10222.0000000    0.00018560396
  10227.0000000   -0.00008711610
  10232.0000000   -0.00060136431
  10237.0000000   -0.00032095448
  10242.0000000    0.00001068561
  10247.0000000    0.00013544178
  10252.0000000    0.00042301599
  10257.0000000    0.00021899553
  10262.0000000    0.00025866235
  10267.0000000   -0.00009482881
  10272.0000000   -0.00004083322
  10277.0000000   -0.00015387579
  10282.0000000   -0.00034189906
  10287.0000000   -0.00043600017
  10292.0000000   -0.00068977877
  10297.0000000   -0.00030239386
  10302.0000000   -0.00037323526
  10307.0000000   -0.00015710862
  10312.0000000    0.00036610520
  10317.0000000    0.00131820078
  10322.0000000    0.00246196823
  10327.0000000    0.00449932113
  10332.0000000    0.00684042438
  10337.0000000    0.00904825042
  10341.0000000    0.01154849772
  10344.0000000    0.01318063384
  10346.0000000    0.01457021767
  10347.0000000    0.01566454681
  10347.2000000    0.01694223042
  10347.4000000    0.01705359120
  10347.6000000    0.01745152742
  10347.8000000    0.01792365921
  10348.0000000    0.01826614506
  10348.2000000    0.01840832251
  10348.4000000    0.01850653221
  10348.6000000    0.01879248810
  10348.8000000    0.01889540864
  10349.0000000    0.01922376199
  10349.2000000    0.01995989651
  10349.4000000    0.02041073143
  10349.6000000    0.02063053942
  10349.8000000    0.02093769404
  10350.0000000    0.02141237753
  10350.2000000    0.02156171937
  10350.4000000    0.02207958546
  10350.6000000    0.02267979293
  10350.8000000    0.02256778187
  10351.0000000    0.02245930394
  10351.2000000    0.02282603093
  10351.4000000    0.02338158366
  10351.6000000    0.02414087975
  10351.8000000    0.02474452220
  10352.0000000    0.02522725336
  10352.2000000    0.02576239249
  10352.4000000    0.02609810651
  10352.6000000    0.02639927445
  10352.8000000    0.02683695830
  10353.0000000    0.02740683981
  10353.2000000    0.02793177214
  10353.4000000    0.02840517978
  10353.6000000    0.02889114963
  10353.8000000    0.02948998311
  10354.0000000    0.03016909696
  10354.2000000    0.03038282014
  10354.4000000    0.03092217939
  10354.6000000    0.03134308091
  10354.8000000    0.03201306753
  10355.0000000    0.03229176089
  10355.2000000    0.03269283767
  10355.4000000    0.03344879694
  10355.6000000    0.03398972646
  10355.8000000    0.03487179855
  10356.0000000    0.03577546194
  10356.2000000    0.03670670331
  10356.4000000    0.03784934315
  10356.6000000    0.03860903182
  10356.8000000    0.03918332972
  10357.0000000    0.03961875630
  10357.2000000    0.04000815415
  10357.4000000    0.04058902759
  10357.6000000    0.04186749634
  10357.8000000    0.04261207110
  10358.0000000    0.04394903265
  10358.2000000    0.04511002509
  10358.4000000    0.04643668171
  10358.6000000    0.04769620900
  10358.8000000    0.04909558904
  10359.0000000    0.04998669022
  10359.2000000    0.05113914429
  10359.4000000    0.05224144765
  10359.6000000    0.05377351605
  10359.8000000    0.05512618037
  10360.0000000    0.05657374827
  10360.2000000    0.05831309316
  10360.4000000    0.05988834416
  10360.6000000    0.06127104002
  10360.8000000    0.06304277186
  10361.0000000    0.06477367652
  10361.2000000    0.06655159133
  10361.4000000    0.06855572409
  10361.6000000    0.07025492880
  10361.8000000    0.07226014112
  10362.0000000    0.07433503447
  10362.2000000    0.07624848376
  10362.4000000    0.07858904826
  10362.6000000    0.08134524530
  10362.8000000    0.08398357347
  10363.0000000    0.08672377332
  10363.2000000    0.08949214001
  10363.4000000    0.09243912564
  10363.6000000    0.09536177199
  10363.8000000    0.09868228714
  10364.0000000    0.10230665078
  10364.2000000    0.10596457908
  10364.4000000    0.11000457527
  10364.6000000    0.11406115751
  10364.8000000    0.11854259767
  10365.0000000    0.12320638619
  10365.2000000    0.12812544277
  10365.4000000    0.13351626929
  10365.6000000    0.13922635264
  10365.8000000    0.14585337930
  10366.0000000    0.15275814861
  10366.2000000    0.16017394477
  10366.4000000    0.16801911339
  10366.6000000    0.17689830906
  10366.8000000    0.18673478452
  10367.0000000    0.19771608966
  10367.2000000    0.20954190911
  10367.4000000    0.22320632601
  10367.6000000    0.23810910219
  10367.8000000    0.25508277858
  10368.0000000    0.27386217477
  10368.2000000    0.29469235201
  10368.4000000    0.31842312430
  10368.6000000    0.34467870485
  10368.8000000    0.37329833661
  10369.0000000    0.40449999359
  10369.2000000    0.43860077348
  10369.4000000    0.47523843313
  10369.6000000    0.51424563996
  10369.8000000    0.55668174172
  10370.0000000    0.60236654920
  10370.2000000    0.65129358499
  10370.4000000    0.70378740563
  10370.6000000    0.75978883130
  10370.8000000    0.81996414995
  10371.0000000    0.88651008020
  10371.2000000    0.95386395804
  10371.4000000    1.00569112255
  10371.6000000    1.05707682679
  10371.8000000    1.12073913214
  10372.0000000    1.18012104335
  10372.2000000    1.23517290014
  10372.4000000    1.28573512290
  10372.6000000    1.32936200576
  10372.8000000    1.36631578460
  10373.0000000    1.39881486728
  10373.2000000    1.42608157407
  10373.4000000    1.44928144243
  10373.6000000    1.46915976458
  10373.8000000    1.48553262155
  10374.0000000    1.49939262411
  10374.2000000    1.51089542565
  10374.4000000    1.51996702663
  10374.6000000    1.52780005173
  10374.8000000    1.53513468981
  10375.0000000    1.54159250387
  10375.2000000    1.54788679181
  10375.4000000    1.55413709066
  10375.6000000    1.56016537000
  10375.8000000    1.56518079912
  10376.0000000    1.56947289745
  10376.2000000    1.57329703093
  10376.4000000    1.57582527106
  10376.6000000    1.57664090544
  10376.8000000    1.57563499590
  10377.0000000    1.57169912323
  10377.2000000    1.56591108572
  10377.4000000    1.55734069052
  10377.6000000    1.54678877840
  10377.8000000    1.53403845469
  10378.0000000    1.51933271930
  10378.2000000    1.50346475793
  10378.4000000    1.48629599344
  10378.6000000    1.46818719657
  10378.8000000    1.44965400651
  10379.0000000    1.43071094817
  10379.2000000    1.41172526959
  10379.4000000    1.39368702988
  10379.6000000    1.37608490743
  10379.8000000    1.35920174809
  10380.0000000    1.34381758636
  10380.2000000    1.32937418879
  10380.4000000    1.31536337429
  10380.6000000    1.30240069103
  10380.8000000    1.29081393391
  10381.0000000    1.27975986427
  10381.2000000    1.26926125081
  10381.4000000    1.25941309499
  10381.6000000    1.24997749965
  10381.8000000    1.24100275055
  10382.0000000    1.23217891412
  10382.2000000    1.22334189617
  10382.4000000    1.21471055376
  10382.6000000    1.20597200900
  10382.8000000    1.19743482096
  10383.0000000    1.18906424699
  10383.2000000    1.18058077766
  10383.4000000    1.17256168556
  10383.6000000    1.16499264165
  10383.8000000    1.15755095387
  10384.0000000    1.14968859546
  10384.2000000    1.14236893082
  10384.4000000    1.13513343885
  10384.6000000    1.12844868774
  10384.8000000    1.12185026798
  10385.0000000    1.11536821079
  10385.2000000    1.10958391083
  10385.4000000    1.10364274481
  10385.6000000    1.09798223078
  10385.8000000    1.09265948730
  10386.0000000    1.08757244613
  10386.2000000    1.08309836587
  10386.4000000    1.07901544474
  10386.6000000    1.07503848103
  10386.8000000    1.07133804577
  10387.0000000    1.06818128198
  10387.2000000    1.06534246208
  10387.4000000    1.06318196434
  10387.6000000    1.06088795555
  10387.8000000    1.05902004269
  10388.0000000    1.05746693217
  10388.2000000    1.05609259851
  10388.4000000    1.05492059564
  10388.6000000    1.05335991047
  10388.8000000    1.05258039870
  10389.0000000    1.05132505374
  10389.2000000    1.05044967602
  10389.4000000    1.04985474904
  10389.6000000    1.04916478018
  10389.8000000    1.04844552442
  10390.0000000    1.04790523943
  10390.2000000    1.04719316454
  10390.4000000    1.04640273081
  10390.6000000    1.04616597441
  10390.8000000    1.04552424111
  10391.0000000    1.04486892222
  10391.2000000    1.04447736747
  10391.4000000    1.04411599804
  10391.6000000    1.04370335549
  10391.8000000    1.04304747332
  10392.0000000    1.04278117270
  10392.2000000    1.04228713839
  10392.4000000    1.04221958657
  10392.6000000    1.04238066215
  10392.8000000    1.04258350200
  10393.0000000    1.04278472691
  10393.2000000    1.04292898442
  10393.4000000    1.04320902571
  10393.6000000    1.04351237941
  10393.8000000    1.04387418025
  10394.0000000    1.04436155732
  10394.2000000    1.04490561441
  10394.4000000    1.04529671940
  10394.6000000    1.04551701008
  10394.8000000    1.04614827365
  10395.0000000    1.04641361559
  10395.2000000    1.04640646710
  10395.4000000    1.04607343846
  10395.6000000    1.04596157450
  10395.8000000    1.04529751384
  10396.0000000    1.04400568662
  10396.2000000    1.04254206163
  10396.4000000    1.04059062046
  10396.6000000    1.03851547075
  10396.8000000    1.03552028573
  10397.0000000    1.03186416078
  10397.2278600    1.02765592967
  10397.4835810    1.02296170478
  10397.7671620    1.01656156537
  10398.0786040    1.00915134376
  10398.4179050    1.00050455606
  10398.7850670    0.99032858246
  10399.1800900    0.97986773406
  10399.6029730    0.96962870538
  10400.0537160    0.95848080228
  10400.5323190    0.94409640607
  10401.0387830    0.93111326859
  10401.5731070    0.92088178996
  10402.1352920    0.91192843883
  10402.7253370    0.90501656434
  10403.3432420    0.89883009300
  10403.9890080    0.89547342183
  10404.6626340    0.89383111670
  10405.3641200    0.89459907291
  10406.0934670    0.89640652059
  10406.8506740    0.89971620412
  10407.6357410    0.90416354298
  10408.4486690    0.90948996462
  10409.2894570    0.91678460565
  10410.1581060    0.92521969948
  10411.0546140    0.93169413226
  10411.9789830    0.94193528501
  10412.9312130    0.95506793667
  10413.9113030    0.96965982653
  10414.9192530    0.98533079142
  10415.9550640    1.00120604271
  10417.0187340    1.01705226809
  10418.1102660    1.03122173317
  10419.2327230    1.04288923086
  10420.3673730    1.05314447093
  10421.5142140    1.06139652730
  10422.6732480    1.06758482890
  10423.8444730    1.07187022066
  10425.0278900    1.07493389351
  10426.2234990    1.07692118350
  10427.4313000    1.07812954764
  10428.6512930    1.07898775741
  10429.8834780    1.07986432541
  10431.1278550    1.08070889273
  10432.3844230    1.08142242379
  10433.6531840    1.08197281123
  10434.9341360    1.08202214236
  10436.2272800    1.08093885822
  10437.5326170    1.07878997615
  10438.8501450    1.07574380066
  10440.1798650    1.07185988963
  10441.5217770    1.06740880789
  10442.8758810    1.06254020839
  10444.2421770    1.05745359987
  10445.6206640    1.05221384054
  10447.0113440    1.04712721342
  10448.4142150    1.04208722019
  10449.8292790    1.03707332842
  10451.2565340    1.03213822451
  10452.6959810    1.02700012069
  10454.1476200    1.02201535056
  10455.6114520    1.01740343478
  10457.0874750    1.01290456996
  10458.5756890    1.00890943548
  10460.0760960    1.00553253443
  10461.5886950    1.00242337411
  10463.1134850    1.00018736611
  10464.6504680    0.99858608902
  10466.1996420    0.99719897289
  10467.7610090    0.99610321832
  10469.3345670    0.99518779236
  10470.9203170    0.99407608317
  10472.5182590    0.99318152345
  10474.1283930    0.99221602288
  10475.7507190    0.99069912993
  10477.3852370    0.98936441088
  10479.0319460    0.98802583765
  10480.6908480    0.98682242339
  10482.3619420    0.98563074982
  10484.0452270    0.98484774658
  10485.7407040    0.98398372074
  10487.4483740    0.98370725197
  10489.1682350    0.98397892225
  10490.9002880    0.98414159958
  10492.6445330    0.98513414003
  10494.4009700    0.98660659211
  10496.1695980    0.98850794387
  10497.9504190    0.99118740098
  10499.7434320    0.99420235733
  10501.5486360    0.99747607789
  10503.3660320    1.00084800858
  10505.1956210    1.00444652273
  10507.0374010    1.00761308855
  10508.8913730    1.01010097250
  10510.7575370    1.01214001733
  10512.6358930    1.01369919984
  10514.5264410    1.01483935433
  10516.4291810    1.01546035767
  10518.3441120    1.01533135849
  10520.2712360    1.01498170845
  10522.2105520    1.01398288945
  10524.1620590    1.01222789337
  10526.1257580    1.01051850334
  10528.1016490    1.00920720407
  10530.0897330    1.00734236016
  10532.0900080    1.00515161244
  10534.1024750    1.00331542283
  10536.1271330    1.00084838357
  10538.1639840    0.99791098889
  10540.2130270    0.99546260911
  10542.2742610    0.99374479742
  10544.3476880    0.99230091518
  10546.4333060    0.99114913504
  10548.5311170    0.99053766655
  10550.6411190    0.98987481640
  10552.7633130    0.98941683279
  10554.8976990    0.98922210505
  10557.0442770    0.98910582076
  10559.2030470    0.98893478523
  10561.3740080    0.98875186667
  10563.5571620    0.98839794869
  10565.7525080    0.98889750794
  10567.9600450    0.98958893150
  10570.1797750    0.98993209857
  10572.4116960    0.99005346859
  10574.6558090    0.99012071287
  10576.9121140    0.98997134729
  10579.1806110    0.98985193923
  10581.4613000    0.98974602910
  10583.7541810    0.98911601617
  10586.0592540    0.98759152851
  10588.3765180    0.98580461422
  10590.7059750    0.98449291469
  10593.0476230    0.98326111388
  10595.4014640    0.98232982797
  10597.7674960    0.98163093547
  10600.1457200    0.98107765992
  10602.5361360    0.98063425341
  10604.9387440    0.98038626614
  10607.3535440    0.98042493438
  10609.7805360    0.98110254688
  10612.2197200    0.98220412396
  10614.6710960    0.98358161292
  10617.1346630    0.98488046413
  10619.6104230    0.98629139853
  10622.0983740    0.98754543491
  10624.5985170    0.98840950416
  10627.1108520    0.98947276762
  10629.6353800    0.99017729285
  10632.1720990    0.99082486936
  10634.7210090    0.99136200408
  10637.2821120    0.99193167755
  10639.8554070    0.99242562156
  10642.4408940    0.99281171936
  10645.0385720    0.99327101369
  10647.6484430    0.99358922207
  10650.2705050    0.99374363189
  10652.9047590    0.99402498901
  10655.5512050    0.99421173081
  10658.2098440    0.99384556884
  10660.8806740    0.99365612406
  10663.5636960    0.99328421920
  10666.2589090    0.99274125698
  10668.9663150    0.99245534457
  10671.6859130    0.99218250610
  10674.4177020    0.99221834587
  10677.1616840    0.99224153799
  10679.9178570    0.99195607323
  10682.6862220    0.99197689130
  10685.4667800    0.99187469209
  10688.2595290    0.99213505317
  10691.0644700    0.99231668886
  10693.8816020    0.99229530805
  10696.7109270    0.99306484540
  10699.5524440    0.99364892657
  10702.4061530    0.99444359254
  10705.2720530    0.99506994750
  10708.1501460    0.99589379192
  10711.0404300    0.99669383542
  10713.9429060    0.99748098495
  10716.8575740    0.99800842080
  10719.7844350    0.99850903652
  10722.7234870    0.99874247946
  10725.6747300    0.99884368662
  10728.6381660    0.99928794609
  10731.6137940    0.99940168842
  10734.6016140    0.99948000261
  10737.6016250    1.00012417690
  10740.6138290    1.00048730546
  10743.6382240    1.00069114350
  10746.6748110    1.00089277111
  10749.7235900    1.00118272322
  10752.7845610    1.00157576435
  10755.8577240    1.00177181361
  10758.9430790    1.00246182625
  10762.0406260    1.00324835502
  10765.1503650    1.00385289659
  10768.2722950    1.00437989492
  10771.4064180    1.00459303834
  10774.5527320    1.00519955239
  10777.7112390    1.00578665743
  10780.8819370    1.00639125923
  10784.0648270    1.00681412824
  10787.2599090    1.00735361275
  10790.4671830    1.00794787547
  10793.6866490    1.00818274454
  10796.9183070    1.00858326667
  10800.1621570    1.00902360542
  10803.4181980    1.00917437464
  10806.6864320    1.00921514979
  10809.9668570    1.00899319547
  10813.2594740    1.00870437352
  10816.5642840    1.00868783108
  10819.8812850    1.00825653845
  10823.2104780    1.00820874753
  10826.5518630    1.00845432476
  10829.9054400    1.00856748793
  10833.2712090    1.00880728990
  10836.6491690    1.00934955774
  10840.0393220    1.00938555233
  10843.4416660    1.00897725337
  10846.8562030    1.00889169184
  10850.2829310    1.00879003234
  10853.7218510    1.00777049334
  10857.1729640    1.00732655313
  10860.6362680    1.00693898925
  10864.1117640    1.00676517049
  10867.5994510    1.00657421598
  10871.0993310    1.00651897966
  10874.6114030    1.00653385299
  10878.1356660    1.00668061646
  10881.6721220    1.00677471313
  10885.2207690    1.00706380766
  10888.7816090    1.00750761451
  10892.3546400    1.00744991090
  10895.9398630    1.00733602327
  10899.5372780    1.00719005387
  10903.1468850    1.00694169442
  10906.7686840    1.00662624027
  10910.4026750    1.00616789241
  10914.0488570    1.00604908883
  10917.7072320    1.00584563070
  10921.3777990    1.00564935653
  10925.0605570    1.00537721911
  10928.7555070    1.00527985807
  10932.4626500    1.00511681330
  10936.1819840    1.00477168297
  10939.9135100    1.00433416731
  10943.6572280    1.00379524120
  10947.4131380    1.00267401702
  10951.1812390    1.00202102557
  10954.9615330    1.00143625940
  10958.7540190    1.00090404426
  10962.5586960    1.00091159375
  10966.3755650    1.00098688478
  10970.2046270    1.00119532884
  10974.0458800    1.00119898216
  10977.8993250    1.00115611459
  10981.7649620    1.00120459148
  10985.6427910    1.00077428854
  10989.5328120    0.99976931416
  10993.4350250    0.99927070830
  10997.3494290    0.99927033849
  11001.2760260    0.99874980398
  11005.2148140    0.99832223441
  11009.1657950    0.99789944294
  11013.1289670    0.99788809016
  11017.1043310    0.99781451029
  11021.0918880    0.99803709977
  11025.0916360    0.99848342506
  11029.1035750    0.99901982333
  11033.1277070    0.99963237747
  11037.1640310    1.00034703186
  11041.2125470    1.00072494262
  11045.2732540    1.00066979766
  11049.3461540    1.00026725355
  11053.4312450    0.99960082629
  11057.5285290    0.99918292652
  11061.6380040    0.99853180293
  11065.7596710    0.99760657399
  11069.8935300    0.99736762369
  11074.0395810    0.99750087821
  11078.1978240    0.99672675831
  11082.3682580    0.99602572441
  11086.5508850    0.99538191374
  11090.7457040    0.99485132545
  11094.9527140    0.99475555199
  11099.1719160    0.99478770191
  11103.4033110    0.99482698257
  11107.6468970    0.99461875952
  11111.9026750    0.99450787116
  11116.1706450    0.99469746205
  11120.4508070    0.99432526755
  11124.7431610    0.99459513813
  11129.0477070    0.99498933676
  11133.3644440    0.99518977376
  11137.6933740    0.99528940229
  11142.0344950    0.99548268413
  11146.3878090    0.99604261815
  11150.7533140    0.99618327878
  11155.1310110    0.99631551266
  11159.5209000    0.99595239021
  11163.9229810    0.99773127235
  11168.3372540    0.99710043116
  11172.7637190    0.99604621175
  11177.2023760    0.99771424641
  11181.6532240    0.99735838312
  11186.1162650    0.99737902394
  11190.5914970    0.99698541278
  11195.0789220    0.99667700211
  11199.5785380    0.99611180999
  11204.0903460    0.99589672645
  11208.6143460    0.99562270875
  11213.1505380    0.99560248893
  11217.6989220    0.99573663817
  11222.2594980    0.99605433167
  11226.8322660    0.99665250100
  11231.4172260    0.99723751062
  11236.0143770    0.99757798753
  11240.6237210    0.99762612283
  11245.2452560    0.99802095186
  11249.8789830    0.99800537721
  11254.5249020    0.99843992608
  11259.1830130    0.99937235465
  11263.8533160    0.99998897045
  11268.5358110    1.00029659545
  11273.2304980    1.00105681134
  11277.9373770    1.00175520073
  11282.6564480    1.00265625031
  11287.3877100    1.00334495900
  11292.1311650    1.00387843617
  11296.8868110    1.00477766501
  11301.6546490    1.00562739927
  11306.4346790    1.00717052410
  11311.2269010    1.00873927957
  11316.0313150    1.00969500921
  11320.8479210    1.01195336140
  11325.6767190    1.01445946897
