#---------------------------------
#  energy flat
  8794.00000000    0.00451353370
  8799.00000000    0.00310404704
  8804.00000000    0.00224057740
  8809.00000000    0.00033717610
  8814.00000000   -0.00090185380
  8819.00000000   -0.00206524270
  8824.00000000   -0.00266489448
  8829.00000000   -0.00249226740
  8834.00000000   -0.00241035665
  8839.00000000   -0.00183611812
  8844.00000000   -0.00102358397
  8849.00000000   -0.00007484310
  8854.00000000    0.00107767889
  8859.00000000    0.00171883061
  8864.00000000    0.00130814912
  8869.00000000    0.00096993489
  8874.00000000    0.00118831684
  8879.00000000    0.00165821837
  8884.00000000    0.00278521813
  8889.00000000    0.00281132380
  8894.00000000    0.00282579240
  8899.00000000    0.00112458534
  8904.00000000   -0.00070568750
  8909.00000000   -0.00184619895
  8914.00000000   -0.00223916035
  8919.00000000   -0.00285203608
  8924.00000000   -0.00198779627
  8929.00000000   -0.00034307876
  8934.00000000    0.00094631114
  8939.00000000    0.00266852102
  8944.00000000    0.00425333403
  8949.00000000    0.00521701796
  8953.00000000    0.00698510406
  8956.00000000    0.00825635535
  8958.00000000    0.00947972503
  8959.00000000    0.01007362365
  8959.20000000    0.01102167747
  8959.40000000    0.01154577135
  8959.60000000    0.01228475447
  8959.80000000    0.01153379481
  8960.00000000    0.01217690427
  8960.20000000    0.01175548551
  8960.40000000    0.01217524241
  8960.60000000    0.01227339277
  8960.80000000    0.01227553723
  8961.00000000    0.01298159270
  8961.20000000    0.01299484528
  8961.40000000    0.01281251560
  8961.60000000    0.01259765499
  8961.80000000    0.01295155660
  8962.00000000    0.01316290399
  8962.20000000    0.01376766399
  8962.40000000    0.01413981465
  8962.60000000    0.01403074567
  8962.80000000    0.01411487863
  8963.00000000    0.01413421423
  8963.20000000    0.01436063693
  8963.40000000    0.01486886207
  8963.60000000    0.01523506196
  8963.80000000    0.01562638735
  8964.00000000    0.01625772749
  8964.20000000    0.01619692594
  8964.40000000    0.01612369386
  8964.60000000    0.01655323648
  8964.80000000    0.01655432303
  8965.00000000    0.01689394277
  8965.20000000    0.01683895975
  8965.40000000    0.01715332174
  8965.60000000    0.01777633079
  8965.80000000    0.01777768181
  8966.00000000    0.01834528250
  8966.20000000    0.01829744042
  8966.40000000    0.01803034519
  8966.60000000    0.01812161910
  8966.80000000    0.01854375630
  8967.00000000    0.01886552370
  8967.20000000    0.01911773311
  8967.40000000    0.02008932556
  8967.60000000    0.02008300669
  8967.80000000    0.02006068684
  8968.00000000    0.02002130809
  8968.20000000    0.02027655901
  8968.40000000    0.02061578203
  8968.60000000    0.02094680620
  8968.80000000    0.02155249187
  8969.00000000    0.02225008401
  8969.20000000    0.02223754989
  8969.40000000    0.02231969926
  8969.60000000    0.02289999494
  8969.80000000    0.02307497647
  8970.00000000    0.02352488397
  8970.20000000    0.02394384743
  8970.40000000    0.02449161219
  8970.60000000    0.02527158956
  8970.80000000    0.02509679753
  8971.00000000    0.02557130159
  8971.20000000    0.02566548476
  8971.40000000    0.02692258235
  8971.60000000    0.02782792280
  8971.80000000    0.02849205834
  8972.00000000    0.02916042555
  8972.20000000    0.02957542182
  8972.40000000    0.03025608731
  8972.60000000    0.03099136772
  8972.80000000    0.03119187147
  8973.00000000    0.03255780220
  8973.20000000    0.03303653792
  8973.40000000    0.03444042139
  8973.60000000    0.03549823402
  8973.80000000    0.03650010932
  8974.00000000    0.03758304745
  8974.20000000    0.03874599050
  8974.40000000    0.04016217225
  8974.60000000    0.04139745032
  8974.80000000    0.04292140728
  8975.00000000    0.04416422301
  8975.20000000    0.04613713317
  8975.40000000    0.04791856050
  8975.60000000    0.05013055974
  8975.80000000    0.05216628368
  8976.00000000    0.05441332639
  8976.20000000    0.05721180794
  8976.40000000    0.06074554127
  8976.60000000    0.06464042075
  8976.80000000    0.06828245826
  8977.00000000    0.07240135151
  8977.20000000    0.07703888819
  8977.40000000    0.08289382198
  8977.60000000    0.08943825268
  8977.80000000    0.09718606309
  8978.00000000    0.10635095230
  8978.20000000    0.11691202647
  8978.40000000    0.12967396311
  8978.60000000    0.14570102598
  8978.80000000    0.16489588678
  8979.00000000    0.18968857909
  8979.20000000    0.21929531923
  8979.40000000    0.25581223598
  8979.60000000    0.29938611521
  8979.80000000    0.35029492442
  8980.00000000    0.40883726046
  8980.20000000    0.47192546257
  8980.40000000    0.53706819463
  8980.60000000    0.59873480640
  8980.80000000    0.65265316752
  8981.00000000    0.69389523954
  8981.20000000    0.71778992542
  8981.40000000    0.72349274340
  8981.60000000    0.71199972148
  8981.80000000    0.68665863544
  8982.00000000    0.65167880161
  8982.20000000    0.61234332130
  8982.40000000    0.57256648441
  8982.60000000    0.53672621269
  8982.80000000    0.50667280151
  8983.00000000    0.48359944797
  8983.20000000    0.46803749039
  8983.40000000    0.45935231112
  8983.60000000    0.45692040066
  8983.80000000    0.45936408742
  8984.00000000    0.46569977368
  8984.20000000    0.47568202273
  8984.40000000    0.48811882730
  8984.60000000    0.50128578381
  8984.80000000    0.51470154022
  8985.00000000    0.52786133812
  8985.20000000    0.53923265346
  8985.40000000    0.54914634943
  8985.60000000    0.55894505378
  8985.80000000    0.56909041465
  8986.00000000    0.57860531396
  8986.20000000    0.58928966383
  8986.40000000    0.59953358010
  8986.60000000    0.61121433497
  8986.80000000    0.62482147906
  8987.00000000    0.63926443286
  8987.20000000    0.65613231861
  8987.40000000    0.67431472086
  8987.60000000    0.69468349470
  8987.80000000    0.71685210386
  8988.00000000    0.73999894400
  8988.20000000    0.76423390602
  8988.40000000    0.78847619613
  8988.60000000    0.81314845171
  8988.80000000    0.83778995012
  8989.00000000    0.86181275428
  8989.20000000    0.88542209979
  8989.40000000    0.90859127415
  8989.60000000    0.93265113583
  8989.80000000    0.95753662283
  8990.00000000    0.98112581957
  8990.20000000    1.00412514945
  8990.40000000    1.02461978397
  8990.60000000    1.04334629714
  8990.80000000    1.05989236602
  8991.00000000    1.07437250987
  8991.20000000    1.08580075063
  8991.40000000    1.09483405416
  8991.60000000    1.10108072683
  8991.80000000    1.10463492305
  8992.00000000    1.10505284683
  8992.20000000    1.10402240339
  8992.40000000    1.10171629740
  8992.60000000    1.09932759378
  8992.80000000    1.09784650199
  8993.00000000    1.09530318187
  8993.20000000    1.09330883968
  8993.40000000    1.09220597570
  8993.60000000    1.09221093366
  8993.80000000    1.09514808997
  8994.00000000    1.09941311452
  8994.20000000    1.10699462522
  8994.40000000    1.11668633295
  8994.60000000    1.12495215256
  8994.80000000    1.13498778438
  8995.00000000    1.14939199951
  8995.20000000    1.16503151441
  8995.40000000    1.18149612193
  8995.60000000    1.19875963849
  8995.80000000    1.21566417465
  8996.00000000    1.23061545052
  8996.20000000    1.24296178954
  8996.40000000    1.25344770015
  8996.60000000    1.26148154254
  8996.80000000    1.26782792556
  8997.00000000    1.27184363599
  8997.20000000    1.27320627372
  8997.40000000    1.27162332478
  8997.60000000    1.26698899743
  8997.80000000    1.25919723540
  8998.00000000    1.24874605266
  8998.20000000    1.23684200251
  8998.40000000    1.22305028127
  8998.60000000    1.20824922375
  8998.80000000    1.19290616431
  8999.00000000    1.17735064373
  8999.20000000    1.16233854303
  8999.40000000    1.14781643729
  8999.60000000    1.13439500854
  8999.80000000    1.12222210044
  9000.00000000    1.10826017085
  9000.20000000    1.09701700073
  9000.40000000    1.08960578230
  9000.60000000    1.08193608231
  9000.80000000    1.07585422894
  9001.00000000    1.07001349466
  9001.20000000    1.06567174178
  9001.40000000    1.06199110047
  9001.60000000    1.06036511080
  9001.80000000    1.05960943538
  9002.00000000    1.05839480234
  9002.20000000    1.05713353440
  9002.40000000    1.05458972079
  9002.60000000    1.05190405954
  9002.80000000    1.04846454599
  9003.00000000    1.04536744570
  9003.20000000    1.04273045172
  9003.40000000    1.03988020023
  9003.60000000    1.03724250240
  9003.80000000    1.03482132527
  9004.00000000    1.03221518950
  9004.20000000    1.02951877845
  9004.40000000    1.02723195742
  9004.60000000    1.02461021772
  9004.80000000    1.02182282582
  9005.00000000    1.01963491950
  9005.20000000    1.01690500702
  9005.40000000    1.01459341171
  9005.60000000    1.01293842904
  9005.80000000    1.01110086688
  9006.00000000    1.00979190923
  9006.20000000    1.00776030557
  9006.40000000    1.00596611474
  9006.60000000    1.00388170087
  9006.80000000    1.00159645777
  9007.00000000    0.99949546682
  9007.20000000    0.99767023763
  9007.40000000    0.99540323838
  9007.60000000    0.99275979527
  9007.80000000    0.98998137755
  9008.00000000    0.98814071216
  9008.20000000    0.98584558119
  9008.40000000    0.98461673910
  9008.60000000    0.98308603560
  9008.80000000    0.98148541867
  9009.00000000    0.97940097845
  9009.22786000    0.97767261543
  9009.48358100    0.97602799608
  9009.76716200    0.97457432895
  9010.07860400    0.97401522803
  9010.41790500    0.97463036422
  9010.78506700    0.97639499346
  9011.18009000    0.98069855554
  9011.60297300    0.98609264190
  9012.05371600    0.99500955244
  9012.53231900    1.00836269331
  9013.03878300    1.02755423499
  9013.57310700    1.05038151231
  9014.13529200    1.06916185860
  9014.72533700    1.07928480965
  9015.34324200    1.09103060787
  9015.98900800    1.09603796028
  9016.66263400    1.09352635054
  9017.36412000    1.08463194839
  9018.09346700    1.06635738654
  9018.85067400    1.04058944551
  9019.63574100    1.01681630440
  9020.44866900    0.99274677978
  9021.28945700    0.97000319741
  9022.15810600    0.95102592006
  9023.05461400    0.93438864113
  9023.97898300    0.92223922244
  9024.93121300    0.91576415630
  9025.91130300    0.91299735412
  9026.91925300    0.91318351716
  9027.95506400    0.91520633733
  9029.01873400    0.91884874878
  9030.11026600    0.92344247954
  9031.23272300    0.92876596975
  9032.36737300    0.93528293245
  9033.51421400    0.94358859135
  9034.67324800    0.95378146982
  9035.84447300    0.96642108746
  9037.02789000    0.97979825595
  9038.22349900    0.99325535821
  9039.43130000    1.00460238561
  9040.65129300    1.01204895751
  9041.88347800    1.01498691471
  9043.12785500    1.01906884637
  9044.38442300    1.02275880302
  9045.65318400    1.02632907188
  9046.93413600    1.03064596886
  9048.22728000    1.03529969173
  9049.53261700    1.03988308287
  9050.85014500    1.04357243659
  9052.17986500    1.04527162692
  9053.52177700    1.04532091563
  9054.87588100    1.04419333265
  9056.24217700    1.04109796216
  9057.62066400    1.03636263653
  9059.01134400    1.03155003403
  9060.41421500    1.02781131156
  9061.82927900    1.02381495215
  9063.25653400    1.01936035920
  9064.69598100    1.01596815890
  9066.14762000    1.01358347721
  9067.61145200    1.01188378452
  9069.08747500    1.01130666968
  9070.57568900    1.01114452225
  9072.07609600    1.01179445583
  9073.58869500    1.01309580326
  9075.11348500    1.01307674384
  9076.65046800    1.01269772909
  9078.19964200    1.01205860310
  9079.76100900    1.01116398818
  9081.33456700    1.00958291694
  9082.92031700    1.00790980003
  9084.51825900    1.00761341688
  9086.12839300    1.00741751762
  9087.75071900    1.00740844737
  9089.38523700    1.00808222803
  9091.03194600    1.00805443628
  9092.69084800    1.00672984685
  9094.36194200    1.00485467707
  9096.04522700    1.00216430397
  9097.74070400    0.99915765009
  9099.44837400    0.99569994479
  9101.16823500    0.99198913663
  9102.90028800    0.98827632692
  9104.64453300    0.98542462193
  9106.40097000    0.98275785823
  9108.16959800    0.98035839869
  9109.95041900    0.97853446368
  9111.74343200    0.97765775279
  9113.54863600    0.97775058698
  9115.36603200    0.97801671882
  9117.19562100    0.97903228090
  9119.03740100    0.98088333013
  9120.89137300    0.98260302452
  9122.75753700    0.98447894625
  9124.63589300    0.98638450136
  9126.52644100    0.98914945012
  9128.42918100    0.99264243388
  9130.34411200    0.99553215233
  9132.27123600    0.99869305261
  9134.21055200    1.00178694901
  9136.16205900    1.00444788329
  9138.12575800    1.00606762837
  9140.10164900    1.00748333485
  9142.08973300    1.00876859808
  9144.09000800    1.00945774403
  9146.10247500    1.00940960635
  9148.12713300    1.00912967142
  9150.16398400    1.00884254072
  9152.21302700    1.00834356943
  9154.27426100    1.00702557313
  9156.34768800    1.00564527767
  9158.43330600    1.00530112081
  9160.53111700    1.00402039942
  9162.64111900    1.00189731899
  9164.76331300    1.00100279331
  9166.89769900    0.99988460979
  9169.04427700    0.99904399537
  9171.20304700    0.99852118732
  9173.37400800    0.99784968003
  9175.55716200    0.99813211386
  9177.75250800    0.99882051804
  9179.96004500    0.99830847368
  9182.17977500    0.99838731601
  9184.41169600    0.99841729313
  9186.65580900    0.99851373243
  9188.91211400    0.99871711255
  9191.18061100    0.99916682432
  9193.46130000    0.99918475076
  9195.75418100    0.99914936564
  9198.05925400    0.99941824586
  9200.37651800    0.99973749140
  9202.70597500    0.99974237701
  9205.04762300    0.99948738075
  9207.40146400    0.99895185834
  9209.76749600    0.99778457057
  9212.14572000    0.99660252754
  9214.53613600    0.99580956777
  9216.93874400    0.99505655464
  9219.35354400    0.99479360399
  9221.78053600    0.99481835848
  9224.21972000    0.99182506025
  9226.67109600    0.99375174629
  9229.13466300    0.99429081647
  9231.61042300    0.99034887606
  9234.09837400    0.98921386597
  9236.59851700    0.99059983164
  9239.11085200    0.99163315378
  9241.63538000    0.99285172332
  9244.17209900    0.99403358462
  9246.72100900    0.99482506455
  9249.28211200    0.99530067473
  9251.85540700    0.99559496519
  9254.44089400    0.99529209986
  9257.03857200    0.99491461262
  9259.64844300    0.99618444125
  9262.27050500    0.99795234225
  9264.90475900    0.99993205861
  9267.55120500    1.00171170404
  9270.20984400    1.00267891185
  9272.88067400    1.00317582195
  9275.56369600    1.00366649041
  9278.25890900    1.00408971780
  9280.96631500    1.00351125076
  9283.68591300    1.00211690626
  9286.41770200    1.00117977120
  9289.16168400    1.00068385298
  9291.91785700    1.00036534532
  9294.68622200    1.00020375420
  9297.46678000    0.99983475927
  9300.25952900    0.99978560066
  9303.06447000    1.00032961011
  9305.88160200    1.00057112174
  9308.71092700    1.00121588198
  9311.55244400    1.00157239591
  9314.40615300    1.00169605233
  9317.27205300    1.00205694154
  9320.15014600    1.00209632180
  9323.04043000    1.00140938148
  9325.94290600    1.00099251065
  9328.85757400    1.00056413486
  9331.78443500    1.00011720389
  9334.72348700    0.99958278113
  9337.67473000    0.99951159772
  9340.63816600    0.99974002031
  9343.61379400    0.99949241273
  9346.60161400    0.99938799643
  9349.60162500    0.99972359137
  9352.61382900    0.99971429003
  9355.63822400    1.00020014764
  9358.67481100    1.00056208041
  9361.72359000    1.00034180640
  9364.78456100    0.99971552583
  9367.85772400    0.99933840751
  9370.94307900    0.99890000418
  9374.04062600    0.99894413302
  9377.15036500    0.99859620707
  9380.27229500    0.99828631336
  9383.40641800    0.99835645958
  9386.55273200    0.99869507568
  9389.71123900    0.99947172346
  9392.88193700    1.00051981575
  9396.06482700    1.00170634660
  9399.25990900    1.00251296311
  9402.46718300    1.00388731722
  9405.68664900    1.00504286920
  9408.91830700    1.00601375536
  9412.16215700    1.00683701887
  9415.41819800    1.00744734881
  9418.68643200    1.00756890164
  9421.96685700    1.00716519182
  9425.25947400    1.00666124255
  9428.56428400    1.00692296154
  9431.88128500    1.00644017954
  9435.21047800    1.00566118781
  9438.55186300    1.00494435438
  9441.90544000    1.00491146666
  9445.27120900    1.00473232018
  9448.64916900    1.00481500142
  9452.03932200    1.00489845819
  9455.44166600    1.00490810111
  9458.85620300    1.00520625208
  9462.28293100    1.00568314315
  9465.72185100    1.00548766521
  9469.17296400    1.00483640985
  9472.63626800    1.00385340491
  9476.11176400    1.00288562791
  9479.59945100    1.00195607193
  9483.09933100    1.00065979696
  9486.61140300    0.99859768579
  9490.13566600    0.99686201791
  9493.67212200    0.99605842564
  9497.22076900    0.99576583986
  9500.78160900    0.99521010469
  9504.35464000    0.99453322620
  9507.93986300    0.99471692610
  9511.53727800    0.99491749329
  9515.14688500    0.99448190601
  9518.76868400    0.99449820828
  9522.40267500    0.99523138551
  9526.04885700    0.99542276125
  9529.70723200    0.99611885389
  9533.37779900    0.99635059253
  9537.06055700    0.99672440879
  9540.75550700    0.99694168426
  9544.46265000    0.99690797930
  9548.18198400    0.99705411592
  9551.91351000    0.99764111656
  9555.65722800    0.99795460792
  9559.41313800    0.99790676905
  9563.18123900    0.99811065183
  9566.96153300    0.99851440423
  9570.75401900    0.99943142691
  9574.55869600    0.99939993913
  9578.37556500    0.99971112123
  9582.20462700    1.00011239161
  9586.04588000    1.00017397544
  9589.89932500    1.00069645170
  9593.76496200    1.00110299698
  9597.64279100    1.00101462109
  9601.53281200    1.00133109317
  9605.43502500    1.00163640219
  9609.34942900    1.00169227227
  9613.27602600    1.00106524015
  9617.21481400    1.00036786810
  9621.16579500    0.99977579569
  9625.12896700    0.99913433943
  9629.10433100    0.99876805068
  9633.09188800    0.99843232623
  9637.09163600    0.99804443416
  9641.10357500    0.99768191797
  9645.12770700    0.99744744798
  9649.16403100    0.99717129166
  9653.21254700    0.99718781715
  9657.27325400    0.99794565487
  9661.34615400    0.99911956973
  9665.43124500    1.00000005189
  9669.52852900    1.00116348738
  9673.63800400    1.00236744889
  9677.75967100    1.00220976936
  9681.89353000    1.00172493590
  9686.03958100    1.00142694785
  9690.19782400    1.00096919684
  9694.36825800    1.00095932424
  9698.55088500    1.00128876412
  9702.74570400    1.00163632285
  9706.95271400    1.00223489856
  9711.17191600    1.00234940054
  9715.40331100    1.00206119342
  9719.64689700    1.00193697545
  9723.90267500    1.00210071022
  9728.17064500    1.00146849663
  9732.45080700    1.00070412070
  9736.74316100    0.99951581536
  9741.04770700    0.99853009485
  9745.36444400    0.99770461811
  9749.69337400    0.99677488631
  9754.03449500    0.99700034753
  9758.38780900    0.99772245099
  9762.75331400    0.99781453710
  9767.13101100    0.99869371152
  9771.52090000    0.99930183431
  9775.92298100    0.99972147578
  9780.33725400    1.00003627657
  9784.76371900    1.00007863496
  9789.20237600    1.00030407486
  9793.65322400    1.00052307099
  9798.11626500    1.00032553017
  9802.59149700    1.00011015802
  9807.07892200    0.99909794108
  9811.57853800    1.00028559141
  9816.09034600    1.00105017882
  9820.61434600    1.00242865143
  9825.15053800    1.00364364638
  9829.69892200    1.00324709766
  9834.25949800    1.00309800150
  9838.83226600    1.00291652828
  9843.41722600    1.00128110900
  9848.01437700    0.99999630934
  9852.62372100    0.99945809071
  9857.24525600    0.99917722897
  9861.87898300    0.99863674162
  9866.52490200    0.99909855274
  9871.18301300    0.99847920953
  9875.85331600    0.99781401538
  9880.53581100    0.99696559292
  9885.23049800    0.99672834438
  9889.93737700    0.99648358056
  9894.65644800    0.99750471594
  9899.38771000    0.99891206402
  9904.13116500    0.99983071403
  9908.88681100    1.00070077495
  9913.65464900    1.00067409424
  9918.43467900    1.00153490385
  9923.22690100    1.00257156974
  9928.03131500    1.00422931253
  9932.84792100    1.00476163845
  9937.67671900    1.00526046713
