#---------------------------------
#  energy flat
  10182.0000000    0.00177954579
  10187.0000000    0.00149654025
  10192.0000000    0.00142158974
  10197.0000000    0.00130335865
  10202.0000000    0.00112181205
  10207.0000000    0.00124695397
  10212.0000000    0.00117881020
  10217.0000000    0.00076788935
  10222.0000000    0.00047319677
  10227.0000000    0.00044846201
  10232.0000000    0.00016597019
  10237.0000000   -0.00003381334
  10242.0000000   -0.00007164785
  10247.0000000    0.00014544926
  10252.0000000   -0.00017325955
  10257.0000000   -0.00031756174
  10262.0000000   -0.00054046249
  10267.0000000   -0.00041570585
  10272.0000000   -0.00043825731
  10277.0000000   -0.00008078727
  10282.0000000    0.00007337962
  10287.0000000    0.00003721468
  10292.0000000    0.00004073431
  10297.0000000   -0.00005014140
  10302.0000000   -0.00007577516
  10307.0000000   -0.00008008970
  10312.0000000    0.00009822185
  10317.0000000    0.00079487297
  10322.0000000    0.00155920618
  10327.0000000    0.00271486266
  10332.0000000    0.00398327983
  10337.0000000    0.00552704884
  10341.0000000    0.00682907832
  10344.0000000    0.00843596223
  10346.0000000    0.00967935587
  10347.0000000    0.01061525433
  10347.2000000    0.01167875667
  10347.4000000    0.01212040565
  10347.6000000    0.01242065426
  10347.8000000    0.01251477427
  10348.0000000    0.01257357630
  10348.2000000    0.01250086700
  10348.4000000    0.01257161293
  10348.6000000    0.01268897860
  10348.8000000    0.01288930942
  10349.0000000    0.01301938957
  10349.2000000    0.01338154097
  10349.4000000    0.01369360505
  10349.6000000    0.01424544614
  10349.8000000    0.01437745271
  10350.0000000    0.01472958665
  10350.2000000    0.01482396353
  10350.4000000    0.01520204013
  10350.6000000    0.01529371999
  10350.8000000    0.01553399224
  10351.0000000    0.01555953115
  10351.2000000    0.01569731704
  10351.4000000    0.01587735607
  10351.6000000    0.01622358228
  10351.8000000    0.01670799812
  10352.0000000    0.01698307464
  10352.2000000    0.01737065499
  10352.4000000    0.01774192486
  10352.6000000    0.01810703013
  10352.8000000    0.01848292344
  10353.0000000    0.01909615360
  10353.2000000    0.01948604567
  10353.4000000    0.01973017080
  10353.6000000    0.02015563771
  10353.8000000    0.02035905083
  10354.0000000    0.02077783944
  10354.2000000    0.02136820923
  10354.4000000    0.02177762252
  10354.6000000    0.02196613787
  10354.8000000    0.02249036672
  10355.0000000    0.02273307912
  10355.2000000    0.02337507738
  10355.4000000    0.02413677151
  10355.6000000    0.02466973352
  10355.8000000    0.02499695223
  10356.0000000    0.02547263490
  10356.2000000    0.02606146354
  10356.4000000    0.02662537695
  10356.6000000    0.02712494742
  10356.8000000    0.02784361782
  10357.0000000    0.02847868092
  10357.2000000    0.02910372655
  10357.4000000    0.02949541663
  10357.6000000    0.03001412302
  10357.8000000    0.03082770247
  10358.0000000    0.03137556226
  10358.2000000    0.03216962050
  10358.4000000    0.03272544288
  10358.6000000    0.03355931412
  10358.8000000    0.03454640119
  10359.0000000    0.03543703806
  10359.2000000    0.03612989422
  10359.4000000    0.03700011088
  10359.6000000    0.03791193854
  10359.8000000    0.03884598442
  10360.0000000    0.03998744319
  10360.2000000    0.04138871389
  10360.4000000    0.04280372650
  10360.6000000    0.04418457699
  10360.8000000    0.04532552204
  10361.0000000    0.04620755417
  10361.2000000    0.04722186819
  10361.4000000    0.04838901277
  10361.6000000    0.04987247805
  10361.8000000    0.05124138464
  10362.0000000    0.05273448210
  10362.2000000    0.05427946489
  10362.4000000    0.05577487407
  10362.6000000    0.05726180693
  10362.8000000    0.05907700441
  10363.0000000    0.06126053634
  10363.2000000    0.06390255992
  10363.4000000    0.06618292735
  10363.6000000    0.06838495306
  10363.8000000    0.07050594006
  10364.0000000    0.07269037100
  10364.2000000    0.07526291447
  10364.4000000    0.07849994976
  10364.6000000    0.08197342289
  10364.8000000    0.08570683639
  10365.0000000    0.08953682851
  10365.2000000    0.09348908508
  10365.4000000    0.09767341291
  10365.6000000    0.10228219868
  10365.8000000    0.10715619041
  10366.0000000    0.11236782206
  10366.2000000    0.11799402263
  10366.4000000    0.12393847034
  10366.6000000    0.13061997227
  10366.8000000    0.13807487382
  10367.0000000    0.14679338862
  10367.2000000    0.15647589174
  10367.4000000    0.16746785727
  10367.6000000    0.18009677923
  10367.8000000    0.19399766234
  10368.0000000    0.20973983247
  10368.2000000    0.22728822851
  10368.4000000    0.24696173975
  10368.6000000    0.26927177058
  10368.8000000    0.29425209784
  10369.0000000    0.32171727002
  10369.2000000    0.35179276228
  10369.4000000    0.38455088015
  10369.6000000    0.42049095572
  10369.8000000    0.45962236431
  10370.0000000    0.50202396135
  10370.2000000    0.54753816440
  10370.4000000    0.59629494365
  10370.6000000    0.64875189175
  10370.8000000    0.70514429067
  10371.0000000    0.76570690869
  10371.2000000    0.83133168544
  10371.4000000    0.90863091806
  10371.6000000    0.99376316577
  10371.8000000    1.07006925668
  10372.0000000    1.13240355320
  10372.2000000    1.22555208424
  10372.4000000    1.31806720328
  10372.6000000    1.41009764199
  10372.8000000    1.50120066014
  10373.0000000    1.58942978696
  10373.2000000    1.67095501132
  10373.4000000    1.74398115172
  10373.6000000    1.81014439366
  10373.8000000    1.86735596686
  10374.0000000    1.91656727315
  10374.2000000    1.95851369665
  10374.4000000    1.99383609782
  10374.6000000    2.02351516027
  10374.8000000    2.04929366544
  10375.0000000    2.07125046840
  10375.2000000    2.09056197859
  10375.4000000    2.10756622075
  10375.6000000    2.12191232631
  10375.8000000    2.13466728315
  10376.0000000    2.14557397601
  10376.2000000    2.15380660561
  10376.4000000    2.15914735606
  10376.6000000    2.16115597190
  10376.8000000    2.15976695410
  10377.0000000    2.15466693527
  10377.2000000    2.14491478698
  10377.4000000    2.13004199965
  10377.6000000    2.10993272991
  10377.8000000    2.08586535994
  10378.0000000    2.05869984985
  10378.2000000    2.02940635229
  10378.4000000    1.99817237310
  10378.6000000    1.96476930829
  10378.8000000    1.93019761932
  10379.0000000    1.89393228805
  10379.2000000    1.85686718001
  10379.4000000    1.82001534290
  10379.6000000    1.78210404463
  10379.8000000    1.74335752182
  10380.0000000    1.70465962250
  10380.2000000    1.66522333335
  10380.4000000    1.62439161076
  10380.6000000    1.58235735474
  10380.8000000    1.54005963804
  10381.0000000    1.49872906694
  10381.2000000    1.45825930195
  10381.4000000    1.41841403323
  10381.6000000    1.38004268972
  10381.8000000    1.34391610217
  10382.0000000    1.30862000965
  10382.2000000    1.27471667393
  10382.4000000    1.24249711470
  10382.6000000    1.21204583790
  10382.8000000    1.18324648640
  10383.0000000    1.15696467132
  10383.2000000    1.13304370881
  10383.4000000    1.11157863599
  10383.6000000    1.09284891388
  10383.8000000    1.07740447522
  10384.0000000    1.06351255495
  10384.2000000    1.04959861274
  10384.4000000    1.03530792722
  10384.6000000    1.02630139266
  10384.8000000    1.01802337413
  10385.0000000    1.01098578922
  10385.2000000    1.00499548018
  10385.4000000    0.99970620203
  10385.6000000    0.99494637297
  10385.8000000    0.99011263311
  10386.0000000    0.98626580555
  10386.2000000    0.98299029379
  10386.4000000    0.98051701259
  10386.6000000    0.97923227608
  10386.8000000    0.97810942210
  10387.0000000    0.97750265762
  10387.2000000    0.97781884515
  10387.4000000    0.97914480232
  10387.6000000    0.98073076003
  10387.8000000    0.98278169064
  10388.0000000    0.98488302463
  10388.2000000    0.98745600880
  10388.4000000    0.99024609651
  10388.6000000    0.99319241177
  10388.8000000    0.99666534355
  10389.0000000    1.00064665443
  10389.2000000    1.00498659577
  10389.4000000    1.00892435355
  10389.6000000    1.01359549674
  10389.8000000    1.01935217729
  10390.0000000    1.02469948084
  10390.2000000    1.02877385022
  10390.4000000    1.03248764473
  10390.6000000    1.03815900798
  10390.8000000    1.04388744668
  10391.0000000    1.04992108531
  10391.2000000    1.05519421923
  10391.4000000    1.05973330450
  10391.6000000    1.06397320130
  10391.8000000    1.06767348998
  10392.0000000    1.07091533744
  10392.2000000    1.07400080809
  10392.4000000    1.07704548773
  10392.6000000    1.07992043316
  10392.8000000    1.08239678340
  10393.0000000    1.08457085973
  10393.2000000    1.08620095825
  10393.4000000    1.08764334063
  10393.6000000    1.08832110340
  10393.8000000    1.08872356052
  10394.0000000    1.08903950237
  10394.2000000    1.08900385083
  10394.4000000    1.08821487956
  10394.6000000    1.08660066779
  10394.8000000    1.08496646520
  10395.0000000    1.08307005407
  10395.2000000    1.08085543897
  10395.4000000    1.07869249507
  10395.6000000    1.07580345568
  10395.8000000    1.07241923569
  10396.0000000    1.06859120640
  10396.2000000    1.06420352430
  10396.4000000    1.05927776509
  10396.6000000    1.05377051920
  10396.8000000    1.04771492095
  10397.0000000    1.04086156079
  10397.2278600    1.03312664075
  10397.4835810    1.02461521852
  10397.7671620    1.01370219278
  10398.0786040    0.99780492146
  10398.4179050    0.98366372187
  10398.7850670    0.96852751267
  10399.1800900    0.95206819078
  10399.6029730    0.93454357944
  10400.0537160    0.91611700604
  10400.5323190    0.89777377366
  10401.0387830    0.88005484827
  10401.5731070    0.86423841293
  10402.1352920    0.85033379613
  10402.7253370    0.84000786500
  10403.3432420    0.83382328029
  10403.9890080    0.83079721289
  10404.6626340    0.83240859426
  10405.3641200    0.83750153073
  10406.0934670    0.84566272959
  10406.8506740    0.85547024780
  10407.6357410    0.86625039363
  10408.4486690    0.87741246336
  10409.2894570    0.88977696144
  10410.1581060    0.90458720045
  10411.0546140    0.92583413499
  10411.9789830    0.95081501213
  10412.9312130    0.97270299382
  10413.9113030    0.99267265227
  10414.9192530    1.02157390878
  10415.9550640    1.04898012230
  10417.0187340    1.07389573742
  10418.1102660    1.09587051648
  10419.2327230    1.11372796524
  10420.3673730    1.12855699631
  10421.5142140    1.14053785911
  10422.6732480    1.14985747261
  10423.8444730    1.15701073856
  10425.0278900    1.16175280109
  10426.2234990    1.16437897935
  10427.4313000    1.16571603210
  10428.6512930    1.16564162775
  10429.8834780    1.16292663322
  10431.1278550    1.15780703357
  10432.3844230    1.15050366140
  10433.6531840    1.14143101318
  10434.9341360    1.13058594251
  10436.2272800    1.11929145390
  10437.5326170    1.10804192717
  10438.8501450    1.09714526868
  10440.1798650    1.08728413312
  10441.5217770    1.07832745016
  10442.8758810    1.07079451265
  10444.2421770    1.06437110782
  10445.6206640    1.05739605949
  10447.0113440    1.05070484432
  10448.4142150    1.04366140560
  10449.8292790    1.03697972245
  10451.2565340    1.02989504833
  10452.6959810    1.02235001551
  10454.1476200    1.01599998569
  10455.6114520    1.01027027485
  10457.0874750    1.00550190074
  10458.5756890    1.00177156779
  10460.0760960    0.99828111576
  10461.5886950    0.99532685911
  10463.1134850    0.99227322809
  10464.6504680    0.98910033346
  10466.1996420    0.98667701863
  10467.7610090    0.98434535232
  10469.3345670    0.98272527571
  10470.9203170    0.98211307963
  10472.5182590    0.98154105479
  10474.1283930    0.98223351463
  10475.7507190    0.98353816357
  10477.3852370    0.98432879863
  10479.0319460    0.98487087158
  10480.6908480    0.98561887233
  10482.3619420    0.98582930498
  10484.0452270    0.98565048053
  10485.7407040    0.98545930562
  10487.4483740    0.98544260708
  10489.1682350    0.98618174556
  10490.9002880    0.98781447797
  10492.6445330    0.98992425812
  10494.4009700    0.99244386117
  10496.1695980    0.99613108662
  10497.9504190    1.00136074877
  10499.7434320    1.00715684379
  10501.5486360    1.01231784097
  10503.3660320    1.01698145868
  10505.1956210    1.02134756901
  10507.0374010    1.02474221091
  10508.8913730    1.02673928122
  10510.7575370    1.02818103670
  10512.6358930    1.02923059517
  10514.5264410    1.02967322952
  10516.4291810    1.02939412381
  10518.3441120    1.02851296834
  10520.2712360    1.02663238702
  10522.2105520    1.02371845509
  10524.1620590    1.02006704634
  10526.1257580    1.01536938100
  10528.1016490    1.01007825756
  10530.0897330    1.00380782407
  10532.0900080    0.99757158810
  10534.1024750    0.99231754668
  10536.1271330    0.98695783471
  10538.1639840    0.98121213784
  10540.2130270    0.97663281932
  10542.2742610    0.97306156002
  10544.3476880    0.97057351329
  10546.4333060    0.96881487592
  10548.5311170    0.96814718189
  10550.6411190    0.96857980892
  10552.7633130    0.96924418204
  10554.8976990    0.97044273516
  10557.0442770    0.97189431197
  10559.2030470    0.97337348597
  10561.3740080    0.97527821742
  10563.5571620    0.97726824490
  10565.7525080    0.97931641105
  10567.9600450    0.98166062726
  10570.1797750    0.98331948791
  10572.4116960    0.98454141863
  10574.6558090    0.98589153914
  10576.9121140    0.98689263090
  10579.1806110    0.98700993031
  10581.4613000    0.98680750286
  10583.7541810    0.98676284419
  10586.0592540    0.98590707256
  10588.3765180    0.98477931144
  10590.7059750    0.98415523870
  10593.0476230    0.98272381129
  10595.4014640    0.98018265462
  10597.7674960    0.97712556618
  10600.1457200    0.97483599501
  10602.5361360    0.97315538030
  10604.9387440    0.97144328597
  10607.3535440    0.97083158679
  10609.7805360    0.97152720207
  10612.2197200    0.97321022571
  10614.6710960    0.97501055169
  10617.1346630    0.97698686382
  10619.6104230    0.97898412811
  10622.0983740    0.98066493449
  10624.5985170    0.98269540560
  10627.1108520    0.98471088337
  10629.6353800    0.98606723786
  10632.1720990    0.98739871415
  10634.7210090    0.98901282238
  10637.2821120    0.99002549770
  10639.8554070    0.99026544800
  10642.4408940    0.99057005275
  10645.0385720    0.99070763921
  10647.6484430    0.99095946845
  10650.2705050    0.99059939719
  10652.9047590    0.99059113993
  10655.5512050    0.99014791429
  10658.2098440    0.98902412800
  10660.8806740    0.98773011431
  10663.5636960    0.98651599789
  10666.2589090    0.98511740865
  10668.9663150    0.98306268083
  10671.6859130    0.98134731455
  10674.4177020    0.97948267471
  10677.1616840    0.97726265911
  10679.9178570    0.97600535485
  10682.6862220    0.97632556058
  10685.4667800    0.97696531399
  10688.2595290    0.97826610092
  10691.0644700    0.97994317648
  10693.8816020    0.98173310778
  10696.7109270    0.98303622432
  10699.5524440    0.98393069721
  10702.4061530    0.98560611345
  10705.2720530    0.98746200851
  10708.1501460    0.98932326517
  10711.0404300    0.99162274303
  10713.9429060    0.99356345605
  10716.8575740    0.99548372354
  10719.7844350    0.99732963419
  10722.7234870    0.99849733777
  10725.6747300    0.99980545553
  10728.6381660    1.00106468937
  10731.6137940    1.00216767363
  10734.6016140    1.00305481038
  10737.6016250    1.00291364479
  10740.6138290    1.00284941603
  10743.6382240    1.00296895166
  10746.6748110    1.00286561226
  10749.7235900    1.00308518242
  10752.7845610    1.00354978951
  10755.8577240    1.00386073951
  10758.9430790    1.00382636054
  10762.0406260    1.00372887855
  10765.1503650    1.00384666140
  10768.2722950    1.00479892344
  10771.4064180    1.00564343269
  10774.5527320    1.00646692810
  10777.7112390    1.00767105043
  10780.8819370    1.00935819890
  10784.0648270    1.01024630257
  10787.2599090    1.01077680512
  10790.4671830    1.01139731166
  10793.6866490    1.01211542659
  10796.9183070    1.01331093892
  10800.1621570    1.01458073196
  10803.4181980    1.01501182405
  10806.6864320    1.01544813962
  10809.9668570    1.01552791153
  10813.2594740    1.01469492858
  10816.5642840    1.01401118455
  10819.8812850    1.01359754608
  10823.2104780    1.01382582824
  10826.5518630    1.01423768151
  10829.9054400    1.01452193675
  10833.2712090    1.01433249233
  10836.6491690    1.01406454098
  10840.0393220    1.01390136731
  10843.4416660    1.01334635644
  10846.8562030    1.01293751810
  10850.2829310    1.01300866423
  10853.7218510    1.01366680267
  10857.1729640    1.01428201867
  10860.6362680    1.01411138536
  10864.1117640    1.01377306934
  10867.5994510    1.01385364922
  10871.0993310    1.01406048166
  10874.6114030    1.01435496340
  10878.1356660    1.01455722461
  10881.6721220    1.01411187392
  10885.2207690    1.01397385425
  10888.7816090    1.01383976579
  10892.3546400    1.01348378982
  10895.9398630    1.01295597976
  10899.5372780    1.01209269203
  10903.1468850    1.01223625145
  10906.7686840    1.01221049864
  10910.4026750    1.01183229792
  10914.0488570    1.01194698460
  10917.7072320    1.01219035864
  10921.3777990    1.01293053575
  10925.0605570    1.01223625088
  10928.7555070    1.01158835271
  10932.4626500    1.01103135314
  10936.1819840    1.01017620357
  10939.9135100    1.00930606536
  10943.6572280    1.00834194608
  10947.4131380    1.00702506793
  10951.1812390    1.00627487850
  10954.9615330    1.00510238447
  10958.7540190    1.00423853399
  10962.5586960    1.00396350715
  10966.3755650    1.00396955380
  10970.2046270    1.00405630967
  10974.0458800    1.00412540539
  10977.8993250    1.00369063469
  10981.7649620    1.00317200859
  10985.6427910    1.00287757038
  10989.5328120    1.00238205643
  10993.4350250    1.00186487042
  10997.3494290    1.00129995472
  11001.2760260    1.00030809467
  11005.2148140    0.99911937172
  11009.1657950    0.99871879670
  11013.1289670    0.99873391564
  11017.1043310    0.99843937790
  11021.0918880    0.99859193207
  11025.0916360    0.99925432869
  11029.1035750    0.99899854277
  11033.1277070    0.99931705504
  11037.1640310    0.99957919205
  11041.2125470    0.99902151701
  11045.2732540    0.99858873350
  11049.3461540    0.99772424192
  11053.4312450    0.99633870643
  11057.5285290    0.99614750878
  11061.6380040    0.99590424096
  11065.7596710    0.99511024446
  11069.8935300    0.99499067511
  11074.0395810    0.99486047527
  11078.1978240    0.99419721919
  11082.3682580    0.99386350288
  11086.5508850    0.99377672431
  11090.7457040    0.99388797666
  11094.9527140    0.99385994615
  11099.1719160    0.99333969453
  11103.4033110    0.99269250538
  11107.6468970    0.99216555824
  11111.9026750    0.99166882391
  11116.1706450    0.99139281275
  11120.4508070    0.99161772975
  11124.7431610    0.99124501766
  11129.0477070    0.99075096882
  11133.3644440    0.99072469157
  11137.6933740    0.99021702347
  11142.0344950    0.98982257913
  11146.3878090    0.99010982737
  11150.7533140    0.99027413619
  11155.1310110    0.99038116540
  11159.5209000    0.99035793336
  11163.9229810    0.99181162940
  11168.3372540    0.99128837406
  11172.7637190    0.99072785881
  11177.2023760    0.99288099793
  11181.6532240    0.99295510942
  11186.1162650    0.99228415496
  11190.5914970    0.99262264610
  11195.0789220    0.99292027120
  11199.5785380    0.99292870528
  11204.0903460    0.99316487393
  11208.6143460    0.99272560991
  11213.1505380    0.99208535169
  11217.6989220    0.99194387967
  11222.2594980    0.99210230633
  11226.8322660    0.99222645984
  11231.4172260    0.99259947963
  11236.0143770    0.99344114493
  11240.6237210    0.99378617313
  11245.2452560    0.99433406799
  11249.8789830    0.99432983046
  11254.5249020    0.99508035030
  11259.1830130    0.99676397292
  11263.8533160    0.99783407647
  11268.5358110    0.99942367527
  11273.2304980    1.00172474999
  11277.9373770    1.00326827630
  11282.6564480    1.00495509988
  11287.3877100    1.00678844716
  11292.1311650    1.00857694442
  11296.8868110    1.01045245088
  11301.6546490    1.01378292797
  11306.4346790    1.01617938081
  11311.2269010    1.01933824873
  11316.0313150    1.02106981753
  11320.8479210    1.02441925039
  11325.6767190    1.02828921626
