#---------------------------------
#  energy flat
  10182.0000000    0.00084111696
  10187.0000000    0.00110101335
  10192.0000000    0.00122051257
  10197.0000000    0.00116104873
  10202.0000000    0.00108260527
  10207.0000000    0.00091420363
  10212.0000000    0.00070844940
  10217.0000000    0.00012622277
  10222.0000000   -0.00032808645
  10227.0000000   -0.00046199546
  10232.0000000   -0.00040515497
  10237.0000000   -0.00023955002
  10242.0000000    0.00005431902
  10247.0000000    0.00048173870
  10252.0000000    0.00071086904
  10257.0000000    0.00096747217
  10262.0000000    0.00072133209
  10267.0000000    0.00017611137
  10272.0000000   -0.00029137091
  10277.0000000   -0.00033176847
  10282.0000000   -0.00034036000
  10287.0000000   -0.00038439749
  10292.0000000   -0.00047133411
  10297.0000000   -0.00034030845
  10302.0000000   -0.00037316616
  10307.0000000   -0.00034405846
  10312.0000000    0.00013059360
  10317.0000000    0.00094289219
  10322.0000000    0.00239399791
  10327.0000000    0.00450159039
  10332.0000000    0.00608850004
  10337.0000000    0.00764689692
  10341.0000000    0.00950923002
  10344.0000000    0.01205110510
  10346.0000000    0.01411485216
  10347.0000000    0.01579112270
  10347.2000000    0.01637070255
  10347.4000000    0.01662494229
  10347.6000000    0.01645920383
  10347.8000000    0.01641072301
  10348.0000000    0.01661799036
  10348.2000000    0.01661743524
  10348.4000000    0.01650213576
  10348.6000000    0.01630303130
  10348.8000000    0.01670676803
  10349.0000000    0.01721562931
  10349.2000000    0.01782042865
  10349.4000000    0.01835823601
  10349.6000000    0.01884525773
  10349.8000000    0.01905642500
  10350.0000000    0.01897509817
  10350.2000000    0.01912759330
  10350.4000000    0.01958818221
  10350.6000000    0.02003655137
  10350.8000000    0.02042356177
  10351.0000000    0.02085858454
  10351.2000000    0.02168056617
  10351.4000000    0.02195456551
  10351.6000000    0.02229607683
  10351.8000000    0.02258480921
  10352.0000000    0.02287882815
  10352.2000000    0.02317588036
  10352.4000000    0.02330592927
  10352.6000000    0.02384260998
  10352.8000000    0.02435311789
  10353.0000000    0.02468613605
  10353.2000000    0.02471530699
  10353.4000000    0.02516558278
  10353.6000000    0.02549452768
  10353.8000000    0.02594263685
  10354.0000000    0.02652386333
  10354.2000000    0.02701937821
  10354.4000000    0.02753976592
  10354.6000000    0.02818191784
  10354.8000000    0.02846129041
  10355.0000000    0.02865885130
  10355.2000000    0.02917932567
  10355.4000000    0.02953461671
  10355.6000000    0.03006887081
  10355.8000000    0.03077983467
  10356.0000000    0.03152407787
  10356.2000000    0.03263058044
  10356.4000000    0.03341676946
  10356.6000000    0.03436086196
  10356.8000000    0.03515970406
  10357.0000000    0.03589718739
  10357.2000000    0.03652867953
  10357.4000000    0.03717629134
  10357.6000000    0.03812263714
  10357.8000000    0.03872769647
  10358.0000000    0.03962750320
  10358.2000000    0.04028924140
  10358.4000000    0.04155052751
  10358.6000000    0.04268822944
  10358.8000000    0.04383139127
  10359.0000000    0.04508470421
  10359.2000000    0.04640951571
  10359.4000000    0.04778034628
  10359.6000000    0.04891657491
  10359.8000000    0.04987514045
  10360.0000000    0.05075328095
  10360.2000000    0.05187668318
  10360.4000000    0.05310737657
  10360.6000000    0.05417323329
  10360.8000000    0.05549388487
  10361.0000000    0.05665957957
  10361.2000000    0.05799808413
  10361.4000000    0.05963870259
  10361.6000000    0.06093335470
  10361.8000000    0.06279930196
  10362.0000000    0.06446834652
  10362.2000000    0.06680436430
  10362.4000000    0.06880828211
  10362.6000000    0.07107080804
  10362.8000000    0.07330664118
  10363.0000000    0.07549567526
  10363.2000000    0.07775750787
  10363.4000000    0.08031434787
  10363.6000000    0.08307294380
  10363.8000000    0.08615445323
  10364.0000000    0.08926612205
  10364.2000000    0.09291407339
  10364.4000000    0.09683207262
  10364.6000000    0.10084107002
  10364.8000000    0.10509238253
  10365.0000000    0.10955897071
  10365.2000000    0.11453306866
  10365.4000000    0.11975260166
  10365.6000000    0.12589702269
  10365.8000000    0.13253578042
  10366.0000000    0.13910520621
  10366.2000000    0.14608681037
  10366.4000000    0.15356119125
  10366.6000000    0.16135241909
  10366.8000000    0.17087313207
  10367.0000000    0.18157595456
  10367.2000000    0.19384949206
  10367.4000000    0.20758489342
  10367.6000000    0.22349506429
  10367.8000000    0.24068614268
  10368.0000000    0.26022601373
  10368.2000000    0.28202575923
  10368.4000000    0.30617083079
  10368.6000000    0.33250020500
  10368.8000000    0.36161134981
  10369.0000000    0.39324149718
  10369.2000000    0.42781634521
  10369.4000000    0.46584375031
  10369.6000000    0.50783624884
  10369.8000000    0.55260757136
  10370.0000000    0.60176084556
  10370.2000000    0.65526851200
  10370.4000000    0.71258440836
  10370.6000000    0.77396038288
  10370.8000000    0.83820635290
  10371.0000000    0.90924771929
  10371.2000000    0.98342946969
  10371.4000000    1.04967823184
  10371.6000000    1.09792804822
  10371.8000000    1.17024763055
  10372.0000000    1.23693569716
  10372.2000000    1.29876460540
  10372.4000000    1.35597320347
  10372.6000000    1.40601007567
  10372.8000000    1.44721125527
  10373.0000000    1.48261573389
  10373.2000000    1.51425060371
  10373.4000000    1.54167508660
  10373.6000000    1.56441599165
  10373.8000000    1.58300544113
  10374.0000000    1.59925611817
  10374.2000000    1.61149192284
  10374.4000000    1.62224659038
  10374.6000000    1.63277988165
  10374.8000000    1.64142921654
  10375.0000000    1.64969077779
  10375.2000000    1.65807900801
  10375.4000000    1.66644414992
  10375.6000000    1.67411056340
  10375.8000000    1.68140029486
  10376.0000000    1.68786961963
  10376.2000000    1.69278257880
  10376.4000000    1.69608925304
  10376.6000000    1.69739756988
  10376.8000000    1.69482066031
  10377.0000000    1.68856027992
  10377.2000000    1.68017986351
  10377.4000000    1.66944194873
  10377.6000000    1.65576276043
  10377.8000000    1.64068424048
  10378.0000000    1.62337717852
  10378.2000000    1.60417679414
  10378.4000000    1.58323145732
  10378.6000000    1.56058415349
  10378.8000000    1.53766242676
  10379.0000000    1.51458310118
  10379.2000000    1.49214418704
  10379.4000000    1.47105945610
  10379.6000000    1.45035063440
  10379.8000000    1.43004129451
  10380.0000000    1.41163229915
  10380.2000000    1.39430570442
  10380.4000000    1.37753320055
  10380.6000000    1.36166630016
  10380.8000000    1.34578774137
  10381.0000000    1.33151330455
  10381.2000000    1.31902117244
  10381.4000000    1.30742129598
  10381.6000000    1.29641173417
  10381.8000000    1.28608209819
  10382.0000000    1.27572416193
  10382.2000000    1.26517828833
  10382.4000000    1.25487104172
  10382.6000000    1.24517629417
  10382.8000000    1.23633653376
  10383.0000000    1.22751163045
  10383.2000000    1.21820430051
  10383.4000000    1.20968470474
  10383.6000000    1.20122832399
  10383.8000000    1.19199537479
  10384.0000000    1.18351029271
  10384.2000000    1.17567514616
  10384.4000000    1.16902691048
  10384.6000000    1.16229490434
  10384.8000000    1.15574848196
  10385.0000000    1.14899834402
  10385.2000000    1.14141426304
  10385.4000000    1.13481325533
  10385.6000000    1.12896184511
  10385.8000000    1.12353989193
  10386.0000000    1.11843854425
  10386.2000000    1.11342675305
  10386.4000000    1.10891912299
  10386.6000000    1.10413549603
  10386.8000000    1.09885868955
  10387.0000000    1.09425971958
  10387.2000000    1.09045887672
  10387.4000000    1.08727069756
  10387.6000000    1.08504426817
  10387.8000000    1.08268015697
  10388.0000000    1.08085590992
  10388.2000000    1.07967569790
  10388.4000000    1.07894469789
  10388.6000000    1.07820965194
  10388.8000000    1.07642763398
  10389.0000000    1.07461383665
  10389.2000000    1.07284036471
  10389.4000000    1.07031354061
  10389.6000000    1.06781612136
  10389.8000000    1.06627455469
  10390.0000000    1.06521582306
  10390.2000000    1.06449103593
  10390.4000000    1.06361868245
  10390.6000000    1.06364567465
  10390.8000000    1.06409119504
  10391.0000000    1.06390382461
  10391.2000000    1.06341566292
  10391.4000000    1.06177080689
  10391.6000000    1.05966448209
  10391.8000000    1.05780318066
  10392.0000000    1.05604061180
  10392.2000000    1.05482535278
  10392.4000000    1.05400417973
  10392.6000000    1.05313770112
  10392.8000000    1.05244188557
  10393.0000000    1.05249981427
  10393.2000000    1.05287192246
  10393.4000000    1.05341451932
  10393.6000000    1.05399154055
  10393.8000000    1.05508224282
  10394.0000000    1.05545806388
  10394.2000000    1.05477286365
  10394.4000000    1.05467431529
  10394.6000000    1.05428606272
  10394.8000000    1.05311758213
  10395.0000000    1.05206550851
  10395.2000000    1.05176769530
  10395.4000000    1.05096715404
  10395.6000000    1.05067855737
  10395.8000000    1.04990057840
  10396.0000000    1.04802604237
  10396.2000000    1.04509568147
  10396.4000000    1.04224809900
  10396.6000000    1.04028061189
  10396.8000000    1.03700233060
  10397.0000000    1.03266718309
  10397.2278600    1.02786895778
  10397.4835810    1.02200432923
  10397.7671620    1.01564309870
  10398.0786040    1.00818823126
  10398.4179050    0.99925609354
  10398.7850670    0.98703708310
  10399.1800900    0.97606983253
  10399.6029730    0.96288204277
  10400.0537160    0.95003920859
  10400.5323190    0.93866231822
  10401.0387830    0.92652780893
  10401.5731070    0.91424695602
  10402.1352920    0.90455798408
  10402.7253370    0.89539929566
  10403.3432420    0.89017232390
  10403.9890080    0.88683267230
  10404.6626340    0.88512785481
  10405.3641200    0.88646139879
  10406.0934670    0.88744722740
  10406.8506740    0.88944558086
  10407.6357410    0.89309791914
  10408.4486690    0.89838256079
  10409.2894570    0.90318887778
  10410.1581060    0.91064913843
  10411.0546140    0.92114662605
  10411.9789830    0.93415517242
  10412.9312130    0.94859068356
  10413.9113030    0.96310077113
  10414.9192530    0.97483531945
  10415.9550640    0.99320228710
  10417.0187340    1.01063927814
  10418.1102660    1.02646197696
  10419.2327230    1.04119789597
  10420.3673730    1.05344666695
  10421.5142140    1.06356103294
  10422.6732480    1.07291446873
  10423.8444730    1.07922181177
  10425.0278900    1.08349012069
  10426.2234990    1.08726672557
  10427.4313000    1.08961496678
  10428.6512930    1.09056016550
  10429.8834780    1.09197481913
  10431.1278550    1.09259259474
  10432.3844230    1.09300855058
  10433.6531840    1.09228966274
  10434.9341360    1.09201741087
  10436.2272800    1.09161340523
  10437.5326170    1.09001705185
  10438.8501450    1.08669347129
  10440.1798650    1.08251036284
  10441.5217770    1.07814823036
  10442.8758810    1.07381282658
  10444.2421770    1.06869783026
  10445.6206640    1.06337385302
  10447.0113440    1.05713544540
  10448.4142150    1.05155697143
  10449.8292790    1.04576415573
  10451.2565340    1.03921170868
  10452.6959810    1.03386033629
  10454.1476200    1.02863123286
  10455.6114520    1.02355195326
  10457.0874750    1.01857777706
  10458.5756890    1.01409227651
  10460.0760960    1.01015731796
  10461.5886950    1.00682454433
  10463.1134850    1.00416639559
  10464.6504680    1.00169371583
  10466.1996420    0.99877886235
  10467.7610090    0.99654464157
  10469.3345670    0.99501235246
  10470.9203170    0.99349974038
  10472.5182590    0.99173776783
  10474.1283930    0.98998015706
  10475.7507190    0.98802407623
  10477.3852370    0.98659504506
  10479.0319460    0.98532105687
  10480.6908480    0.98447141727
  10482.3619420    0.98388453502
  10484.0452270    0.98345289412
  10485.7407040    0.98268903287
  10487.4483740    0.98207665275
  10489.1682350    0.98263851165
  10490.9002880    0.98354272960
  10492.6445330    0.98496308389
  10494.4009700    0.98659357048
  10496.1695980    0.98898235190
  10497.9504190    0.99134034244
  10499.7434320    0.99389087555
  10501.5486360    0.99721156637
  10503.3660320    1.00069825972
  10505.1956210    1.00460287175
  10507.0374010    1.00812676563
  10508.8913730    1.01131489197
  10510.7575370    1.01304534105
  10512.6358930    1.01404198759
  10514.5264410    1.01473421359
  10516.4291810    1.01474177214
  10518.3441120    1.01469301858
  10520.2712360    1.01443076808
  10522.2105520    1.01339934869
  10524.1620590    1.01260669143
  10526.1257580    1.01164478742
  10528.1016490    1.01034464524
  10530.0897330    1.00922330585
  10532.0900080    1.00692151232
  10534.1024750    1.00495346015
  10536.1271330    1.00308808279
  10538.1639840    1.00114768987
  10540.2130270    0.99952848299
  10542.2742610    0.99811810797
  10544.3476880    0.99654489898
  10546.4333060    0.99505025617
  10548.5311170    0.99355040171
  10550.6411190    0.99193399619
  10552.7633130    0.99114682872
  10554.8976990    0.99051872887
  10557.0442770    0.98990505528
  10559.2030470    0.99002278236
  10561.3740080    0.98981779436
  10563.5571620    0.98933487640
  10565.7525080    0.98824996390
  10567.9600450    0.98789047179
  10570.1797750    0.98758097845
  10572.4116960    0.98733556507
  10574.6558090    0.98724734098
  10576.9121140    0.98700953717
  10579.1806110    0.98706693556
  10581.4613000    0.98669034742
  10583.7541810    0.98658609433
  10586.0592540    0.98674966474
  10588.3765180    0.98705191596
  10590.7059750    0.98679968007
  10593.0476230    0.98598877082
  10595.4014640    0.98466768311
  10597.7674960    0.98330783262
  10600.1457200    0.98207989695
  10602.5361360    0.98144331453
  10604.9387440    0.98122260883
  10607.3535440    0.98111992433
  10609.7805360    0.98145167882
  10612.2197200    0.98181114998
  10614.6710960    0.98235146291
  10617.1346630    0.98358764827
  10619.6104230    0.98491362897
  10622.0983740    0.98571691001
  10624.5985170    0.98673955856
  10627.1108520    0.98811663356
  10629.6353800    0.98850918823
  10632.1720990    0.98875789284
  10634.7210090    0.98911217982
  10637.2821120    0.98953946478
  10639.8554070    0.99021913971
  10642.4408940    0.99027414256
  10645.0385720    0.99050471684
  10647.6484430    0.99000431702
  10650.2705050    0.98957317132
  10652.9047590    0.98985376792
  10655.5512050    0.98993312545
  10658.2098440    0.99013426939
  10660.8806740    0.99038988032
  10663.5636960    0.99038632745
  10666.2589090    0.98958291110
  10668.9663150    0.98897427784
  10671.6859130    0.98846638354
  10674.4177020    0.98797089636
  10677.1616840    0.98730812993
  10679.9178570    0.98687090131
  10682.6862220    0.98655456143
  10685.4667800    0.98636278483
  10688.2595290    0.98630548046
  10691.0644700    0.98724966379
  10693.8816020    0.98795586684
  10696.7109270    0.98896436324
  10699.5524440    0.98961927197
  10702.4061530    0.99031196325
  10705.2720530    0.99077116074
  10708.1501460    0.99112198477
  10711.0404300    0.99170777332
  10713.9429060    0.99277531112
  10716.8575740    0.99316965832
  10719.7844350    0.99376625360
  10722.7234870    0.99483023646
  10725.6747300    0.99543266956
  10728.6381660    0.99602084699
  10731.6137940    0.99724624098
  10734.6016140    0.99770358498
  10737.6016250    0.99783235679
  10740.6138290    0.99852164405
  10743.6382240    0.99940215628
  10746.6748110    1.00002347745
  10749.7235900    1.00054374755
  10752.7845610    1.00071672277
  10755.8577240    1.00112432403
  10758.9430790    1.00162602846
  10762.0406260    1.00221130568
  10765.1503650    1.00295576531
  10768.2722950    1.00366409872
  10771.4064180    1.00433338695
  10774.5527320    1.00464074223
  10777.7112390    1.00487027173
  10780.8819370    1.00528372119
  10784.0648270    1.00558852213
  10787.2599090    1.00600307961
  10790.4671830    1.00624435182
  10793.6866490    1.00689039662
  10796.9183070    1.00758606107
  10800.1621570    1.00804430800
  10803.4181980    1.00823271973
  10806.6864320    1.00880768745
  10809.9668570    1.00940156982
  10813.2594740    1.00996218214
  10816.5642840    1.01039608551
  10819.8812850    1.01093396820
  10823.2104780    1.01131772531
  10826.5518630    1.01180716127
  10829.9054400    1.01264682674
  10833.2712090    1.01309502499
  10836.6491690    1.01306628671
  10840.0393220    1.01288419919
  10843.4416660    1.01275552824
  10846.8562030    1.01248560578
  10850.2829310    1.01221082733
  10853.7218510    1.01184121887
  10857.1729640    1.01160018821
  10860.6362680    1.01113118520
  10864.1117640    1.01066108830
  10867.5994510    1.01056272314
  10871.0993310    1.01065738074
  10874.6114030    1.01116952236
  10878.1356660    1.01161122683
  10881.6721220    1.01136284422
  10885.2207690    1.01100798695
  10888.7816090    1.01056798731
  10892.3546400    1.00944955718
  10895.9398630    1.00907211794
  10899.5372780    1.00821216343
  10903.1468850    1.00742837094
  10906.7686840    1.00708390788
  10910.4026750    1.00698590615
  10914.0488570    1.00712176845
  10917.7072320    1.00684208879
  10921.3777990    1.00636204046
  10925.0605570    1.00633186289
  10928.7555070    1.00585535387
  10932.4626500    1.00477435847
  10936.1819840    1.00424006748
  10939.9135100    1.00430719441
  10943.6572280    1.00433818488
  10947.4131380    1.00379775962
  10951.1812390    1.00377891200
  10954.9615330    1.00417589585
  10958.7540190    1.00423437905
  10962.5586960    1.00454369517
  10966.3755650    1.00459774477
  10970.2046270    1.00435461941
  10974.0458800    1.00464288979
  10977.8993250    1.00463618535
  10981.7649620    1.00420459097
  10985.6427910    1.00369659757
  10989.5328120    1.00358204328
  10993.4350250    1.00327139093
  10997.3494290    1.00267015167
  11001.2760260    1.00231789237
  11005.2148140    1.00217458706
  11009.1657950    1.00174852752
  11013.1289670    1.00116577611
  11017.1043310    1.00070251679
  11021.0918880    1.00069215263
  11025.0916360    1.00069679338
  11029.1035750    1.00044184533
  11033.1277070    1.00055855759
  11037.1640310    1.00037545800
  11041.2125470    1.00011513267
  11045.2732540    0.99941260508
  11049.3461540    0.99843192347
  11053.4312450    0.99742487092
  11057.5285290    0.99661898674
  11061.6380040    0.99624426782
  11065.7596710    0.99533372035
  11069.8935300    0.99456008013
  11074.0395810    0.99439400948
  11078.1978240    0.99407209260
  11082.3682580    0.99419886391
  11086.5508850    0.99468002073
  11090.7457040    0.99509855513
  11094.9527140    0.99546839010
  11099.1719160    0.99577124095
  11103.4033110    0.99550838681
  11107.6468970    0.99514347258
  11111.9026750    0.99477791655
  11116.1706450    0.99418835456
  11120.4508070    0.99361979739
  11124.7431610    0.99325732190
  11129.0477070    0.99299173008
  11133.3644440    0.99260848048
  11137.6933740    0.99231287417
  11142.0344950    0.99226311228
  11146.3878090    0.99277239133
  11150.7533140    0.99308451033
  11155.1310110    0.99323230670
  11159.5209000    0.99308954735
  11163.9229810    0.99450253903
  11168.3372540    0.99446197296
  11172.7637190    0.99380304446
  11177.2023760    0.99465785143
  11181.6532240    0.99444015767
  11186.1162650    0.99456838712
  11190.5914970    0.99417930558
  11195.0789220    0.99365215575
  11199.5785380    0.99314160254
  11204.0903460    0.99271535080
  11208.6143460    0.99299235083
  11213.1505380    0.99356029716
  11217.6989220    0.99415461897
  11222.2594980    0.99485018398
  11226.8322660    0.99535792681
  11231.4172260    0.99588525969
  11236.0143770    0.99630825116
  11240.6237210    0.99660980040
  11245.2452560    0.99705262960
  11249.8789830    0.99726929537
  11254.5249020    0.99710388401
  11259.1830130    0.99733237060
  11263.8533160    0.99778337750
  11268.5358110    0.99870540178
  11273.2304980    1.00009984290
  11277.9373770    1.00172689725
  11282.6564480    1.00359469586
  11287.3877100    1.00555856824
  11292.1311650    1.00667625256
  11296.8868110    1.00789902292
  11301.6546490    1.00967730505
  11306.4346790    1.01156687642
  11311.2269010    1.01361862492
  11316.0313150    1.01511948231
  11320.8479210    1.01758687161
  11325.6767190    1.02032175831
