#---------------------------------
#  energy flat
  8794.00000000    0.00412685866
  8799.00000000    0.00333802471
  8804.00000000    0.00251590944
  8809.00000000    0.00075949063
  8814.00000000   -0.00055410181
  8819.00000000   -0.00177952189
  8824.00000000   -0.00230441653
  8829.00000000   -0.00199982065
  8834.00000000   -0.00147184707
  8839.00000000   -0.00107330082
  8844.00000000   -0.00058299983
  8849.00000000   -0.00013788286
  8854.00000000    0.00040754030
  8859.00000000    0.00074795982
  8864.00000000    0.00119665916
  8869.00000000    0.00111089296
  8874.00000000    0.00095336393
  8879.00000000    0.00138472925
  8884.00000000    0.00197730094
  8889.00000000    0.00154705003
  8894.00000000    0.00163323729
  8899.00000000    0.00084243881
  8904.00000000   -0.00017913321
  8909.00000000   -0.00125652078
  8914.00000000   -0.00201242009
  8919.00000000   -0.00202122326
  8924.00000000   -0.00106602392
  8929.00000000    0.00022776656
  8934.00000000    0.00153334417
  8939.00000000    0.00273272203
  8944.00000000    0.00398306191
  8949.00000000    0.00504006970
  8953.00000000    0.00648672722
  8956.00000000    0.00766769304
  8958.00000000    0.00868743350
  8959.00000000    0.00951844530
  8959.20000000    0.01032750859
  8959.40000000    0.01054224619
  8959.60000000    0.01067042927
  8959.80000000    0.01050289402
  8960.00000000    0.01050765889
  8960.20000000    0.01080848879
  8960.40000000    0.01105350315
  8960.60000000    0.01147463112
  8960.80000000    0.01163355319
  8961.00000000    0.01167957303
  8961.20000000    0.01180925839
  8961.40000000    0.01171464157
  8961.60000000    0.01203500112
  8961.80000000    0.01229792730
  8962.00000000    0.01253554581
  8962.20000000    0.01256827624
  8962.40000000    0.01265728444
  8962.60000000    0.01267776549
  8962.80000000    0.01278491663
  8963.00000000    0.01301768161
  8963.20000000    0.01349762969
  8963.40000000    0.01389945913
  8963.60000000    0.01382991885
  8963.80000000    0.01386126255
  8964.00000000    0.01424968702
  8964.20000000    0.01438480370
  8964.40000000    0.01491155363
  8964.60000000    0.01535209571
  8964.80000000    0.01542897009
  8965.00000000    0.01598391669
  8965.20000000    0.01646005128
  8965.40000000    0.01669639863
  8965.60000000    0.01697145862
  8965.80000000    0.01712679833
  8966.00000000    0.01722863370
  8966.20000000    0.01738004437
  8966.40000000    0.01747945298
  8966.60000000    0.01775139284
  8966.80000000    0.01817067186
  8967.00000000    0.01848074656
  8967.20000000    0.01887437123
  8967.40000000    0.01936645312
  8967.60000000    0.01974170373
  8967.80000000    0.02025215968
  8968.00000000    0.02108918852
  8968.20000000    0.02174675250
  8968.40000000    0.02230308581
  8968.60000000    0.02299242882
  8968.80000000    0.02305532043
  8969.00000000    0.02339197397
  8969.20000000    0.02372088497
  8969.40000000    0.02415172000
  8969.60000000    0.02469961742
  8969.80000000    0.02507891264
  8970.00000000    0.02537650685
  8970.20000000    0.02567502554
  8970.40000000    0.02614653773
  8970.60000000    0.02672979655
  8970.80000000    0.02706494780
  8971.00000000    0.02741985983
  8971.20000000    0.02789125646
  8971.40000000    0.02835225268
  8971.60000000    0.02893770714
  8971.80000000    0.02991028800
  8972.00000000    0.03059431524
  8972.20000000    0.03132768666
  8972.40000000    0.03216563998
  8972.60000000    0.03287127696
  8972.80000000    0.03370125663
  8973.00000000    0.03477541483
  8973.20000000    0.03577896580
  8973.40000000    0.03683902566
  8973.60000000    0.03792346871
  8973.80000000    0.03886184377
  8974.00000000    0.03983176675
  8974.20000000    0.04099513736
  8974.40000000    0.04235669357
  8974.60000000    0.04369097759
  8974.80000000    0.04495084090
  8975.00000000    0.04660349304
  8975.20000000    0.04853811187
  8975.40000000    0.05085407909
  8975.60000000    0.05319581621
  8975.80000000    0.05575711756
  8976.00000000    0.05848863895
  8976.20000000    0.06170401056
  8976.40000000    0.06488090065
  8976.60000000    0.06874306223
  8976.80000000    0.07297963860
  8977.00000000    0.07792494516
  8977.20000000    0.08370309348
  8977.40000000    0.09033615555
  8977.60000000    0.09845381844
  8977.80000000    0.10768351634
  8978.00000000    0.11844588808
  8978.20000000    0.13128556847
  8978.40000000    0.14632747802
  8978.60000000    0.16440191616
  8978.80000000    0.18645173789
  8979.00000000    0.21315054313
  8979.20000000    0.24542211945
  8979.40000000    0.28345367425
  8979.60000000    0.32750914683
  8979.80000000    0.37864660562
  8980.00000000    0.43606891694
  8980.20000000    0.49851277759
  8980.40000000    0.56239529516
  8980.60000000    0.62433325776
  8980.80000000    0.68047631772
  8981.00000000    0.72583586014
  8981.20000000    0.75760643191
  8981.40000000    0.77259071552
  8981.60000000    0.76978611124
  8981.80000000    0.75238138478
  8982.00000000    0.72276366128
  8982.20000000    0.68567818570
  8982.40000000    0.64498004334
  8982.60000000    0.60575503479
  8982.80000000    0.57088673150
  8983.00000000    0.54258545164
  8983.20000000    0.52102384187
  8983.40000000    0.50625332629
  8983.60000000    0.49749445169
  8983.80000000    0.49430439158
  8984.00000000    0.49722882065
  8984.20000000    0.50465648402
  8984.40000000    0.51519707775
  8984.60000000    0.52673307809
  8984.80000000    0.53916625876
  8985.00000000    0.55044196074
  8985.20000000    0.56189998783
  8985.40000000    0.57236578687
  8985.60000000    0.58207625586
  8985.80000000    0.59188746407
  8986.00000000    0.60116024826
  8986.20000000    0.61020673616
  8986.40000000    0.61963766282
  8986.60000000    0.62937410051
  8986.80000000    0.64092237519
  8987.00000000    0.65439377110
  8987.20000000    0.67052798837
  8987.40000000    0.68901740579
  8987.60000000    0.70839880100
  8987.80000000    0.72830839060
  8988.00000000    0.75066262337
  8988.20000000    0.77351535125
  8988.40000000    0.79656461544
  8988.60000000    0.82005713667
  8988.80000000    0.84353679897
  8989.00000000    0.86712251354
  8989.20000000    0.89160632925
  8989.40000000    0.91531308647
  8989.60000000    0.93894631503
  8989.80000000    0.96097276316
  8990.00000000    0.98156993097
  8990.20000000    1.00220080944
  8990.40000000    1.02242257201
  8990.60000000    1.04035228196
  8990.80000000    1.05638191905
  8991.00000000    1.06968245481
  8991.20000000    1.08041867783
  8991.40000000    1.08814591261
  8991.60000000    1.09382561914
  8991.80000000    1.09647461179
  8992.00000000    1.09633926458
  8992.20000000    1.09393335761
  8992.40000000    1.09121193674
  8992.60000000    1.08820366076
  8992.80000000    1.08635002640
  8993.00000000    1.08455113229
  8993.20000000    1.08141470997
  8993.40000000    1.07823249025
  8993.60000000    1.07524761150
  8993.80000000    1.07399424962
  8994.00000000    1.07578586075
  8994.20000000    1.08076134799
  8994.40000000    1.08961522749
  8994.60000000    1.09789358103
  8994.80000000    1.10669630966
  8995.00000000    1.12074311949
  8995.20000000    1.13541599697
  8995.40000000    1.15134174001
  8995.60000000    1.16825201786
  8995.80000000    1.18498036653
  8996.00000000    1.20014861591
  8996.20000000    1.21279669234
  8996.40000000    1.22374114349
  8996.60000000    1.23206234178
  8996.80000000    1.23795627696
  8997.00000000    1.24139082321
  8997.20000000    1.24252036865
  8997.40000000    1.24160792795
  8997.60000000    1.23813764058
  8997.80000000    1.23046046349
  8998.00000000    1.22054669655
  8998.20000000    1.20857268430
  8998.40000000    1.19554888424
  8998.60000000    1.18201265080
  8998.80000000    1.16776475811
  8999.00000000    1.15276545336
  8999.20000000    1.13676119748
  8999.40000000    1.12062631816
  8999.60000000    1.10595808717
  8999.80000000    1.09152347788
  9000.00000000    1.07750276394
  9000.20000000    1.06967325765
  9000.40000000    1.06333512891
  9000.60000000    1.05862612519
  9000.80000000    1.05309637189
  9001.00000000    1.04767705223
  9001.20000000    1.04271530864
  9001.40000000    1.03896112614
  9001.60000000    1.03627745024
  9001.80000000    1.03517852332
  9002.00000000    1.03470542735
  9002.20000000    1.03434091510
  9002.40000000    1.03196792503
  9002.60000000    1.02928103058
  9002.80000000    1.02777349938
  9003.00000000    1.02634126995
  9003.20000000    1.02485144794
  9003.40000000    1.02216738391
  9003.60000000    1.01965453605
  9003.80000000    1.01813338102
  9004.00000000    1.01734344613
  9004.20000000    1.01567520994
  9004.40000000    1.01422741786
  9004.60000000    1.01360907153
  9004.80000000    1.01205302552
  9005.00000000    1.01050941492
  9005.20000000    1.00852108374
  9005.40000000    1.00597732527
  9005.60000000    1.00444906353
  9005.80000000    1.00285835360
  9006.00000000    1.00131959985
  9006.20000000    0.99922033350
  9006.40000000    0.99719729059
  9006.60000000    0.99385958943
  9006.80000000    0.99152305459
  9007.00000000    0.98809327436
  9007.20000000    0.98566650910
  9007.40000000    0.98374608124
  9007.60000000    0.98167560917
  9007.80000000    0.97952951345
  9008.00000000    0.97771549002
  9008.20000000    0.97552815975
  9008.40000000    0.97424607960
  9008.60000000    0.97398527179
  9008.80000000    0.97237328696
  9009.00000000    0.97263494555
  9009.22786000    0.97235473481
  9009.48358100    0.97101526102
  9009.76716200    0.96981267067
  9010.07860400    0.96946978205
  9010.41790500    0.97034033119
  9010.78506700    0.97277574455
  9011.18009000    0.97747229442
  9011.60297300    0.98410147815
  9012.05371600    0.99340072750
  9012.53231900    1.00875773978
  9013.03878300    1.03036498273
  9013.57310700    1.05026633189
  9014.13529200    1.06480982020
  9014.72533700    1.08475314756
  9015.34324200    1.10090002446
  9015.98900800    1.10649063796
  9016.66263400    1.10456168169
  9017.36412000    1.09473297458
  9018.09346700    1.07979068928
  9018.85067400    1.06066950708
  9019.63574100    1.02975936936
  9020.44866900    1.00409780989
  9021.28945700    0.98206889168
  9022.15810600    0.96171855255
  9023.05461400    0.94340718230
  9023.97898300    0.93021753508
  9024.93121300    0.92143692001
  9025.91130300    0.91821779573
  9026.91925300    0.91903810229
  9027.95506400    0.92234735653
  9029.01873400    0.92602768788
  9030.11026600    0.92746754869
  9031.23272300    0.92971663754
  9032.36737300    0.93716877497
  9033.51421400    0.94687848046
  9034.67324800    0.95698398806
  9035.84447300    0.97044748161
  9037.02789000    0.98382702818
  9038.22349900    0.99367561222
  9039.43130000    0.99945394167
  9040.65129300    1.00762266291
  9041.88347800    1.01292323951
  9043.12785500    1.01742272171
  9044.38442300    1.02062919828
  9045.65318400    1.02450293733
  9046.93413600    1.02935655844
  9048.22728000    1.03396595632
  9049.53261700    1.03887024156
  9050.85014500    1.04236758839
  9052.17986500    1.04382925569
  9053.52177700    1.04374882377
  9054.87588100    1.04235200381
  9056.24217700    1.03854272969
  9057.62066400    1.03376402353
  9059.01134400    1.02877617149
  9060.41421500    1.02520547437
  9061.82927900    1.02333772688
  9063.25653400    1.02138581324
  9064.69598100    1.01806252397
  9066.14762000    1.01533551681
  9067.61145200    1.01456367580
  9069.08747500    1.01507549844
  9070.57568900    1.01533000289
  9072.07609600    1.01576644053
  9073.58869500    1.01665350052
  9075.11348500    1.01890654510
  9076.65046800    1.01990039872
  9078.19964200    1.01977593900
  9079.76100900    1.01765756778
  9081.33456700    1.01534768316
  9082.92031700    1.01358714089
  9084.51825900    1.01285794242
  9086.12839300    1.01320989281
  9087.75071900    1.01418225085
  9089.38523700    1.01361646441
  9091.03194600    1.01256285493
  9092.69084800    1.01206595851
  9094.36194200    1.01022931001
  9096.04522700    1.00775793182
  9097.74070400    1.00518812297
  9099.44837400    1.00166229451
  9101.16823500    0.99608134035
  9102.90028800    0.99040502322
  9104.64453300    0.98603148343
  9106.40097000    0.98253000481
  9108.16959800    0.97991408399
  9109.95041900    0.97853741900
  9111.74343200    0.97859285138
  9113.54863600    0.97939635020
  9115.36603200    0.98065447193
  9117.19562100    0.98119227814
  9119.03740100    0.98197639342
  9120.89137300    0.98375132811
  9122.75753700    0.98633572423
  9124.63589300    0.98953966986
  9126.52644100    0.99392924486
  9128.42918100    0.99892925483
  9130.34411200    1.00284542028
  9132.27123600    1.00682646399
  9134.21055200    1.01079940963
  9136.16205900    1.01320263280
  9138.12575800    1.01392385788
  9140.10164900    1.01402420562
  9142.08973300    1.01288408594
  9144.09000800    1.01141901165
  9146.10247500    1.00986961649
  9148.12713300    1.00902844982
  9150.16398400    1.00848622774
  9152.21302700    1.00793166350
  9154.27426100    1.00652350863
  9156.34768800    1.00373413672
  9158.43330600    1.00229841832
  9160.53111700    1.00088095569
  9162.64111900    1.00042959152
  9164.76331300    0.99983727032
  9166.89769900    0.99887750321
  9169.04427700    0.99768943037
  9171.20304700    0.99638630321
  9173.37400800    0.99594876592
  9175.55716200    0.99474787582
  9177.75250800    0.99451263785
  9179.96004500    0.99482101754
  9182.17977500    0.99537739505
  9184.41169600    0.99659684835
  9186.65580900    0.99755764783
  9188.91211400    0.99758767186
  9191.18061100    0.99689906154
  9193.46130000    0.99771192706
  9195.75418100    0.99868411904
  9198.05925400    0.99964457089
  9200.37651800    1.00071943479
  9202.70597500    1.00059150875
  9205.04762300    1.00012767989
  9207.40146400    0.99964129250
  9209.76749600    0.99950254936
  9212.14572000    0.99839261821
  9214.53613600    0.99649171073
  9216.93874400    0.99373967001
  9219.35354400    0.99046554207
  9221.78053600    0.98751815878
  9224.21972000    0.98386988335
  9226.67109600    0.98113200614
  9229.13466300    0.97970821242
  9231.61042300    0.98106463883
  9234.09837400    0.98298359938
  9236.59851700    0.98478018913
  9239.11085200    0.98715714713
  9241.63538000    0.98925899466
  9244.17209900    0.99049350007
  9246.72100900    0.99120330639
  9249.28211200    0.99144792781
  9251.85540700    0.99162408396
  9254.44089400    0.99091672609
  9257.03857200    0.99120751438
  9259.64844300    0.99169271489
  9262.27050500    0.99093971821
  9264.90475900    0.99154756820
  9267.55120500    0.99436480218
  9270.20984400    0.99815432351
  9272.88067400    1.00114769137
  9275.56369600    1.00282450620
  9278.25890900    1.00255967062
  9280.96631500    1.00100224523
  9283.68591300    0.99960813268
  9286.41770200    0.99917084166
  9289.16168400    0.99938882541
  9291.91785700    0.99973196211
  9294.68622200    1.00011156186
  9297.46678000    1.00026443576
  9300.25952900    0.99970205415
  9303.06447000    1.00045462807
  9305.88160200    1.00190581068
  9308.71092700    1.00141047422
  9311.55244400    1.00096646684
  9314.40615300    1.00194922546
  9317.27205300    1.00265335298
  9320.15014600    1.00334397596
  9323.04043000    1.00444546611
  9325.94290600    1.00545539568
  9328.85757400    1.00522003898
  9331.78443500    1.00441729397
  9334.72348700    1.00473274491
  9337.67473000    1.00551234021
  9340.63816600    1.00491822512
  9343.61379400    1.00455808736
  9346.60161400    1.00465011603
  9349.60162500    1.00371630802
  9352.61382900    1.00266982346
  9355.63822400    0.99855510480
  9358.67481100    0.99562869476
  9361.72359000    0.99603146096
  9364.78456100    0.99697539899
  9367.85772400    0.99643543055
  9370.94307900    0.99516662082
  9374.04062600    0.99527493108
  9377.15036500    0.99564704729
  9380.27229500    0.99735951958
  9383.40641800    0.99774428216
  9386.55273200    0.99639779001
  9389.71123900    0.99589794172
  9392.88193700    0.99656875643
  9396.06482700    0.99735630875
  9399.25990900    0.99830703734
  9402.46718300    0.99830299619
  9405.68664900    0.99842950782
  9408.91830700    0.99866136140
  9412.16215700    0.99904037035
  9415.41819800    0.99878440566
  9418.68643200    0.99922007432
  9421.96685700    1.00127923604
  9425.25947400    1.00279118771
  9428.56428400    1.00306670704
  9431.88128500    1.00212033761
  9435.21047800    0.99973180052
  9438.55186300    0.99801420873
  9441.90544000    0.99737547066
  9445.27120900    0.99825978127
  9448.64916900    0.99833234825
  9452.03932200    0.99881762717
  9455.44166600    1.00091373320
  9458.85620300    1.00326975149
  9462.28293100    1.00370828888
  9465.72185100    1.00457219856
  9469.17296400    1.00657216436
  9472.63626800    1.00735468458
  9476.11176400    1.00751812246
  9479.59945100    1.00588168300
  9483.09933100    1.00423977954
  9486.61140300    1.00174073713
  9490.13566600    1.00106971643
  9493.67212200    1.00254636053
  9497.22076900    1.00241451665
  9500.78160900    1.00236275926
  9504.35464000    1.00259403174
  9507.93986300    1.00138604465
  9511.53727800    1.00148453027
  9515.14688500    1.00065042365
  9518.76868400    1.00103201932
  9522.40267500    1.00110257332
  9526.04885700    0.99955884110
  9529.70723200    0.99943547364
  9533.37779900    1.00234759123
  9537.06055700    1.00360535938
  9540.75550700    1.00241632612
  9544.46265000    1.00284549906
  9548.18198400    1.00390630156
  9551.91351000    1.00381641108
  9555.65722800    1.00557677734
  9559.41313800    1.00612722839
  9563.18123900    1.00586192368
  9566.96153300    1.00815416437
  9570.75401900    1.00858596963
  9574.55869600    1.00765714239
  9578.37556500    1.00726322495
  9582.20462700    1.00718016390
  9586.04588000    1.00605582119
  9589.89932500    1.00304190421
  9593.76496200    1.00112464655
  9597.64279100    1.00223360904
  9601.53281200    1.00204979513
  9605.43502500    0.99996277292
  9609.34942900    0.99980471526
  9613.27602600    1.00145887948
  9617.21481400    1.00093288497
  9621.16579500    1.00030727014
  9625.12896700    0.99977364544
  9629.10433100    0.99983055512
  9633.09188800    0.99880564250
  9637.09163600    0.99964666138
  9641.10357500    1.00178788444
  9645.12770700    1.00272680579
  9649.16403100    1.00150435827
  9653.21254700    0.99966590501
  9657.27325400    1.00043337041
  9661.34615400    1.00170182817
  9665.43124500    1.00167006500
  9669.52852900    1.00237971111
  9673.63800400    1.00293118235
  9677.75967100    1.00366602001
  9681.89353000    1.00341471840
  9686.03958100    1.00214050789
  9690.19782400    1.00265033833
  9694.36825800    1.00210883948
  9698.55088500    1.00068151779
  9702.74570400    1.00053170547
  9706.95271400    1.00125962899
  9711.17191600    0.99989593438
  9715.40331100    0.99940760925
  9719.64689700    0.99917144356
  9723.90267500    0.99685949818
  9728.17064500    0.99562302266
  9732.45080700    0.99624753975
  9736.74316100    0.99602775249
  9741.04770700    0.99587218062
  9745.36444400    0.99456098060
  9749.69337400    0.99152700858
  9754.03449500    0.98925624817
  9758.38780900    0.98818419949
  9762.75331400    0.99161112800
  9767.13101100    0.99545140770
  9771.52090000    0.99742125151
  9775.92298100    0.99746420216
  9780.33725400    0.99810798239
  9784.76371900    0.99726902907
  9789.20237600    0.99714992939
  9793.65322400    0.99660251718
  9798.11626500    0.99601629029
  9802.59149700    0.99611498059
  9807.07892200    0.99633430710
  9811.57853800    0.99400174525
  9816.09034600    0.99278395923
  9820.61434600    0.99325409970
  9825.15053800    0.99318509391
  9829.69892200    0.99505088464
  9834.25949800    0.99483235328
  9838.83226600    0.99658089965
  9843.41722600    0.99770139933
  9848.01437700    0.99833314531
  9852.62372100    0.99815460391
  9857.24525600    0.99972311541
  9861.87898300    1.00313184445
  9866.52490200    1.00438686139
  9871.18301300    1.00321091588
  9875.85331600    1.00450712184
  9880.53581100    1.00515228555
  9885.23049800    1.00396789538
  9889.93737700    1.00318842934
  9894.65644800    1.00015281423
  9899.38771000    0.99886691105
  9904.13116500    0.99850227250
  9908.88681100    1.00082828909
  9913.65464900    1.00393310308
  9918.43467900    1.00655480915
  9923.22690100    1.00874130171
  9928.03131500    1.01065885056
  9932.84792100    1.01089914590
  9937.67671900    1.01176756103
