#---------------------------------
#  energy flat
  8794.00000000    0.00450753331
  8799.00000000    0.00414188605
  8804.00000000    0.00311359747
  8809.00000000    0.00162391615
  8814.00000000   -0.00029203185
  8819.00000000   -0.00174222937
  8824.00000000   -0.00256200646
  8829.00000000   -0.00240419613
  8834.00000000   -0.00200222003
  8839.00000000   -0.00129744669
  8844.00000000   -0.00084951620
  8849.00000000    0.00022606161
  8854.00000000    0.00084724548
  8859.00000000    0.00102235474
  8864.00000000    0.00104850836
  8869.00000000    0.00058052012
  8874.00000000    0.00088570146
  8879.00000000    0.00165082296
  8884.00000000    0.00277922192
  8889.00000000    0.00248646785
  8894.00000000    0.00228852774
  8899.00000000    0.00124148765
  8904.00000000   -0.00039292362
  8909.00000000   -0.00145633827
  8914.00000000   -0.00244936874
  8919.00000000   -0.00259488385
  8924.00000000   -0.00161002637
  8929.00000000   -0.00043276785
  8934.00000000    0.00113602744
  8939.00000000    0.00246078903
  8944.00000000    0.00335783135
  8949.00000000    0.00411912332
  8953.00000000    0.00549583307
  8956.00000000    0.00630384248
  8958.00000000    0.00791412450
  8959.00000000    0.00915682271
  8959.20000000    0.01004875036
  8959.40000000    0.01075567194
  8959.60000000    0.01062603856
  8959.80000000    0.01112774997
  8960.00000000    0.01145832086
  8960.20000000    0.01131561425
  8960.40000000    0.01136055477
  8960.60000000    0.01166907282
  8960.80000000    0.01174993172
  8961.00000000    0.01225943426
  8961.20000000    0.01236247804
  8961.40000000    0.01258265272
  8961.60000000    0.01287796549
  8961.80000000    0.01282465868
  8962.00000000    0.01283486929
  8962.20000000    0.01289169457
  8962.40000000    0.01330572287
  8962.60000000    0.01280066317
  8962.80000000    0.01321178631
  8963.00000000    0.01366754332
  8963.20000000    0.01408500500
  8963.40000000    0.01423585193
  8963.60000000    0.01468751530
  8963.80000000    0.01479570914
  8964.00000000    0.01544149024
  8964.20000000    0.01496072827
  8964.40000000    0.01561311201
  8964.60000000    0.01592268649
  8964.80000000    0.01581352131
  8965.00000000    0.01614778967
  8965.20000000    0.01600627154
  8965.40000000    0.01612648219
  8965.60000000    0.01635642879
  8965.80000000    0.01655481475
  8966.00000000    0.01694216837
  8966.20000000    0.01716247511
  8966.40000000    0.01757518288
  8966.60000000    0.01747301650
  8966.80000000    0.01825322743
  8967.00000000    0.01869023293
  8967.20000000    0.01906226842
  8967.40000000    0.01923160275
  8967.60000000    0.01962080511
  8967.80000000    0.01937153183
  8968.00000000    0.01942188651
  8968.20000000    0.01989533861
  8968.40000000    0.02005529718
  8968.60000000    0.02066093421
  8968.80000000    0.02104511856
  8969.00000000    0.02148833055
  8969.20000000    0.02150342712
  8969.40000000    0.02151126078
  8969.60000000    0.02173460474
  8969.80000000    0.02199505555
  8970.00000000    0.02277460620
  8970.20000000    0.02293892252
  8970.40000000    0.02344868916
  8970.60000000    0.02331681088
  8970.80000000    0.02355666144
  8971.00000000    0.02371767644
  8971.20000000    0.02480451414
  8971.40000000    0.02542388466
  8971.60000000    0.02593853725
  8971.80000000    0.02655539877
  8972.00000000    0.02714730229
  8972.20000000    0.02796145081
  8972.40000000    0.02890752014
  8972.60000000    0.02982255705
  8972.80000000    0.03076440069
  8973.00000000    0.03200204277
  8973.20000000    0.03270790792
  8973.40000000    0.03378352112
  8973.60000000    0.03444118698
  8973.80000000    0.03577641613
  8974.00000000    0.03709566689
  8974.20000000    0.03788393304
  8974.40000000    0.03918205533
  8974.60000000    0.04000412702
  8974.80000000    0.04114959619
  8975.00000000    0.04260723836
  8975.20000000    0.04493656155
  8975.40000000    0.04702554851
  8975.60000000    0.04920419937
  8975.80000000    0.05104056918
  8976.00000000    0.05417092510
  8976.20000000    0.05705104083
  8976.40000000    0.06022114467
  8976.60000000    0.06377314542
  8976.80000000    0.06752032031
  8977.00000000    0.07228535877
  8977.20000000    0.07696588338
  8977.40000000    0.08237982966
  8977.60000000    0.08893642945
  8977.80000000    0.09604633079
  8978.00000000    0.10491847773
  8978.20000000    0.11538080539
  8978.40000000    0.12756880000
  8978.60000000    0.14430324301
  8978.80000000    0.16403634269
  8979.00000000    0.18839617892
  8979.20000000    0.21854732600
  8979.40000000    0.25478716700
  8979.60000000    0.29809817530
  8979.80000000    0.34951234411
  8980.00000000    0.40754658761
  8980.20000000    0.47091273001
  8980.40000000    0.53556599735
  8980.60000000    0.59730134227
  8980.80000000    0.65160480128
  8981.00000000    0.69245806449
  8981.20000000    0.71697920986
  8981.40000000    0.72326773230
  8981.60000000    0.71186768950
  8981.80000000    0.68634279228
  8982.00000000    0.65084082128
  8982.20000000    0.61111083029
  8982.40000000    0.57160392540
  8982.60000000    0.53599751495
  8982.80000000    0.50579066303
  8983.00000000    0.48274852027
  8983.20000000    0.46728375178
  8983.40000000    0.45861605700
  8983.60000000    0.45549912080
  8983.80000000    0.45818925765
  8984.00000000    0.46513748721
  8984.20000000    0.47582616212
  8984.40000000    0.48831582164
  8984.60000000    0.50124777367
  8984.80000000    0.51399846439
  8985.00000000    0.52622812162
  8985.20000000    0.53725918196
  8985.40000000    0.54811413067
  8985.60000000    0.55866381991
  8985.80000000    0.56848158674
  8986.00000000    0.57826110476
  8986.20000000    0.58817074126
  8986.40000000    0.59834426568
  8986.60000000    0.61041517194
  8986.80000000    0.62368925797
  8987.00000000    0.63836790427
  8987.20000000    0.65518215542
  8987.40000000    0.67352839760
  8987.60000000    0.69386089258
  8987.80000000    0.71548873959
  8988.00000000    0.73870694464
  8988.20000000    0.76255944478
  8988.40000000    0.78764021371
  8988.60000000    0.81236223989
  8988.80000000    0.83699570334
  8989.00000000    0.86135652225
  8989.20000000    0.88534724146
  8989.40000000    0.90964476388
  8989.60000000    0.93354366293
  8989.80000000    0.95810934108
  8990.00000000    0.98172415048
  8990.20000000    1.00391428532
  8990.40000000    1.02455746449
  8990.60000000    1.04256029007
  8990.80000000    1.05922559560
  8991.00000000    1.07341587749
  8991.20000000    1.08433327214
  8991.40000000    1.09332207770
  8991.60000000    1.09876781560
  8991.80000000    1.10181300717
  8992.00000000    1.10306298269
  8992.20000000    1.10231992679
  8992.40000000    1.10042607259
  8992.60000000    1.09818826304
  8992.80000000    1.09631588605
  8993.00000000    1.09409506364
  8993.20000000    1.09224654029
  8993.40000000    1.09090712264
  8993.60000000    1.09106931998
  8993.80000000    1.09302232796
  8994.00000000    1.09677935177
  8994.20000000    1.10399818304
  8994.40000000    1.11304189423
  8994.60000000    1.12281682331
  8994.80000000    1.13326988490
  8995.00000000    1.14852931583
  8995.20000000    1.16473864383
  8995.40000000    1.18138180615
  8995.60000000    1.19828132360
  8995.80000000    1.21408523873
  8996.00000000    1.22857883344
  8996.20000000    1.24081370387
  8996.40000000    1.25163974220
  8996.60000000    1.26025591555
  8996.80000000    1.26613586104
  8997.00000000    1.26990260404
  8997.20000000    1.27085969753
  8997.40000000    1.26936130720
  8997.60000000    1.26454301483
  8997.80000000    1.25752119528
  8998.00000000    1.24790655655
  8998.20000000    1.23537636130
  8998.40000000    1.22132006975
  8998.60000000    1.20647480091
  8998.80000000    1.19081203123
  8999.00000000    1.17534645488
  8999.20000000    1.16041190140
  8999.40000000    1.14633242843
  8999.60000000    1.13378282602
  8999.80000000    1.12145260132
  9000.00000000    1.10771116531
  9000.20000000    1.09662336945
  9000.40000000    1.08838755704
  9000.60000000    1.08078999356
  9000.80000000    1.07429656145
  9001.00000000    1.06901950550
  9001.20000000    1.06463899354
  9001.40000000    1.06179785883
  9001.60000000    1.06003814188
  9001.80000000    1.05885592880
  9002.00000000    1.05786377635
  9002.20000000    1.05640855088
  9002.40000000    1.05417517409
  9002.60000000    1.05180198946
  9002.80000000    1.04821408650
  9003.00000000    1.04481914868
  9003.20000000    1.04177379061
  9003.40000000    1.03908329428
  9003.60000000    1.03693913625
  9003.80000000    1.03446897508
  9004.00000000    1.03196913730
  9004.20000000    1.02887654936
  9004.40000000    1.02609154760
  9004.60000000    1.02387163501
  9004.80000000    1.02133786756
  9005.00000000    1.01889855258
  9005.20000000    1.01647525056
  9005.40000000    1.01495720543
  9005.60000000    1.01355949478
  9005.80000000    1.01174598381
  9006.00000000    1.00993448771
  9006.20000000    1.00759653073
  9006.40000000    1.00510159671
  9006.60000000    1.00260973360
  9006.80000000    1.00097453107
  9007.00000000    0.99865202677
  9007.20000000    0.99670709498
  9007.40000000    0.99408965110
  9007.60000000    0.99189203639
  9007.80000000    0.98965893242
  9008.00000000    0.98758445678
  9008.20000000    0.98633309944
  9008.40000000    0.98469446360
  9008.60000000    0.98299656850
  9008.80000000    0.98077009810
  9009.00000000    0.97852820973
  9009.22786000    0.97622936471
  9009.48358100    0.97476974947
  9009.76716200    0.97351586397
  9010.07860400    0.97334199261
  9010.41790500    0.97443179952
  9010.78506700    0.97668186586
  9011.18009000    0.98100268858
  9011.60297300    0.98728347910
  9012.05371600    0.99621739353
  9012.53231900    1.00976953022
  9013.03878300    1.02938470578
  9013.57310700    1.05159379870
  9014.13529200    1.07006953920
  9014.72533700    1.07973811660
  9015.34324200    1.09133456832
  9015.98900800    1.09557683508
  9016.66263400    1.09342621190
  9017.36412000    1.08441228253
  9018.09346700    1.06619476778
  9018.85067400    1.04032552744
  9019.63574100    1.01707904738
  9020.44866900    0.99242268237
  9021.28945700    0.97028843631
  9022.15810600    0.95080492917
  9023.05461400    0.93465937863
  9023.97898300    0.92236389839
  9024.93121300    0.91551925758
  9025.91130300    0.91250044677
  9026.91925300    0.91282260555
  9027.95506400    0.91495818822
  9029.01873400    0.91876516096
  9030.11026600    0.92375577049
  9031.23272300    0.92862121055
  9032.36737300    0.93578998778
  9033.51421400    0.94409911942
  9034.67324800    0.95487269796
  9035.84447300    0.96757472828
  9037.02789000    0.98083357820
  9038.22349900    0.99368803833
  9039.43130000    1.00416907194
  9040.65129300    1.01165801510
  9041.88347800    1.01494936099
  9043.12785500    1.01898968219
  9044.38442300    1.02256634331
  9045.65318400    1.02622670315
  9046.93413600    1.03017320707
  9048.22728000    1.03438010644
  9049.53261700    1.03916287718
  9050.85014500    1.04309099846
  9052.17986500    1.04506301850
  9053.52177700    1.04537407874
  9054.87588100    1.04436078488
  9056.24217700    1.04175124276
  9057.62066400    1.03792590119
  9059.01134400    1.03374006435
  9060.41421500    1.02918700341
  9061.82927900    1.02454600709
  9063.25653400    1.02029999770
  9064.69598100    1.01658960958
  9066.14762000    1.01348443425
  9067.61145200    1.01116815420
  9069.08747500    1.01031754304
  9070.57568900    1.01053445914
  9072.07609600    1.01161698652
  9073.58869500    1.01280885683
  9075.11348500    1.01312666998
  9076.65046800    1.01262125692
  9078.19964200    1.01153678154
  9079.76100900    1.01053838306
  9081.33456700    1.00868174762
  9082.92031700    1.00691672068
  9084.51825900    1.00610440923
  9086.12839300    1.00624916015
  9087.75071900    1.00654689162
  9089.38523700    1.00672331676
  9091.03194600    1.00693305740
  9092.69084800    1.00645152000
  9094.36194200    1.00513303574
  9096.04522700    1.00319059011
  9097.74070400    1.00040825555
  9099.44837400    0.99730986337
  9101.16823500    0.99395996967
  9102.90028800    0.99046405952
  9104.64453300    0.98679028349
  9106.40097000    0.98348729522
  9108.16959800    0.98113887481
  9109.95041900    0.97952432879
  9111.74343200    0.97868813022
  9113.54863600    0.97848063277
  9115.36603200    0.97934615836
  9117.19562100    0.98051414080
  9119.03740100    0.98188431842
  9120.89137300    0.98369500546
  9122.75753700    0.98545532040
  9124.63589300    0.98738456017
  9126.52644100    0.98997853859
  9128.42918100    0.99315097850
  9130.34411200    0.99681692324
  9132.27123600    0.99979193617
  9134.21055200    1.00249497041
  9136.16205900    1.00465909438
  9138.12575800    1.00624502978
  9140.10164900    1.00721930841
  9142.08973300    1.00817148347
  9144.09000800    1.00897485693
  9146.10247500    1.00902944530
  9148.12713300    1.00923723604
  9150.16398400    1.00904815526
  9152.21302700    1.00773835087
  9154.27426100    1.00581338060
  9156.34768800    1.00382897434
  9158.43330600    1.00309964286
  9160.53111700    1.00189527593
  9162.64111900    1.00077266000
  9164.76331300    1.00082787736
  9166.89769900    1.00083393547
  9169.04427700    1.00015015402
  9171.20304700    0.99970939209
  9173.37400800    0.99867922519
  9175.55716200    0.99788976639
  9177.75250800    0.99810140763
  9179.96004500    0.99811381706
  9182.17977500    0.99783140900
  9184.41169600    0.99757483290
  9186.65580900    0.99785594259
  9188.91211400    0.99817242479
  9191.18061100    0.99859480877
  9193.46130000    0.99875890286
  9195.75418100    0.99868848383
  9198.05925400    0.99895613733
  9200.37651800    0.99894887710
  9202.70597500    0.99854441707
  9205.04762300    0.99800712611
  9207.40146400    0.99792198739
  9209.76749600    0.99795093852
  9212.14572000    0.99748678498
  9214.53613600    0.99652132280
  9216.93874400    0.99451364363
  9219.35354400    0.99263107198
  9221.78053600    0.99134474647
  9224.21972000    0.99040320925
  9226.67109600    0.98974436313
  9229.13466300    0.98948173977
  9231.61042300    0.98994542914
  9234.09837400    0.99055541654
  9236.59851700    0.99124562859
  9239.11085200    0.99228276367
  9241.63538000    0.99289425900
  9244.17209900    0.99368328061
  9246.72100900    0.99435529228
  9249.28211200    0.99436141725
  9251.85540700    0.99507784741
  9254.44089400    0.99601776760
  9257.03857200    0.99677808265
  9259.64844300    0.99823264012
  9262.27050500    0.99973483432
  9264.90475900    1.00069166447
  9267.55120500    1.00172263770
  9270.20984400    1.00292987283
  9272.88067400    1.00285330497
  9275.56369600    1.00279672731
  9278.25890900    1.00311605760
  9280.96631500    1.00366381949
  9283.68591300    1.00340329431
  9286.41770200    1.00246695608
  9289.16168400    1.00135173635
  9291.91785700    1.00044443787
  9294.68622200    0.99979512013
  9297.46678000    0.99982464371
  9300.25952900    1.00038023311
  9303.06447000    1.00036254945
  9305.88160200    1.00028224241
  9308.71092700    1.00081818867
  9311.55244400    1.00155745336
  9314.40615300    1.00210531989
  9317.27205300    1.00201319242
  9320.15014600    1.00135301917
  9323.04043000    1.00054114555
  9325.94290600    0.99984521717
  9328.85757400    0.99871098089
  9331.78443500    0.99823087789
  9334.72348700    0.99826054394
  9337.67473000    0.99879505590
  9340.63816600    0.99942909990
  9343.61379400    1.00018468680
  9346.60161400    1.00080334232
  9349.60162500    1.00113117652
  9352.61382900    1.00144293493
  9355.63822400    1.00152556325
  9358.67481100    1.00164323813
  9361.72359000    1.00122714528
  9364.78456100    1.00115365397
  9367.85772400    1.00065084642
  9370.94307900    1.00033362113
  9374.04062600    1.00054009078
  9377.15036500    0.99984519509
  9380.27229500    0.99955525415
  9383.40641800    0.99943605135
  9386.55273200    0.99915935222
  9389.71123900    0.99969340789
  9392.88193700    0.99942246274
  9396.06482700    0.99935015420
  9399.25990900    1.00134004694
  9402.46718300    1.00331735807
  9405.68664900    1.00429224845
  9408.91830700    1.00514051936
  9412.16215700    1.00651453605
  9415.41819800    1.00744637422
  9418.68643200    1.00763866653
  9421.96685700    1.00759534684
  9425.25947400    1.00750499928
  9428.56428400    1.00699260412
  9431.88128500    1.00669519750
  9435.21047800    1.00645220909
  9438.55186300    1.00656895056
  9441.90544000    1.00632309608
  9445.27120900    1.00592170589
  9448.64916900    1.00567801048
  9452.03932200    1.00560864264
  9455.44166600    1.00504779078
  9458.85620300    1.00505292483
  9462.28293100    1.00595258787
  9465.72185100    1.00629814873
  9469.17296400    1.00577847811
  9472.63626800    1.00486235457
  9476.11176400    1.00408035091
  9479.59945100    1.00273600666
  9483.09933100    1.00105405587
  9486.61140300    0.99979061725
  9490.13566600    0.99905633391
  9493.67212200    0.99763550380
  9497.22076900    0.99647968249
  9500.78160900    0.99512005719
  9504.35464000    0.99405497636
  9507.93986300    0.99362035762
  9511.53727800    0.99288678911
  9515.14688500    0.99230428275
  9518.76868400    0.99285581547
  9522.40267500    0.99375142200
  9526.04885700    0.99420510016
  9529.70723200    0.99439905416
  9533.37779900    0.99509546958
  9537.06055700    0.99576584732
  9540.75550700    0.99547364163
  9544.46265000    0.99530879048
  9548.18198400    0.99582774379
  9551.91351000    0.99661213257
  9555.65722800    0.99758507887
  9559.41313800    0.99815205822
  9563.18123900    0.99906522403
  9566.96153300    0.99967907778
  9570.75401900    1.00021360189
  9574.55869600    0.99982549022
  9578.37556500    0.99996862634
  9582.20462700    1.00024049594
  9586.04588000    1.00043376580
  9589.89932500    1.00054525289
  9593.76496200    1.00066659175
  9597.64279100    1.00164317681
  9601.53281200    1.00212040371
  9605.43502500    1.00197889302
  9609.34942900    1.00204159880
  9613.27602600    1.00158196392
  9617.21481400    1.00090609464
  9621.16579500    0.99996170138
  9625.12896700    0.99908949418
  9629.10433100    0.99818225747
  9633.09188800    0.99722151857
  9637.09163600    0.99650970218
  9641.10357500    0.99643004948
  9645.12770700    0.99634793818
  9649.16403100    0.99654520242
  9653.21254700    0.99709688388
  9657.27325400    0.99833077960
  9661.34615400    0.99988352086
  9665.43124500    1.00143585664
  9669.52852900    1.00262759698
  9673.63800400    1.00331803624
  9677.75967100    1.00362608439
  9681.89353000    1.00324940997
  9686.03958100    1.00200400648
  9690.19782400    1.00114524953
  9694.36825800    1.00071152329
  9698.55088500    1.00049400947
  9702.74570400    1.00028971209
  9706.95271400    1.00062932754
  9711.17191600    1.00122720433
  9715.40331100    1.00129378409
  9719.64689700    1.00144535633
  9723.90267500    1.00139866799
  9728.17064500    1.00079731824
  9732.45080700    0.99970220117
  9736.74316100    0.99872171010
  9741.04770700    0.99809238573
  9745.36444400    0.99679838973
  9749.69337400    0.99598585630
  9754.03449500    0.99573659019
  9758.38780900    0.99612975647
  9762.75331400    0.99667142800
  9767.13101100    0.99744237548
  9771.52090000    0.99874839957
  9775.92298100    0.99978870801
  9780.33725400    1.00029601248
  9784.76371900    0.99998507616
  9789.20237600    1.00057734854
  9793.65322400    1.00050776034
  9798.11626500    1.00050606256
  9802.59149700    1.00101520699
  9807.07892200    1.00145711652
  9811.57853800    1.00257848872
  9816.09034600    1.00377274973
  9820.61434600    1.00507775847
  9825.15053800    1.00552884147
  9829.69892200    1.00545889009
  9834.25949800    1.00497235783
  9838.83226600    1.00371205520
  9843.41722600    1.00085835770
  9848.01437700    0.99943730116
  9852.62372100    0.99845708926
  9857.24525600    0.99838460500
  9861.87898300    0.99783192588
  9866.52490200    0.99755462940
  9871.18301300    0.99750305058
  9875.85331600    0.99770914944
  9880.53581100    0.99755414602
  9885.23049800    0.99747596437
  9889.93737700    0.99797540299
  9894.65644800    0.99884283347
  9899.38771000    0.99904569389
  9904.13116500    0.99947650108
  9908.88681100    1.00012719824
  9913.65464900    1.00016467482
  9918.43467900    1.00040254100
  9923.22690100    1.00180391038
  9928.03131500    1.00284192754
  9932.84792100    1.00375107861
  9937.67671900    1.00431504190
