#---------------------------------
#  energy flat
  8794.00000000    0.00378567923
  8799.00000000    0.00283351105
  8804.00000000    0.00188728958
  8809.00000000    0.00054911711
  8814.00000000   -0.00052973693
  8819.00000000   -0.00160158236
  8824.00000000   -0.00214162326
  8829.00000000   -0.00206087155
  8834.00000000   -0.00170869563
  8839.00000000   -0.00125255873
  8844.00000000   -0.00075999831
  8849.00000000   -0.00021890860
  8854.00000000    0.00048964432
  8859.00000000    0.00099685910
  8864.00000000    0.00119909331
  8869.00000000    0.00130681754
  8874.00000000    0.00124463616
  8879.00000000    0.00158438773
  8884.00000000    0.00232246174
  8889.00000000    0.00181162338
  8894.00000000    0.00174030957
  8899.00000000    0.00065965029
  8904.00000000   -0.00063710769
  8909.00000000   -0.00157504627
  8914.00000000   -0.00221108383
  8919.00000000   -0.00193940070
  8924.00000000   -0.00099181183
  8929.00000000    0.00033084366
  8934.00000000    0.00167856022
  8939.00000000    0.00291785577
  8944.00000000    0.00411764827
  8949.00000000    0.00458907668
  8953.00000000    0.00596354407
  8956.00000000    0.00719230809
  8958.00000000    0.00835692344
  8959.00000000    0.00914285236
  8959.20000000    0.00990252342
  8959.40000000    0.01014844240
  8959.60000000    0.01007812458
  8959.80000000    0.01023526789
  8960.00000000    0.01030342314
  8960.20000000    0.01070629242
  8960.40000000    0.01072910411
  8960.60000000    0.01089622938
  8960.80000000    0.01112027302
  8961.00000000    0.01125872671
  8961.20000000    0.01137764125
  8961.40000000    0.01141521349
  8961.60000000    0.01155993245
  8961.80000000    0.01170358950
  8962.00000000    0.01178554958
  8962.20000000    0.01207245829
  8962.40000000    0.01226910466
  8962.60000000    0.01238653253
  8962.80000000    0.01262533672
  8963.00000000    0.01290746684
  8963.20000000    0.01296096772
  8963.40000000    0.01306002455
  8963.60000000    0.01319964635
  8963.80000000    0.01331070276
  8964.00000000    0.01349290714
  8964.20000000    0.01388048493
  8964.40000000    0.01419670236
  8964.60000000    0.01429958206
  8964.80000000    0.01458362362
  8965.00000000    0.01487828427
  8965.20000000    0.01505868341
  8965.40000000    0.01534049496
  8965.60000000    0.01578371683
  8965.80000000    0.01595466496
  8966.00000000    0.01606009325
  8966.20000000    0.01627946449
  8966.40000000    0.01612929104
  8966.60000000    0.01641078401
  8966.80000000    0.01675121299
  8967.00000000    0.01717319665
  8967.20000000    0.01731685371
  8967.40000000    0.01765707030
  8967.60000000    0.01794249234
  8967.80000000    0.01817991605
  8968.00000000    0.01861814694
  8968.20000000    0.01885684494
  8968.40000000    0.01935719757
  8968.60000000    0.01980286183
  8968.80000000    0.02024172987
  8969.00000000    0.02054775296
  8969.20000000    0.02115642041
  8969.40000000    0.02168873653
  8969.60000000    0.02212112692
  8969.80000000    0.02269145942
  8970.00000000    0.02316993670
  8970.20000000    0.02365329877
  8970.40000000    0.02417457103
  8970.60000000    0.02473385966
  8970.80000000    0.02519131112
  8971.00000000    0.02559747233
  8971.20000000    0.02612288604
  8971.40000000    0.02665286596
  8971.60000000    0.02737398968
  8971.80000000    0.02804254886
  8972.00000000    0.02873362053
  8972.20000000    0.02951973315
  8972.40000000    0.03034736644
  8972.60000000    0.03128618172
  8972.80000000    0.03175212847
  8973.00000000    0.03255066543
  8973.20000000    0.03337298918
  8973.40000000    0.03423853267
  8973.60000000    0.03512648246
  8973.80000000    0.03618731120
  8974.00000000    0.03748303444
  8974.20000000    0.03866492092
  8974.40000000    0.04016771662
  8974.60000000    0.04159214335
  8974.80000000    0.04289848569
  8975.00000000    0.04443823586
  8975.20000000    0.04594103155
  8975.40000000    0.04794165067
  8975.60000000    0.05016463374
  8975.80000000    0.05223310891
  8976.00000000    0.05484931727
  8976.20000000    0.05753603645
  8976.40000000    0.06059909655
  8976.60000000    0.06408819495
  8976.80000000    0.06809072685
  8977.00000000    0.07234663048
  8977.20000000    0.07742753202
  8977.40000000    0.08316310108
  8977.60000000    0.08950470220
  8977.80000000    0.09711188769
  8978.00000000    0.10618132328
  8978.20000000    0.11652982951
  8978.40000000    0.12920137011
  8978.60000000    0.14448276699
  8978.80000000    0.16347044224
  8979.00000000    0.18734608935
  8979.20000000    0.21618159963
  8979.40000000    0.25128259145
  8979.60000000    0.29309750942
  8979.80000000    0.34215422902
  8980.00000000    0.39802862338
  8980.20000000    0.45892840075
  8980.40000000    0.52243234878
  8980.60000000    0.58496622450
  8980.80000000    0.64090615231
  8981.00000000    0.68675589944
  8981.20000000    0.71915664433
  8981.40000000    0.73459909277
  8981.60000000    0.73274184050
  8981.80000000    0.71556662387
  8982.00000000    0.68541314910
  8982.20000000    0.64754095019
  8982.40000000    0.60572352427
  8982.60000000    0.56581900405
  8982.80000000    0.53028847206
  8983.00000000    0.50194662687
  8983.20000000    0.48077881393
  8983.40000000    0.46655013860
  8983.60000000    0.45927780369
  8983.80000000    0.45771279047
  8984.00000000    0.46176568592
  8984.20000000    0.46959365127
  8984.40000000    0.48005300922
  8984.60000000    0.49291130754
  8984.80000000    0.50671160551
  8985.00000000    0.52051071448
  8985.20000000    0.53272883076
  8985.40000000    0.54475302108
  8985.60000000    0.55566993643
  8985.80000000    0.56628652212
  8986.00000000    0.57681250523
  8986.20000000    0.58728558339
  8986.40000000    0.59826145397
  8986.60000000    0.60876220388
  8986.80000000    0.62104311744
  8987.00000000    0.63391166959
  8987.20000000    0.64933472993
  8987.40000000    0.66712529589
  8987.60000000    0.68699569594
  8987.80000000    0.70817562037
  8988.00000000    0.73101231362
  8988.20000000    0.75489528344
  8988.40000000    0.77889164173
  8988.60000000    0.80396008071
  8988.80000000    0.82873328487
  8989.00000000    0.85424746586
  8989.20000000    0.87977096751
  8989.40000000    0.90492766115
  8989.60000000    0.92875609328
  8989.80000000    0.95108423430
  8990.00000000    0.97365828895
  8990.20000000    0.99618559462
  8990.40000000    1.01668398995
  8990.60000000    1.03669197001
  8990.80000000    1.05690763430
  8991.00000000    1.07370371039
  8991.20000000    1.08739473587
  8991.40000000    1.09695214456
  8991.60000000    1.10088671366
  8991.80000000    1.10569287236
  8992.00000000    1.10846523471
  8992.20000000    1.10892345626
  8992.40000000    1.10789561431
  8992.60000000    1.10600823564
  8992.80000000    1.10381053995
  8993.00000000    1.10164998406
  8993.20000000    1.09948090567
  8993.40000000    1.09808784376
  8993.60000000    1.09650212386
  8993.80000000    1.09857338201
  8994.00000000    1.10241163065
  8994.20000000    1.10853614361
  8994.40000000    1.11509431248
  8994.60000000    1.12412627866
  8994.80000000    1.13440681023
  8995.00000000    1.14638700640
  8995.20000000    1.16041708494
  8995.40000000    1.17615808402
  8995.60000000    1.19245931778
  8995.80000000    1.20956141488
  8996.00000000    1.22493469313
  8996.20000000    1.23868003378
  8996.40000000    1.25012609720
  8996.60000000    1.25878652842
  8996.80000000    1.26584896747
  8997.00000000    1.27113586284
  8997.20000000    1.27368724771
  8997.40000000    1.27249855505
  8997.60000000    1.26891883521
  8997.80000000    1.26300649308
  8998.00000000    1.25532667701
  8998.20000000    1.24460275865
  8998.40000000    1.23044119396
  8998.60000000    1.21423138591
  8998.80000000    1.19715396585
  8999.00000000    1.18019438620
  8999.20000000    1.16349111985
  8999.40000000    1.14725654863
  8999.60000000    1.13269254220
  8999.80000000    1.12003399487
  9000.00000000    1.10793100648
  9000.20000000    1.09746948608
  9000.40000000    1.08633107154
  9000.60000000    1.07369703008
  9000.80000000    1.06759879945
  9001.00000000    1.06221456400
  9001.20000000    1.05819527438
  9001.40000000    1.05575012676
  9001.60000000    1.05374712486
  9001.80000000    1.05208156423
  9002.00000000    1.05045228703
  9002.20000000    1.04882764817
  9002.40000000    1.04733486436
  9002.60000000    1.04524546512
  9002.80000000    1.04275972657
  9003.00000000    1.03989718768
  9003.20000000    1.03757002903
  9003.40000000    1.03507208029
  9003.60000000    1.03153915895
  9003.80000000    1.02805483783
  9004.00000000    1.02451441246
  9004.20000000    1.02152529521
  9004.40000000    1.01901485131
  9004.60000000    1.01669657725
  9004.80000000    1.01375450126
  9005.00000000    1.00913350935
  9005.20000000    1.00545290865
  9005.40000000    1.00305930647
  9005.60000000    1.00241272203
  9005.80000000    0.99991497930
  9006.00000000    0.99637886406
  9006.20000000    0.99389463981
  9006.40000000    0.99110922068
  9006.60000000    0.99107411117
  9006.80000000    0.98993946251
  9007.00000000    0.98856563409
  9007.20000000    0.98555663878
  9007.40000000    0.98306411856
  9007.60000000    0.98086825790
  9007.80000000    0.97778884986
  9008.00000000    0.97854396053
  9008.20000000    0.97837835666
  9008.40000000    0.97720644813
  9008.60000000    0.97526504079
  9008.80000000    0.97353831262
  9009.00000000    0.97215963943
  9009.22786000    0.97071484216
  9009.48358100    0.96999512375
  9009.76716200    0.96774274533
  9010.07860400    0.96801132952
  9010.41790500    0.96971338400
  9010.78506700    0.97306459354
  9011.18009000    0.97744323462
  9011.60297300    0.98416643063
  9012.05371600    0.99534094870
  9012.53231900    1.01136686348
  9013.03878300    1.03363544357
  9013.57310700    1.05228576000
  9014.13529200    1.06763423432
  9014.72533700    1.08967045209
  9015.34324200    1.10609600076
  9015.98900800    1.11187169137
  9016.66263400    1.10850990783
  9017.36412000    1.09859344571
  9018.09346700    1.08319570786
  9018.85067400    1.06072960010
  9019.63574100    1.02773248868
  9020.44866900    0.99868292790
  9021.28945700    0.97520272680
  9022.15810600    0.95330107855
  9023.05461400    0.93541195793
  9023.97898300    0.92116993139
  9024.93121300    0.91123920443
  9025.91130300    0.90795055305
  9026.91925300    0.90947015902
  9027.95506400    0.91156662797
  9029.01873400    0.91698723827
  9030.11026600    0.92393450145
  9031.23272300    0.92989425940
  9032.36737300    0.93756647774
  9033.51421400    0.94620328735
  9034.67324800    0.95622491207
  9035.84447300    0.97312730155
  9037.02789000    0.98783848037
  9038.22349900    0.99971358079
  9039.43130000    1.00802554313
  9040.65129300    1.01991478664
  9041.88347800    1.02768175018
  9043.12785500    1.03220816731
  9044.38442300    1.03537226980
  9045.65318400    1.03807511351
  9046.93413600    1.04100176949
  9048.22728000    1.04504140157
  9049.53261700    1.04914752361
  9050.85014500    1.05231018467
  9052.17986500    1.05277311705
  9053.52177700    1.05068724492
  9054.87588100    1.04700119870
  9056.24217700    1.04126273652
  9057.62066400    1.03473375297
  9059.01134400    1.02858842237
  9060.41421500    1.02548802488
  9061.82927900    1.02079468737
  9063.25653400    1.01626154298
  9064.69598100    1.01324520099
  9066.14762000    1.01150218567
  9067.61145200    1.01016652682
  9069.08747500    1.00997807934
  9070.57568900    1.01102319384
  9072.07609600    1.01169213336
  9073.58869500    1.01472602337
  9075.11348500    1.01740607153
  9076.65046800    1.01770159639
  9078.19964200    1.01661006545
  9079.76100900    1.01660010754
  9081.33456700    1.01571304243
  9082.92031700    1.01167968042
  9084.51825900    1.01087881516
  9086.12839300    1.01218726931
  9087.75071900    1.01308481523
  9089.38523700    1.01529312952
  9091.03194600    1.01700962210
  9092.69084800    1.01550847119
  9094.36194200    1.01344561890
  9096.04522700    1.01045544689
  9097.74070400    1.00510043942
  9099.44837400    0.99855877580
  9101.16823500    0.99333687607
  9102.90028800    0.98910521608
  9104.64453300    0.98359947148
  9106.40097000    0.97931373490
  9108.16959800    0.97648107995
  9109.95041900    0.97492871088
  9111.74343200    0.97431329252
  9113.54863600    0.97429063805
  9115.36603200    0.97488121497
  9117.19562100    0.97553566764
  9119.03740100    0.97758125099
  9120.89137300    0.98095941982
  9122.75753700    0.98442717403
  9124.63589300    0.98653507588
  9126.52644100    0.98994242760
  9128.42918100    0.99580613873
  9130.34411200    1.00110471455
  9132.27123600    1.00408351144
  9134.21055200    1.00735658630
  9136.16205900    1.01130670818
  9138.12575800    1.01250926793
  9140.10164900    1.01269565354
  9142.08973300    1.01391093685
  9144.09000800    1.01380791998
  9146.10247500    1.01332282302
  9148.12713300    1.01299152677
  9150.16398400    1.01095147409
  9152.21302700    1.00985428984
  9154.27426100    1.01065338950
  9156.34768800    1.01011761796
  9158.43330600    1.00926261469
  9160.53111700    1.00954810027
  9162.64111900    1.00708262209
  9164.76331300    1.00338132831
  9166.89769900    1.00000842604
  9169.04427700    0.99683522246
  9171.20304700    0.99589761912
  9173.37400800    0.99444208959
  9175.55716200    0.99420209405
  9177.75250800    0.99511540475
  9179.96004500    0.99469247685
  9182.17977500    0.99566941670
  9184.41169600    0.99705800322
  9186.65580900    0.99667939378
  9188.91211400    0.99423156392
  9191.18061100    0.99369856726
  9193.46130000    0.99535860063
  9195.75418100    0.99613825709
  9198.05925400    0.99644464285
  9200.37651800    0.99762082992
  9202.70597500    0.99856196722
  9205.04762300    0.99868715315
  9207.40146400    0.99822805003
  9209.76749600    0.99694462275
  9212.14572000    0.99647216124
  9214.53613600    0.99420064968
  9216.93874400    0.99138457198
  9219.35354400    0.99120343910
  9221.78053600    0.98965378687
  9224.21972000    0.98746762929
  9226.67109600    0.98593023212
  9229.13466300    0.98613465359
  9231.61042300    0.98714378419
  9234.09837400    0.98727696797
  9236.59851700    0.98735476367
  9239.11085200    0.98748157615
  9241.63538000    0.98877019501
  9244.17209900    0.99039117778
  9246.72100900    0.99032955904
  9249.28211200    0.99013456170
  9251.85540700    0.99173281283
  9254.44089400    0.99421797090
  9257.03857200    0.99648936315
  9259.64844300    0.99776360740
  9262.27050500    0.99982799619
  9264.90475900    1.00236447120
  9267.55120500    1.00372652290
  9270.20984400    1.00353725652
  9272.88067400    1.00271148600
  9275.56369600    1.00042524585
  9278.25890900    0.99816571141
  9280.96631500    0.99723549013
  9283.68591300    0.99670378172
  9286.41770200    0.99565401226
  9289.16168400    0.99218244848
  9291.91785700    0.98935870944
  9294.68622200    0.98833438467
  9297.46678000    0.98906704885
  9300.25952900    0.98990803310
  9303.06447000    0.99049909399
  9305.88160200    0.99258223369
  9308.71092700    0.99320346838
  9311.55244400    0.99396568406
  9314.40615300    0.99604529923
  9317.27205300    0.99884980137
  9320.15014600    1.00060306553
  9323.04043000    0.99980485436
  9325.94290600    0.99859918588
  9328.85757400    0.99908377777
  9331.78443500    1.00020544392
  9334.72348700    1.00136549779
  9337.67473000    1.00387541085
  9340.63816600    1.00439527074
  9343.61379400    1.00426011987
  9346.60161400    1.00496895559
  9349.60162500    1.00677133107
  9352.61382900    1.00740112774
  9355.63822400    1.00595317472
  9358.67481100    1.00289088399
  9361.72359000    1.00047611776
  9364.78456100    1.00244679113
  9367.85772400    1.00324931676
  9370.94307900    1.00118271495
  9374.04062600    0.99905232557
  9377.15036500    0.99802007466
  9380.27229500    0.99860330871
  9383.40641800    0.99903116421
  9386.55273200    0.99910440904
  9389.71123900    1.00005122292
  9392.88193700    1.00337057734
  9396.06482700    1.00428533717
  9399.25990900    1.00356068841
  9402.46718300    1.00468370363
  9405.68664900    1.00312934322
  9408.91830700    1.00261553698
  9412.16215700    1.00375412691
  9415.41819800    1.00261920193
  9418.68643200    1.00299855997
  9421.96685700    1.00314235621
  9425.25947400    1.00371276306
  9428.56428400    1.00402353923
  9431.88128500    1.00365604909
  9435.21047800    1.00381191453
  9438.55186300    1.00150246192
  9441.90544000    0.99962284876
  9445.27120900    0.99822698623
  9448.64916900    0.99938089454
  9452.03932200    1.00004195277
  9455.44166600    1.00060006479
  9458.85620300    1.00130368241
  9462.28293100    1.00229740972
  9465.72185100    1.00311779728
  9469.17296400    1.00158407582
  9472.63626800    1.00172701849
  9476.11176400    1.00373221877
  9479.59945100    1.00284293314
  9483.09933100    1.00173642222
  9486.61140300    0.99988298487
  9490.13566600    0.99969674879
  9493.67212200    0.99986411000
  9497.22076900    1.00113497665
  9500.78160900    1.00303869341
  9504.35464000    1.00356144630
  9507.93986300    1.00358439821
  9511.53727800    1.00217136367
  9515.14688500    1.00278437917
  9518.76868400    1.00336503890
  9522.40267500    1.00182329543
  9526.04885700    1.00132152586
  9529.70723200    0.99766413155
  9533.37779900    0.99425582499
  9537.06055700    0.99491419340
  9540.75550700    0.99728394194
  9544.46265000    0.99616279942
  9548.18198400    0.99661589989
  9551.91351000    0.99994709194
  9555.65722800    1.00401157183
  9559.41313800    1.00401656216
  9563.18123900    1.00336107897
  9566.96153300    1.00439773279
  9570.75401900    1.00408612869
  9574.55869600    1.00409396212
  9578.37556500    1.00343351924
  9582.20462700    1.00242685249
  9586.04588000    1.00323865235
  9589.89932500    1.00411707465
  9593.76496200    1.00449091559
  9597.64279100    1.00444035442
  9601.53281200    1.00443168850
  9605.43502500    1.00633782907
  9609.34942900    1.00513756491
  9613.27602600    1.00265433535
  9617.21481400    1.00478635630
  9621.16579500    1.00844405159
  9625.12896700    1.00690952683
  9629.10433100    1.00582403799
  9633.09188800    1.00758280400
  9637.09163600    1.00870444882
  9641.10357500    1.00746336526
  9645.12770700    1.00669167085
  9649.16403100    1.00580469738
  9653.21254700    1.00336358550
  9657.27325400    1.00343209432
  9661.34615400    1.00235220427
  9665.43124500    0.99961596460
  9669.52852900    0.99991751459
  9673.63800400    1.00032140180
  9677.75967100    1.00050363048
  9681.89353000    1.00084893843
  9686.03958100    1.00122726294
  9690.19782400    1.00116470844
  9694.36825800    0.99929241747
  9698.55088500    0.99707875279
  9702.74570400    0.99590480815
  9706.95271400    0.99664601076
  9711.17191600    0.99618416839
  9715.40331100    0.99769270899
  9719.64689700    1.00004285965
  9723.90267500    1.00044503116
  9728.17064500    0.99971207638
  9732.45080700    0.99919546602
  9736.74316100    0.99584825691
  9741.04770700    0.99272589582
  9745.36444400    0.99026900224
  9749.69337400    0.98776433737
  9754.03449500    0.98793141883
  9758.38780900    0.99184700155
  9762.75331400    0.99057363102
  9767.13101100    0.98889523160
  9771.52090000    0.99137805835
  9775.92298100    0.99216467836
  9780.33725400    0.99270064761
  9784.76371900    0.99456300821
  9789.20237600    0.99530376053
  9793.65322400    0.99566023460
  9798.11626500    0.99213955312
  9802.59149700    0.98962670232
  9807.07892200    0.99182456668
  9811.57853800    0.99485147600
  9816.09034600    0.99478436471
  9820.61434600    0.99630102825
  9825.15053800    0.99931725817
  9829.69892200    1.00152863059
  9834.25949800    1.00197682516
  9838.83226600    1.00106958945
  9843.41722600    1.00402557561
  9848.01437700    1.00416752452
  9852.62372100    1.00342328160
  9857.24525600    1.00402570892
  9861.87898300    1.00545777010
  9866.52490200    1.00547324606
  9871.18301300    1.00370807732
  9875.85331600    1.00244175395
  9880.53581100    1.00157087116
  9885.23049800    1.00024319698
  9889.93737700    0.99952816412
  9894.65644800    0.99862627643
  9899.38771000    0.99933635431
  9904.13116500    1.00213708007
  9908.88681100    1.00513869355
  9913.65464900    1.00526509818
  9918.43467900    1.00383611742
  9923.22690100    1.00381884557
  9928.03131500    1.00687299000
  9932.84792100    1.00845461670
  9937.67671900    1.00668012650
