#---------------------------------
#  energy flat
  8794.00000000    0.00534687419
  8799.00000000    0.00396558710
  8804.00000000    0.00231048129
  8809.00000000   -0.00005076773
  8814.00000000   -0.00140074993
  8819.00000000   -0.00321673909
  8824.00000000   -0.00405554017
  8829.00000000   -0.00392824857
  8834.00000000   -0.00350573996
  8839.00000000   -0.00260216633
  8844.00000000   -0.00193754015
  8849.00000000    0.00011044515
  8854.00000000    0.00142732258
  8859.00000000    0.00252942469
  8864.00000000    0.00305932096
  8869.00000000    0.00287237487
  8874.00000000    0.00242488492
  8879.00000000    0.00312497676
  8884.00000000    0.00394513673
  8889.00000000    0.00280418402
  8894.00000000    0.00237611103
  8899.00000000   -0.00007409936
  8904.00000000   -0.00214528282
  8909.00000000   -0.00305778909
  8914.00000000   -0.00321818546
  8919.00000000   -0.00311149960
  8924.00000000   -0.00109363039
  8929.00000000    0.00136310168
  8934.00000000    0.00388204726
  8939.00000000    0.00631639039
  8944.00000000    0.00779573624
  8949.00000000    0.00858954462
  8953.00000000    0.01023546189
  8956.00000000    0.01197127341
  8958.00000000    0.01340329048
  8959.00000000    0.01460383135
  8959.20000000    0.01619868836
  8959.40000000    0.01677593831
  8959.60000000    0.01639541713
  8959.80000000    0.01698376249
  8960.00000000    0.01762005584
  8960.20000000    0.01852204449
  8960.40000000    0.01879674655
  8960.60000000    0.01876077730
  8960.80000000    0.01800915448
  8961.00000000    0.01760366864
  8961.20000000    0.01690177700
  8961.40000000    0.01688740416
  8961.60000000    0.01691404468
  8961.80000000    0.01766386779
  8962.00000000    0.01768634754
  8962.20000000    0.01762759308
  8962.40000000    0.01757200874
  8962.60000000    0.01816590179
  8962.80000000    0.01844833101
  8963.00000000    0.01902716602
  8963.20000000    0.01976173295
  8963.40000000    0.02029975272
  8963.60000000    0.02056415191
  8963.80000000    0.02081705942
  8964.00000000    0.02079198744
  8964.20000000    0.02132406324
  8964.40000000    0.02136952633
  8964.60000000    0.02240584862
  8964.80000000    0.02236869057
  8965.00000000    0.02233886342
  8965.20000000    0.02288025144
  8965.40000000    0.02322429977
  8965.60000000    0.02404802620
  8965.80000000    0.02555927142
  8966.00000000    0.02551398995
  8966.20000000    0.02552339297
  8966.40000000    0.02547256380
  8966.60000000    0.02573379286
  8966.80000000    0.02654642389
  8967.00000000    0.02703391995
  8967.20000000    0.02734745592
  8967.40000000    0.02770893989
  8967.60000000    0.02794995947
  8967.80000000    0.02854048428
  8968.00000000    0.02937193787
  8968.20000000    0.02950259780
  8968.40000000    0.02978027184
  8968.60000000    0.03002782979
  8968.80000000    0.03023318557
  8969.00000000    0.03066817659
  8969.20000000    0.03094030293
  8969.40000000    0.03093623296
  8969.60000000    0.03077524228
  8969.80000000    0.03086746457
  8970.00000000    0.03182195826
  8970.20000000    0.03207565830
  8970.40000000    0.03237512689
  8970.60000000    0.03387071966
  8970.80000000    0.03434533712
  8971.00000000    0.03569688777
  8971.20000000    0.03617546788
  8971.40000000    0.03687199343
  8971.60000000    0.03799727709
  8971.80000000    0.03849012272
  8972.00000000    0.03891025382
  8972.20000000    0.03961886543
  8972.40000000    0.04026288594
  8972.60000000    0.04133071126
  8972.80000000    0.04253584221
  8973.00000000    0.04364468089
  8973.20000000    0.04435388690
  8973.40000000    0.04501296546
  8973.60000000    0.04645783638
  8973.80000000    0.04749633813
  8974.00000000    0.04871137569
  8974.20000000    0.04985211366
  8974.40000000    0.05073567602
  8974.60000000    0.05231071981
  8974.80000000    0.05387427193
  8975.00000000    0.05513448363
  8975.20000000    0.05680502715
  8975.40000000    0.05836917367
  8975.60000000    0.06029768534
  8975.80000000    0.06262404649
  8976.00000000    0.06546139063
  8976.20000000    0.06833281351
  8976.40000000    0.07191751237
  8976.60000000    0.07583229950
  8976.80000000    0.07973579309
  8977.00000000    0.08442111640
  8977.20000000    0.08913021559
  8977.40000000    0.09560784293
  8977.60000000    0.10273375888
  8977.80000000    0.11200465420
  8978.00000000    0.12280275264
  8978.20000000    0.13532222377
  8978.40000000    0.15006473837
  8978.60000000    0.16748718932
  8978.80000000    0.18915442486
  8979.00000000    0.21537790883
  8979.20000000    0.24607937902
  8979.40000000    0.28279733208
  8979.60000000    0.32471823712
  8979.80000000    0.37208005095
  8980.00000000    0.42246357920
  8980.20000000    0.47515004633
  8980.40000000    0.52610784971
  8980.60000000    0.57285340197
  8980.80000000    0.61389655066
  8981.00000000    0.64640142935
  8981.20000000    0.66821830345
  8981.40000000    0.67936381603
  8981.60000000    0.67973711775
  8981.80000000    0.67217922642
  8982.00000000    0.65926526640
  8982.20000000    0.64272948893
  8982.40000000    0.62546284115
  8982.60000000    0.60844092604
  8982.80000000    0.59343742316
  8983.00000000    0.58006557839
  8983.20000000    0.57036001140
  8983.40000000    0.56486895401
  8983.60000000    0.56236141070
  8983.80000000    0.56325623296
  8984.00000000    0.56698993272
  8984.20000000    0.57375767016
  8984.40000000    0.58162389164
  8984.60000000    0.59143224408
  8984.80000000    0.60221504971
  8985.00000000    0.61227748550
  8985.20000000    0.62288006859
  8985.40000000    0.63329684249
  8985.60000000    0.64373980863
  8985.80000000    0.65479286261
  8986.00000000    0.66495832297
  8986.20000000    0.67544142795
  8986.40000000    0.68611438221
  8986.60000000    0.69689773472
  8986.80000000    0.70727079395
  8987.00000000    0.71869676629
  8987.20000000    0.73007126272
  8987.40000000    0.74234828983
  8987.60000000    0.75545275546
  8987.80000000    0.76826323124
  8988.00000000    0.78028319778
  8988.20000000    0.79207059538
  8988.40000000    0.80473159615
  8988.60000000    0.81737282189
  8988.80000000    0.82971292482
  8989.00000000    0.84207050150
  8989.20000000    0.85474552406
  8989.40000000    0.86877719594
  8989.60000000    0.88253389829
  8989.80000000    0.89676239141
  8990.00000000    0.90975814380
  8990.20000000    0.92419752539
  8990.40000000    0.93978175276
  8990.60000000    0.95763304674
  8990.80000000    0.97571044734
  8991.00000000    0.98836579943
  8991.20000000    1.00312812719
  8991.40000000    1.01664206149
  8991.60000000    1.03017247837
  8991.80000000    1.04415328734
  8992.00000000    1.05716407850
  8992.20000000    1.06905466759
  8992.40000000    1.07877019865
  8992.60000000    1.08792743054
  8992.80000000    1.09520878396
  8993.00000000    1.10239011795
  8993.20000000    1.10766724048
  8993.40000000    1.11190361174
  8993.60000000    1.11615864463
  8993.80000000    1.12061620580
  8994.00000000    1.12614292554
  8994.20000000    1.13057302056
  8994.40000000    1.13351617034
  8994.60000000    1.13567752741
  8994.80000000    1.13883651715
  8995.00000000    1.14099259854
  8995.20000000    1.14387546579
  8995.40000000    1.14546436840
  8995.60000000    1.14574741837
  8995.80000000    1.14433588028
  8996.00000000    1.14134427450
  8996.20000000    1.13734559937
  8996.40000000    1.13352052470
  8996.60000000    1.12857980415
  8996.80000000    1.12250065245
  8997.00000000    1.11545088757
  8997.20000000    1.10946374227
  8997.40000000    1.10245704503
  8997.60000000    1.09535032745
  8997.80000000    1.08865318553
  8998.00000000    1.08218512080
  8998.20000000    1.07626750366
  8998.40000000    1.06938224505
  8998.60000000    1.06349838288
  8998.80000000    1.05639326991
  8999.00000000    1.04959074098
  8999.20000000    1.04211776874
  8999.40000000    1.03440588512
  8999.60000000    1.02918138935
  8999.80000000    1.02412732329
  9000.00000000    1.01931521260
  9000.20000000    1.01421208160
  9000.40000000    1.00999800573
  9000.60000000    1.00543089408
  9000.80000000    1.00157531101
  9001.00000000    0.99849346999
  9001.20000000    0.99664999104
  9001.40000000    0.99543799514
  9001.60000000    0.99435838719
  9001.80000000    0.99296457715
  9002.00000000    0.99241979921
  9002.20000000    0.99180788997
  9002.40000000    0.98929493760
  9002.60000000    0.98715431110
  9002.80000000    0.98527109376
  9003.00000000    0.98401222639
  9003.20000000    0.98442820596
  9003.40000000    0.98567875372
  9003.60000000    0.98652950591
  9003.80000000    0.98792713822
  9004.00000000    0.98819921658
  9004.20000000    0.98898112427
  9004.40000000    0.98945576398
  9004.60000000    0.99092050542
  9004.80000000    0.99277104530
  9005.00000000    0.99416750112
  9005.20000000    0.99600443979
  9005.40000000    0.99717450031
  9005.60000000    0.99890114909
  9005.80000000    0.99954860651
  9006.00000000    1.00122698062
  9006.20000000    1.00344569603
  9006.40000000    1.00517941848
  9006.60000000    1.00675902873
  9006.80000000    1.00917399902
  9007.00000000    1.01028152941
  9007.20000000    1.01143327783
  9007.40000000    1.01246935154
  9007.60000000    1.01413017060
  9007.80000000    1.01598400487
  9008.00000000    1.01807642472
  9008.20000000    1.02054909464
  9008.40000000    1.02252745900
  9008.60000000    1.02420885744
  9008.80000000    1.02724690141
  9009.00000000    1.02892698136
  9009.22786000    1.03034462023
  9009.48358100    1.03175839453
  9009.76716200    1.03333217997
  9010.07860400    1.03493344391
  9010.41790500    1.03529654418
  9010.78506700    1.03499013966
  9011.18009000    1.03504137347
  9011.60297300    1.03383906424
  9012.05371600    1.03149261036
  9012.53231900    1.02921817859
  9013.03878300    1.02806193780
  9013.57310700    1.02718542942
  9014.13529200    1.02777114077
  9014.72533700    1.02676113962
  9015.34324200    1.02224329179
  9015.98900800    1.01610544028
  9016.66263400    1.00688699969
  9017.36412000    0.99737850875
  9018.09346700    0.98791247727
  9018.85067400    0.97844833799
  9019.63574100    0.97148597417
  9020.44866900    0.96425217746
  9021.28945700    0.95897559308
  9022.15810600    0.95348811116
  9023.05461400    0.94915650658
  9023.97898300    0.94480174577
  9024.93121300    0.94216943039
  9025.91130300    0.93904846510
  9026.91925300    0.93681929608
  9027.95506400    0.93481586069
  9029.01873400    0.93427952270
  9030.11026600    0.93578432647
  9031.23272300    0.93736503917
  9032.36737300    0.94133681480
  9033.51421400    0.94630819925
  9034.67324800    0.95279673340
  9035.84447300    0.96035387417
  9037.02789000    0.96801255968
  9038.22349900    0.97637117280
  9039.43130000    0.98358512599
  9040.65129300    0.99054009351
  9041.88347800    0.99764940223
  9043.12785500    1.00438307134
  9044.38442300    1.01134958979
  9045.65318400    1.01593798929
  9046.93413600    1.01784079532
  9048.22728000    1.01798845658
  9049.53261700    1.01714261289
  9050.85014500    1.01586340997
  9052.17986500    1.01444786706
  9053.52177700    1.01346801285
  9054.87588100    1.01310258330
  9056.24217700    1.01304984342
  9057.62066400    1.01317429305
  9059.01134400    1.01187246352
  9060.41421500    1.01098086614
  9061.82927900    1.01039708123
  9063.25653400    1.00989446859
  9064.69598100    1.00987980979
  9066.14762000    1.01052589405
  9067.61145200    1.01112976362
  9069.08747500    1.01149172269
  9070.57568900    1.01217091707
  9072.07609600    1.01276693342
  9073.58869500    1.01245338025
  9075.11348500    1.01286843223
  9076.65046800    1.01357660525
  9078.19964200    1.01409051278
  9079.76100900    1.01414942232
  9081.33456700    1.01484941900
  9082.92031700    1.01461991938
  9084.51825900    1.01404205754
  9086.12839300    1.01189990778
  9087.75071900    1.00823053200
  9089.38523700    1.00455500180
  9091.03194600    1.00040118025
  9092.69084800    0.99590201913
  9094.36194200    0.99175653982
  9096.04522700    0.98860095518
  9097.74070400    0.98581036151
  9099.44837400    0.98304140034
  9101.16823500    0.98067370351
  9102.90028800    0.97915941204
  9104.64453300    0.97879255893
  9106.40097000    0.97917827074
  9108.16959800    0.97963894081
  9109.95041900    0.98113669747
  9111.74343200    0.98323922026
  9113.54863600    0.98513496289
  9115.36603200    0.98712865090
  9117.19562100    0.98978634539
  9119.03740100    0.99167357220
  9120.89137300    0.99330864098
  9122.75753700    0.99536044320
  9124.63589300    0.99696729812
  9126.52644100    0.99816862947
  9128.42918100    0.99876233694
  9130.34411200    0.99913239659
  9132.27123600    0.99967090056
  9134.21055200    1.00020566599
  9136.16205900    1.00110283432
  9138.12575800    1.00209293363
  9140.10164900    1.00316446135
  9142.08973300    1.00399365541
  9144.09000800    1.00415888195
  9146.10247500    1.00452635904
  9148.12713300    1.00464195500
  9150.16398400    1.00478580869
  9152.21302700    1.00482634562
  9154.27426100    1.00414418880
  9156.34768800    1.00298301767
  9158.43330600    1.00350800541
  9160.53111700    1.00319690361
  9162.64111900    1.00265082762
  9164.76331300    1.00364065784
  9166.89769900    1.00440021941
  9169.04427700    1.00459226590
  9171.20304700    1.00534731319
  9173.37400800    1.00538143900
  9175.55716200    1.00437799493
  9177.75250800    1.00430361352
  9179.96004500    1.00370754165
  9182.17977500    1.00330182989
  9184.41169600    1.00290297852
  9186.65580900    1.00292702831
  9188.91211400    1.00247521555
  9191.18061100    1.00178328036
  9193.46130000    1.00122803176
  9195.75418100    1.00136855916
  9198.05925400    1.00121733061
  9200.37651800    1.00081353619
  9202.70597500    1.00033188069
  9205.04762300    1.00012301757
  9207.40146400    1.00041435220
  9209.76749600    1.00019219697
  9212.14572000    0.99992647055
  9214.53613600    0.99955213545
  9216.93874400    0.99961043740
  9219.35354400    0.99981442809
  9221.78053600    1.00015097659
  9224.21972000    1.00041595112
  9226.67109600    1.00033349464
  9229.13466300    1.00063545132
  9231.61042300    1.00070596214
  9234.09837400    1.00046571730
  9236.59851700    1.00097941453
  9239.11085200    1.00155748965
  9241.63538000    1.00222840603
  9244.17209900    1.00275553111
  9246.72100900    1.00379184023
  9249.28211200    1.00433154008
  9251.85540700    1.00509853651
  9254.44089400    1.00587401869
  9257.03857200    1.00626600885
  9259.64844300    1.00629265499
  9262.27050500    1.00596220558
  9264.90475900    1.00555790862
  9267.55120500    1.00538718487
  9270.20984400    1.00545827177
  9272.88067400    1.00531697107
  9275.56369600    1.00523463671
  9278.25890900    1.00508596466
  9280.96631500    1.00531071596
  9283.68591300    1.00508576182
  9286.41770200    1.00524554596
  9289.16168400    1.00515713690
  9291.91785700    1.00466788266
  9294.68622200    1.00451275554
  9297.46678000    1.00408220105
  9300.25952900    1.00351243918
  9303.06447000    1.00284933361
  9305.88160200    1.00204879867
  9308.71092700    1.00180934014
  9311.55244400    1.00111443621
  9314.40615300    1.00055758366
  9317.27205300    1.00017394326
  9320.15014600    1.00002600985
  9323.04043000    0.99972612894
  9325.94290600    0.99999340446
  9328.85757400    1.00038311221
  9331.78443500    1.00075406276
  9334.72348700    1.00067896860
  9337.67473000    1.00061658351
  9340.63816600    1.00046969631
  9343.61379400    1.00033368514
  9346.60161400    0.99992271799
  9349.60162500    0.99976409797
  9352.61382900    0.99951452702
  9355.63822400    0.99927690792
  9358.67481100    0.99916562691
  9361.72359000    0.99921185525
  9364.78456100    0.99948480389
  9367.85772400    0.99997244795
  9370.94307900    1.00026134500
  9374.04062600    1.00007238463
  9377.15036500    0.99975770399
  9380.27229500    0.99956443072
  9383.40641800    0.99887543149
  9386.55273200    0.99861940766
  9389.71123900    0.99917780898
  9392.88193700    0.99931810732
  9396.06482700    0.99925532027
  9399.25990900    0.99926232062
  9402.46718300    1.00007521263
  9405.68664900    1.00004181320
  9408.91830700    0.99992437682
  9412.16215700    1.00030327094
  9415.41819800    1.00021501743
  9418.68643200    1.00014487264
  9421.96685700    0.99973366071
  9425.25947400    0.99987320430
  9428.56428400    1.00011555448
  9431.88128500    0.99976629088
  9435.21047800    0.99916047993
  9438.55186300    0.99902826430
  9441.90544000    0.99926604478
  9445.27120900    0.99897769171
  9448.64916900    0.99830410017
  9452.03932200    0.99754466274
  9455.44166600    0.99717313579
  9458.85620300    0.99725273526
  9462.28293100    0.99777733828
  9465.72185100    0.99838060936
  9469.17296400    0.99893000757
  9472.63626800    0.99950935761
  9476.11176400    1.00038475760
  9479.59945100    1.00045678152
  9483.09933100    0.99968560618
  9486.61140300    0.99906249382
  9490.13566600    0.99866254189
  9493.67212200    0.99809879534
  9497.22076900    0.99806135350
  9500.78160900    0.99824013383
  9504.35464000    0.99803380718
  9507.93986300    0.99859411007
  9511.53727800    0.99858265428
  9515.14688500    0.99799091370
  9518.76868400    0.99780538095
  9522.40267500    0.99736646487
  9526.04885700    0.99754891127
  9529.70723200    0.99757463885
  9533.37779900    0.99753814626
  9537.06055700    0.99695934754
  9540.75550700    0.99625529359
  9544.46265000    0.99604869538
  9548.18198400    0.99588799682
  9551.91351000    0.99582251197
  9555.65722800    0.99643611683
  9559.41313800    0.99674863059
  9563.18123900    0.99644163532
  9566.96153300    0.99715504389
  9570.75401900    0.99778464395
  9574.55869600    0.99831594935
  9578.37556500    0.99779571785
  9582.20462700    0.99731860086
  9586.04588000    0.99730877648
  9589.89932500    0.99722986988
  9593.76496200    0.99735269840
  9597.64279100    0.99717338152
  9601.53281200    0.99721277777
  9605.43502500    0.99770049051
  9609.34942900    0.99752041073
  9613.27602600    0.99757142618
  9617.21481400    0.99754343066
  9621.16579500    0.99693768588
  9625.12896700    0.99641929110
  9629.10433100    0.99642191939
  9633.09188800    0.99607434445
  9637.09163600    0.99588038419
  9641.10357500    0.99590082762
  9645.12770700    0.99598841959
  9649.16403100    0.99607080572
  9653.21254700    0.99738171637
  9657.27325400    0.99874242610
  9661.34615400    0.99971719765
  9665.43124500    1.00009657016
  9669.52852900    1.00081072927
  9673.63800400    1.00156779065
  9677.75967100    1.00177351268
  9681.89353000    1.00180925905
  9686.03958100    1.00121314266
  9690.19782400    1.00148874787
  9694.36825800    1.00168995477
  9698.55088500    1.00241408604
  9702.74570400    1.00247448930
  9706.95271400    1.00314333310
  9711.17191600    1.00404550992
  9715.40331100    1.00510112938
  9719.64689700    1.00554001616
  9723.90267500    1.00515587205
  9728.17064500    1.00425358273
  9732.45080700    1.00238711313
  9736.74316100    1.00133822725
  9741.04770700    1.00078214779
  9745.36444400    1.00060293186
  9749.69337400    0.99991944291
  9754.03449500    1.00031135722
  9758.38780900    1.00080164347
  9762.75331400    1.00181169837
  9767.13101100    1.00263831332
  9771.52090000    1.00224026949
  9775.92298100    1.00285821094
  9780.33725400    1.00334392920
  9784.76371900    1.00389730838
  9789.20237600    1.00478559857
  9793.65322400    1.00458677822
  9798.11626500    1.00462730928
  9802.59149700    1.00490459435
  9807.07892200    1.00432907353
  9811.57853800    1.00391338148
  9816.09034600    1.00331729960
  9820.61434600    1.00351621130
  9825.15053800    1.00409540580
  9829.69892200    1.00347436393
  9834.25949800    1.00375227965
  9838.83226600    1.00399217052
  9843.41722600    1.00283780808
  9848.01437700    1.00178448717
  9852.62372100    1.00062514457
  9857.24525600    0.99976337308
  9861.87898300    0.99950805237
  9866.52490200    0.99941991957
  9871.18301300    0.99885326020
  9875.85331600    0.99899032981
  9880.53581100    0.99844678154
  9885.23049800    0.99747246537
  9889.93737700    0.99699127952
  9894.65644800    0.99633136787
  9899.38771000    0.99565144982
  9904.13116500    0.99542764710
  9908.88681100    0.99591497948
  9913.65464900    0.99618204568
  9918.43467900    0.99661819936
  9923.22690100    0.99755097991
  9928.03131500    0.99758497201
  9932.84792100    0.99731678474
  9937.67671900    0.99653148086
