#---------------------------------
#  energy flat
  10182.0000000    0.00589080440
  10187.0000000    0.00513089135
  10192.0000000    0.00457512970
  10197.0000000    0.00394128727
  10202.0000000    0.00334324268
  10207.0000000    0.00272392691
  10212.0000000    0.00205571337
  10217.0000000    0.00159165124
  10222.0000000    0.00079671857
  10227.0000000    0.00017623548
  10232.0000000    0.00010750594
  10237.0000000   -4.67386601e-6
  10242.0000000   -0.00012113385
  10247.0000000   -0.00016547935
  10252.0000000   -0.00030528575
  10257.0000000   -0.00022745169
  10262.0000000   -0.00015649186
  10267.0000000   -0.00016919001
  10272.0000000   -0.00017955352
  10277.0000000    4.37701354e-6
  10282.0000000   -0.00007810097
  10287.0000000   -0.00020934701
  10292.0000000   -0.00019584529
  10297.0000000   -0.00019674053
  10302.0000000   -0.00027921851
  10307.0000000   -0.00007635145
  10312.0000000    0.00032275518
  10317.0000000    0.00095727148
  10322.0000000    0.00179347484
  10327.0000000    0.00326314420
  10332.0000000    0.00468923358
  10337.0000000    0.00606123712
  10341.0000000    0.00750996999
  10344.0000000    0.00898419980
  10346.0000000    0.01033178575
  10347.0000000    0.01124040473
  10347.2000000    0.01223401299
  10347.4000000    0.01266860438
  10347.6000000    0.01288140485
  10347.8000000    0.01321417993
  10348.0000000    0.01307665450
  10348.2000000    0.01337817134
  10348.4000000    0.01358215205
  10348.6000000    0.01367043831
  10348.8000000    0.01398985406
  10349.0000000    0.01423118903
  10349.2000000    0.01463530038
  10349.4000000    0.01473979943
  10349.6000000    0.01501304116
  10349.8000000    0.01525943452
  10350.0000000    0.01547418052
  10350.2000000    0.01584936825
  10350.4000000    0.01593947035
  10350.6000000    0.01618884686
  10350.8000000    0.01636662771
  10351.0000000    0.01654337093
  10351.2000000    0.01655720808
  10351.4000000    0.01631410499
  10351.6000000    0.01646270282
  10351.8000000    0.01678263738
  10352.0000000    0.01704355739
  10352.2000000    0.01744727963
  10352.4000000    0.01796475078
  10352.6000000    0.01842424501
  10352.8000000    0.01851616294
  10353.0000000    0.01891236244
  10353.2000000    0.01921699213
  10353.4000000    0.01985378939
  10353.6000000    0.02041081974
  10353.8000000    0.02085189624
  10354.0000000    0.02117805651
  10354.2000000    0.02135155718
  10354.4000000    0.02174399532
  10354.6000000    0.02212748400
  10354.8000000    0.02266337288
  10355.0000000    0.02327695343
  10355.2000000    0.02356407331
  10355.4000000    0.02394380063
  10355.6000000    0.02432767841
  10355.8000000    0.02484489016
  10356.0000000    0.02522293135
  10356.2000000    0.02568424141
  10356.4000000    0.02629989719
  10356.6000000    0.02701101387
  10356.8000000    0.02747401005
  10357.0000000    0.02830873301
  10357.2000000    0.02904786538
  10357.4000000    0.02975275635
  10357.6000000    0.03040654461
  10357.8000000    0.03110131879
  10358.0000000    0.03178169602
  10358.2000000    0.03233288977
  10358.4000000    0.03294776734
  10358.6000000    0.03371802826
  10358.8000000    0.03453601963
  10359.0000000    0.03543831748
  10359.2000000    0.03651986390
  10359.4000000    0.03757572927
  10359.6000000    0.03866843009
  10359.8000000    0.03952533214
  10360.0000000    0.04047043175
  10360.2000000    0.04144043420
  10360.4000000    0.04273183894
  10360.6000000    0.04392882040
  10360.8000000    0.04501737074
  10361.0000000    0.04629943691
  10361.2000000    0.04769719752
  10361.4000000    0.04911635902
  10361.6000000    0.05068389993
  10361.8000000    0.05219683618
  10362.0000000    0.05360354625
  10362.2000000    0.05497458819
  10362.4000000    0.05666742152
  10362.6000000    0.05834170742
  10362.8000000    0.06027254445
  10363.0000000    0.06251388878
  10363.2000000    0.06471204224
  10363.4000000    0.06691175213
  10363.6000000    0.06925530186
  10363.8000000    0.07156927947
  10364.0000000    0.07413487953
  10364.2000000    0.07683588878
  10364.4000000    0.07971744362
  10364.6000000    0.08261871321
  10364.8000000    0.08599404469
  10365.0000000    0.08949259334
  10365.2000000    0.09339620225
  10365.4000000    0.09749099234
  10365.6000000    0.10188383830
  10365.8000000    0.10622246870
  10366.0000000    0.11109080326
  10366.2000000    0.11633164281
  10366.4000000    0.12241567697
  10366.6000000    0.12878272153
  10366.8000000    0.13629361061
  10367.0000000    0.14431734255
  10367.2000000    0.15332240204
  10367.4000000    0.16313187516
  10367.6000000    0.17439297633
  10367.8000000    0.18686588603
  10368.0000000    0.20094684476
  10368.2000000    0.21689486799
  10368.4000000    0.23508842701
  10368.6000000    0.25601299752
  10368.8000000    0.27948894182
  10369.0000000    0.30508240576
  10369.2000000    0.33340195250
  10369.4000000    0.36464070873
  10369.6000000    0.39861566454
  10369.8000000    0.43563343614
  10370.0000000    0.47615719041
  10370.2000000    0.51975086826
  10370.4000000    0.56642640229
  10370.6000000    0.61707679278
  10370.8000000    0.67182979650
  10371.0000000    0.73121511761
  10371.2000000    0.79600292832
  10371.4000000    0.86873383715
  10371.6000000    0.95247387660
  10371.8000000    1.03876334431
  10372.0000000    1.10213104462
  10372.2000000    1.18624644250
  10372.4000000    1.28277850029
  10372.6000000    1.37993468550
  10372.8000000    1.47628836502
  10373.0000000    1.57104266821
  10373.2000000    1.66133662154
  10373.4000000    1.74050793650
  10373.6000000    1.81158152950
  10373.8000000    1.87435947431
  10374.0000000    1.92872529786
  10374.2000000    1.97534177835
  10374.4000000    2.01506884157
  10374.6000000    2.04925513141
  10374.8000000    2.07820233487
  10375.0000000    2.10217426610
  10375.2000000    2.12323319094
  10375.4000000    2.14125563237
  10375.6000000    2.15683095722
  10375.8000000    2.17003802388
  10376.0000000    2.18114505625
  10376.2000000    2.19033726880
  10376.4000000    2.19669610936
  10376.6000000    2.19922831725
  10376.8000000    2.19871288408
  10377.0000000    2.19404552400
  10377.2000000    2.18479925656
  10377.4000000    2.17135566540
  10377.6000000    2.15355417867
  10377.8000000    2.13086638877
  10378.0000000    2.10372368495
  10378.2000000    2.07349650125
  10378.4000000    2.04051402167
  10378.6000000    2.00567145090
  10378.8000000    1.96920795936
  10379.0000000    1.93149734878
  10379.2000000    1.89295700061
  10379.4000000    1.85370183056
  10379.6000000    1.81327269198
  10379.8000000    1.77225921121
  10380.0000000    1.73051223003
  10380.2000000    1.68802941330
  10380.4000000    1.64487638995
  10380.6000000    1.60132319967
  10380.8000000    1.55773067379
  10381.0000000    1.51435847579
  10381.2000000    1.47161464866
  10381.4000000    1.42959257748
  10381.6000000    1.38860043454
  10381.8000000    1.34965716050
  10382.0000000    1.31254641161
  10382.2000000    1.27718128665
  10382.4000000    1.24379939988
  10382.6000000    1.21287701755
  10382.8000000    1.18409247774
  10383.0000000    1.15737755625
  10383.2000000    1.13282045035
  10383.4000000    1.11048704834
  10383.6000000    1.09163572140
  10383.8000000    1.07530381852
  10384.0000000    1.05948899543
  10384.2000000    1.04144675095
  10384.4000000    1.02975715079
  10384.6000000    1.02043989058
  10384.8000000    1.01247032162
  10385.0000000    1.00559708031
  10385.2000000    0.99873403946
  10385.4000000    0.99307860996
  10385.6000000    0.98766814094
  10385.8000000    0.98287383998
  10386.0000000    0.97895199819
  10386.2000000    0.97581856826
  10386.4000000    0.97326939813
  10386.6000000    0.97133509706
  10386.8000000    0.96980684405
  10387.0000000    0.96940500503
  10387.2000000    0.96981103068
  10387.4000000    0.97084126226
  10387.6000000    0.97258000555
  10387.8000000    0.97485112456
  10388.0000000    0.97781700603
  10388.2000000    0.98109113668
  10388.4000000    0.98462085688
  10388.6000000    0.98813975762
  10388.8000000    0.99210335299
  10389.0000000    0.99671916610
  10389.2000000    1.00081209379
  10389.4000000    1.00485995881
  10389.6000000    1.00951723846
  10389.8000000    1.01471026132
  10390.0000000    1.02057339856
  10390.2000000    1.02584490587
  10390.4000000    1.03078652186
  10390.6000000    1.03489552013
  10390.8000000    1.04071095217
  10391.0000000    1.04646315950
  10391.2000000    1.05172619930
  10391.4000000    1.05674728375
  10391.6000000    1.06083587727
  10391.8000000    1.06501325534
  10392.0000000    1.06965918581
  10392.2000000    1.07360141887
  10392.4000000    1.07687419537
  10392.6000000    1.07932861674
  10392.8000000    1.08156909521
  10393.0000000    1.08389212965
  10393.2000000    1.08533766328
  10393.4000000    1.08687171834
  10393.6000000    1.08843540950
  10393.8000000    1.08938593171
  10394.0000000    1.08963041778
  10394.2000000    1.08955071064
  10394.4000000    1.08977897897
  10394.6000000    1.08940419318
  10394.8000000    1.08833270806
  10395.0000000    1.08710615958
  10395.2000000    1.08528459740
  10395.4000000    1.08320965675
  10395.6000000    1.08068107680
  10395.8000000    1.07785034941
  10396.0000000    1.07432732972
  10396.2000000    1.07056727216
  10396.4000000    1.06591154809
  10396.6000000    1.05995522658
  10396.8000000    1.05321685673
  10397.0000000    1.04573171738
  10397.2278600    1.03792519082
  10397.4835810    1.02951064571
  10397.7671620    1.01907956406
  10398.0786040    1.00325561186
  10398.4179050    0.98807810395
  10398.7850670    0.97232693947
  10399.1800900    0.95478438953
  10399.6029730    0.93566493248
  10400.0537160    0.91615921503
  10400.5323190    0.89597100813
  10401.0387830    0.87666170718
  10401.5731070    0.85846147937
  10402.1352920    0.84186666574
  10402.7253370    0.83014512149
  10403.3432420    0.82237378819
  10403.9890080    0.81959566149
  10404.6626340    0.82085012972
  10405.3641200    0.82581552110
  10406.0934670    0.83396188661
  10406.8506740    0.84364672438
  10407.6357410    0.85543353321
  10408.4486690    0.86751721262
  10409.2894570    0.88057052613
  10410.1581060    0.89620218925
  10411.0546140    0.91840876938
  10411.9789830    0.94579927453
  10412.9312130    0.97070904172
  10413.9113030    0.99172819715
  10414.9192530    1.02322335520
  10415.9550640    1.05281939071
  10417.0187340    1.07997602286
  10418.1102660    1.10357995471
  10419.2327230    1.12276743498
  10420.3673730    1.13869302501
  10421.5142140    1.15159117500
  10422.6732480    1.16146519667
  10423.8444730    1.16910207339
  10425.0278900    1.17483897402
  10426.2234990    1.17789659320
  10427.4313000    1.17850004009
  10428.6512930    1.17700334824
  10429.8834780    1.17374706216
  10431.1278550    1.16819805154
  10432.3844230    1.16022500586
  10433.6531840    1.15031113683
  10434.9341360    1.13890905487
  10436.2272800    1.12749263924
  10437.5326170    1.11635340216
  10438.8501450    1.10542410477
  10440.1798650    1.09434696806
  10441.5217770    1.08392193619
  10442.8758810    1.07390510841
  10444.2421770    1.06533248472
  10445.6206640    1.05803513109
  10447.0113440    1.05118625589
  10448.4142150    1.04515622624
  10449.8292790    1.03888997059
  10451.2565340    1.03144837756
  10452.6959810    1.02376652563
  10454.1476200    1.01622384843
  10455.6114520    1.00965580846
  10457.0874750    1.00418632470
  10458.5756890    0.99993905002
  10460.0760960    0.99645526759
  10461.5886950    0.99262567658
  10463.1134850    0.98948080136
  10464.6504680    0.98644777804
  10466.1996420    0.98358150561
  10467.7610090    0.98148240022
  10469.3345670    0.98037137296
  10470.9203170    0.98004130782
  10472.5182590    0.98042075572
  10474.1283930    0.98151167503
  10475.7507190    0.98234351201
  10477.3852370    0.98328371778
  10479.0319460    0.98488754969
  10480.6908480    0.98607860055
  10482.3619420    0.98648630373
  10484.0452270    0.98648068765
  10485.7407040    0.98652022977
  10487.4483740    0.98611839155
  10489.1682350    0.98589291956
  10490.9002880    0.98627400086
  10492.6445330    0.98787807122
  10494.4009700    0.99060690120
  10496.1695980    0.99442010461
  10497.9504190    0.99988429171
  10499.7434320    1.00608564957
  10501.5486360    1.01225873854
  10503.3660320    1.01826950087
  10505.1956210    1.02313510076
  10507.0374010    1.02654014841
  10508.8913730    1.02866003685
  10510.7575370    1.02963461563
  10512.6358930    1.03035626021
  10514.5264410    1.03117181150
  10516.4291810    1.03187297767
  10518.3441120    1.03202915189
  10520.2712360    1.03087741844
  10522.2105520    1.02821128164
  10524.1620590    1.02410180121
  10526.1257580    1.01870588973
  10528.1016490    1.01242118130
  10530.0897330    1.00522636237
  10532.0900080    0.99782359534
  10534.1024750    0.99103461608
  10536.1271330    0.98478776570
  10538.1639840    0.97890190542
  10540.2130270    0.97412404095
  10542.2742610    0.97041413687
  10544.3476880    0.96690879528
  10546.4333060    0.96395992533
  10548.5311170    0.96239776516
  10550.6411190    0.96185513750
  10552.7633130    0.96201725244
  10554.8976990    0.96310783666
  10557.0442770    0.96479470400
  10559.2030470    0.96744216069
  10561.3740080    0.97035743144
  10563.5571620    0.97371854995
  10565.7525080    0.97731469650
  10567.9600450    0.98035968291
  10570.1797750    0.98241880180
  10572.4116960    0.98410611338
  10574.6558090    0.98618300720
  10576.9121140    0.98779010467
  10579.1806110    0.98886905903
  10581.4613000    0.98914932087
  10583.7541810    0.98914554927
  10586.0592540    0.98818198564
  10588.3765180    0.98701659190
  10590.7059750    0.98586127085
  10593.0476230    0.98367732964
  10595.4014640    0.98086757313
  10597.7674960    0.97766229629
  10600.1457200    0.97450916193
  10602.5361360    0.97117929703
  10604.9387440    0.96806353621
  10607.3535440    0.96596126612
  10609.7805360    0.96584047643
  10612.2197200    0.96730882930
  10614.6710960    0.96939420728
  10617.1346630    0.97206690059
  10619.6104230    0.97499757480
  10622.0983740    0.97751914364
  10624.5985170    0.97936554807
  10627.1108520    0.98103933516
  10629.6353800    0.98315510427
  10632.1720990    0.98545039962
  10634.7210090    0.98796055038
  10637.2821120    0.98943344970
  10639.8554070    0.99057911825
  10642.4408940    0.99198201488
  10645.0385720    0.99329454790
  10647.6484430    0.99388817856
  10650.2705050    0.99430245958
  10652.9047590    0.99450702010
  10655.5512050    0.99396512173
  10658.2098440    0.99310941107
  10660.8806740    0.99117303951
  10663.5636960    0.98898578216
  10666.2589090    0.98621968284
  10668.9663150    0.98268711183
  10671.6859130    0.97983597747
  10674.4177020    0.97726669902
  10677.1616840    0.97511276078
  10679.9178570    0.97352579832
  10682.6862220    0.97279543948
  10685.4667800    0.97295968019
  10688.2595290    0.97480411297
  10691.0644700    0.97757656894
  10693.8816020    0.98084523623
  10696.7109270    0.98436636058
  10699.5524440    0.98683417808
  10702.4061530    0.98876393596
  10705.2720530    0.99060809711
  10708.1501460    0.99208474033
  10711.0404300    0.99336719282
  10713.9429060    0.99533850309
  10716.8575740    0.99706406419
  10719.7844350    0.99915064257
  10722.7234870    1.00175026197
  10725.6747300    1.00332543565
  10728.6381660    1.00436150495
  10731.6137940    1.00545975950
  10734.6016140    1.00593249939
  10737.6016250    1.00632107729
  10740.6138290    1.00621119104
  10743.6382240    1.00521888377
  10746.6748110    1.00383386558
  10749.7235900    1.00277878565
  10752.7845610    1.00158146976
  10755.8577240    1.00057544814
  10758.9430790    0.99997932905
  10762.0406260    1.00027993969
  10765.1503650    1.00061312258
  10768.2722950    1.00147269875
  10771.4064180    1.00286765578
  10774.5527320    1.00431073725
  10777.7112390    1.00571208861
  10780.8819370    1.00697718332
  10784.0648270    1.00874768003
  10787.2599090    1.01050958665
  10790.4671830    1.01097458499
  10793.6866490    1.01152155156
  10796.9183070    1.01238227317
  10800.1621570    1.01316310938
  10803.4181980    1.01376951142
  10806.6864320    1.01446698089
  10809.9668570    1.01634929827
  10813.2594740    1.01784070847
  10816.5642840    1.01933148313
  10819.8812850    1.01973458506
  10823.2104780    1.01988256943
  10826.5518630    1.01941602737
  10829.9054400    1.01842354268
  10833.2712090    1.01792418323
  10836.6491690    1.01712896883
  10840.0393220    1.01590910401
  10843.4416660    1.01521673547
  10846.8562030    1.01426470262
  10850.2829310    1.01337013429
  10853.7218510    1.01241228626
  10857.1729640    1.01217755499
  10860.6362680    1.01213041665
  10864.1117640    1.01193950131
  10867.5994510    1.01159432813
  10871.0993310    1.01181308702
  10874.6114030    1.01254899102
  10878.1356660    1.01259312623
  10881.6721220    1.01310157516
  10885.2207690    1.01360474087
  10888.7816090    1.01416014141
  10892.3546400    1.01428392745
  10895.9398630    1.01432572346
  10899.5372780    1.01459858679
  10903.1468850    1.01406304860
  10906.7686840    1.01348043653
  10910.4026750    1.01351299591
  10914.0488570    1.01418381067
  10917.7072320    1.01445708456
  10921.3777990    1.01399198020
  10925.0605570    1.01330785813
  10928.7555070    1.01253913429
  10932.4626500    1.01151621606
  10936.1819840    1.00986044679
  10939.9135100    1.00776568892
  10943.6572280    1.00601622526
  10947.4131380    1.00498234528
  10951.1812390    1.00467663670
  10954.9615330    1.00411870184
  10958.7540190    1.00367602904
  10962.5586960    1.00372650149
  10966.3755650    1.00380469586
  10970.2046270    1.00331187476
  10974.0458800    1.00286670929
  10977.8993250    1.00239294468
  10981.7649620    1.00158477582
  10985.6427910    1.00128999244
  10989.5328120    1.00115432692
  10993.4350250    1.00103469106
  10997.3494290    1.00117090334
  11001.2760260    1.00086868970
  11005.2148140    1.00100060937
  11009.1657950    1.00014870305
  11013.1289670    0.99949816734
  11017.1043310    0.99927961669
  11021.0918880    0.99908478123
  11025.0916360    0.99908389628
  11029.1035750    0.99929599378
  11033.1277070    0.99907294738
  11037.1640310    0.99934514302
  11041.2125470    0.99902690715
  11045.2732540    0.99851483939
  11049.3461540    0.99794020116
  11053.4312450    0.99741328231
  11057.5285290    0.99665244580
  11061.6380040    0.99616468627
  11065.7596710    0.99539581087
  11069.8935300    0.99439426422
  11074.0395810    0.99409362053
  11078.1978240    0.99391257319
  11082.3682580    0.99356869338
  11086.5508850    0.99333990750
  11090.7457040    0.99307150252
  11094.9527140    0.99270453181
  11099.1719160    0.99284546653
  11103.4033110    0.99281417902
  11107.6468970    0.99224654827
  11111.9026750    0.99206073726
  11116.1706450    0.99190880732
  11120.4508070    0.99194222587
  11124.7431610    0.99175790674
  11129.0477070    0.99164776269
  11133.3644440    0.99207211704
  11137.6933740    0.99219795517
  11142.0344950    0.99200192612
  11146.3878090    0.99091676264
  11150.7533140    0.99079239334
  11155.1310110    0.98990602589
  11159.5209000    0.98869654990
  11163.9229810    0.99065948309
  11168.3372540    0.98955261918
  11172.7637190    0.98866901205
  11177.2023760    0.98953886938
  11181.6532240    0.98929582021
  11186.1162650    0.98868810454
  11190.5914970    0.98835586515
  11195.0789220    0.98893620148
  11199.5785380    0.98999417112
  11204.0903460    0.99125210343
  11208.6143460    0.99208610007
  11213.1505380    0.99366949591
  11217.6989220    0.99455935030
  11222.2594980    0.99399296255
  11226.8322660    0.99402873849
  11231.4172260    0.99407535024
  11236.0143770    0.99385491624
  11240.6237210    0.99446448306
  11245.2452560    0.99527511103
  11249.8789830    0.99606988132
  11254.5249020    0.99688566500
  11259.1830130    0.99823958307
  11263.8533160    1.00031681294
  11268.5358110    1.00164996093
  11273.2304980    1.00261946920
  11277.9373770    1.00459421013
  11282.6564480    1.00576622834
  11287.3877100    1.00749992986
  11292.1311650    1.00869962861
  11296.8868110    1.01040231197
  11301.6546490    1.01230602517
  11306.4346790    1.01515250770
  11311.2269010    1.01828489912
  11316.0313150    1.02029625305
  11320.8479210    1.02362048091
  11325.6767190    1.02714710534
