#---------------------------------
#  energy flat
  8794.00000000    0.01143093467
  8799.00000000    0.00936610263
  8804.00000000    0.00735657566
  8809.00000000    0.00444956130
  8814.00000000    0.00085855339
  8819.00000000   -0.00116886640
  8824.00000000   -0.00242974168
  8829.00000000   -0.00288544024
  8834.00000000   -0.00243307839
  8839.00000000   -0.00208685347
  8844.00000000   -0.00101149630
  8849.00000000   -0.00041151872
  8854.00000000    0.00039625953
  8859.00000000    0.00075610738
  8864.00000000    0.00087765547
  8869.00000000    0.00156181062
  8874.00000000    0.00184866392
  8879.00000000    0.00268572132
  8884.00000000    0.00409697544
  8889.00000000    0.00411258992
  8894.00000000    0.00381487679
  8899.00000000    0.00164492446
  8904.00000000   -0.00089447386
  8909.00000000   -0.00238226258
  8914.00000000   -0.00368949652
  8919.00000000   -0.00386907640
  8924.00000000   -0.00213188836
  8929.00000000   -0.00013932104
  8934.00000000    0.00139962273
  8939.00000000    0.00163930406
  8944.00000000    0.00037354892
  8949.00000000   -0.00103128220
  8953.00000000   -0.00179249225
  8956.00000000   -0.00110287123
  8958.00000000   -0.00103595253
  8959.00000000   -0.00070380514
  8959.20000000   -0.00021616251
  8959.40000000    0.00011613795
  8959.60000000    0.00016947313
  8959.80000000    0.00079314183
  8960.00000000    0.00092170818
  8960.20000000    0.00125563526
  8960.40000000    0.00198584754
  8960.60000000    0.00252513535
  8960.80000000    0.00273218609
  8961.00000000    0.00290162126
  8961.20000000    0.00383556765
  8961.40000000    0.00355361587
  8961.60000000    0.00343839259
  8961.80000000    0.00320483274
  8962.00000000    0.00323092205
  8962.20000000    0.00376573666
  8962.40000000    0.00381236204
  8962.60000000    0.00386813716
  8962.80000000    0.00391171263
  8963.00000000    0.00317308738
  8963.20000000    0.00366560987
  8963.40000000    0.00405890856
  8963.60000000    0.00392619913
  8963.80000000    0.00460557955
  8964.00000000    0.00444440428
  8964.20000000    0.00437940288
  8964.40000000    0.00515007733
  8964.60000000    0.00593498470
  8964.80000000    0.00656048335
  8965.00000000    0.00724494696
  8965.20000000    0.00731414169
  8965.40000000    0.00819928949
  8965.60000000    0.00777317854
  8965.80000000    0.00746743745
  8966.00000000    0.00794328709
  8966.20000000    0.00772050359
  8966.40000000    0.00775736926
  8966.60000000    0.00818096374
  8966.80000000    0.00837276493
  8967.00000000    0.00860401164
  8967.20000000    0.00862278116
  8967.40000000    0.00888493364
  8967.60000000    0.00918836160
  8967.80000000    0.00955055119
  8968.00000000    0.00937981953
  8968.20000000    0.00940245227
  8968.40000000    0.00941613860
  8968.60000000    0.00956503770
  8968.80000000    0.01032005593
  8969.00000000    0.01104803161
  8969.20000000    0.01211637746
  8969.40000000    0.01280145105
  8969.60000000    0.01333362239
  8969.80000000    0.01378405610
  8970.00000000    0.01453765104
  8970.20000000    0.01455764053
  8970.40000000    0.01559833384
  8970.60000000    0.01653045028
  8970.80000000    0.01679585601
  8971.00000000    0.01663732399
  8971.20000000    0.01722988359
  8971.40000000    0.01814512386
  8971.60000000    0.01888468920
  8971.80000000    0.01916026130
  8972.00000000    0.01925161872
  8972.20000000    0.01990375326
  8972.40000000    0.02051034246
  8972.60000000    0.02139223702
  8972.80000000    0.02239043489
  8973.00000000    0.02346081401
  8973.20000000    0.02462757034
  8973.40000000    0.02521159019
  8973.60000000    0.02555853022
  8973.80000000    0.02587883436
  8974.00000000    0.02691444448
  8974.20000000    0.02827232862
  8974.40000000    0.02941061910
  8974.60000000    0.03105539828
  8974.80000000    0.03186958480
  8975.00000000    0.03388259000
  8975.20000000    0.03541614906
  8975.40000000    0.03818146584
  8975.60000000    0.04065643101
  8975.80000000    0.04320520405
  8976.00000000    0.04533186930
  8976.20000000    0.04814273143
  8976.40000000    0.05112093205
  8976.60000000    0.05550473537
  8976.80000000    0.05977752190
  8977.00000000    0.06521517142
  8977.20000000    0.07025185919
  8977.40000000    0.07553314990
  8977.60000000    0.08228144819
  8977.80000000    0.09014377760
  8978.00000000    0.10005544443
  8978.20000000    0.11164578273
  8978.40000000    0.12591496024
  8978.60000000    0.14242927951
  8978.80000000    0.16262809558
  8979.00000000    0.18825656801
  8979.20000000    0.21845848487
  8979.40000000    0.25577035617
  8979.60000000    0.29866458274
  8979.80000000    0.34769523190
  8980.00000000    0.40011209648
  8980.20000000    0.45430211241
  8980.40000000    0.50810481943
  8980.60000000    0.55844163653
  8980.80000000    0.60238261507
  8981.00000000    0.63667288913
  8981.20000000    0.65969905534
  8981.40000000    0.67155789754
  8981.60000000    0.67291876970
  8981.80000000    0.66601176732
  8982.00000000    0.65207474791
  8982.20000000    0.63475682929
  8982.40000000    0.61506204240
  8982.60000000    0.59622024386
  8982.80000000    0.57860982601
  8983.00000000    0.56475611584
  8983.20000000    0.55497162762
  8983.40000000    0.54887979888
  8983.60000000    0.54567504622
  8983.80000000    0.54619690869
  8984.00000000    0.55094923169
  8984.20000000    0.55814395357
  8984.40000000    0.56716336549
  8984.60000000    0.57622225239
  8984.80000000    0.58650743660
  8985.00000000    0.59753479542
  8985.20000000    0.60916504952
  8985.40000000    0.62118836496
  8985.60000000    0.63314623830
  8985.80000000    0.64385530373
  8986.00000000    0.65459733751
  8986.20000000    0.66566899437
  8986.40000000    0.67648448789
  8986.60000000    0.68772557501
  8986.80000000    0.69889268014
  8987.00000000    0.71105876225
  8987.20000000    0.72384868217
  8987.40000000    0.73702475006
  8987.60000000    0.74973848046
  8987.80000000    0.76103565758
  8988.00000000    0.77244347392
  8988.20000000    0.78285033826
  8988.40000000    0.79318810031
  8988.60000000    0.80493088409
  8988.80000000    0.81748172017
  8989.00000000    0.83104576594
  8989.20000000    0.84502544198
  8989.40000000    0.85826971155
  8989.60000000    0.87231918675
  8989.80000000    0.88610680508
  8990.00000000    0.90115081262
  8990.20000000    0.91628187317
  8990.40000000    0.93233179931
  8990.60000000    0.94877214296
  8990.80000000    0.96537680398
  8991.00000000    0.98294323263
  8991.20000000    0.99928016890
  8991.40000000    1.01623890924
  8991.60000000    1.03240307459
  8991.80000000    1.04803251741
  8992.00000000    1.06145242944
  8992.20000000    1.07377663844
  8992.40000000    1.08443237097
  8992.60000000    1.09307600359
  8992.80000000    1.10217064507
  8993.00000000    1.10996686598
  8993.20000000    1.11648398240
  8993.40000000    1.12117545010
  8993.60000000    1.12572136383
  8993.80000000    1.12928259116
  8994.00000000    1.13349673139
  8994.20000000    1.13812080818
  8994.40000000    1.14257838819
  8994.60000000    1.14651486831
  8994.80000000    1.14865985857
  8995.00000000    1.15081667016
  8995.20000000    1.15163459878
  8995.40000000    1.15206948676
  8995.60000000    1.15116569504
  8995.80000000    1.15084934459
  8996.00000000    1.14919716099
  8996.20000000    1.14620548432
  8996.40000000    1.14103253890
  8996.60000000    1.13525370582
  8996.80000000    1.12754308674
  8997.00000000    1.12033430793
  8997.20000000    1.11300600067
  8997.40000000    1.10546016112
  8997.60000000    1.09722527287
  8997.80000000    1.08909573628
  8998.00000000    1.08075009061
  8998.20000000    1.07449081594
  8998.40000000    1.06684873922
  8998.60000000    1.06045308775
  8998.80000000    1.05307742586
  8999.00000000    1.04599417676
  8999.20000000    1.04074374922
  8999.40000000    1.03557793376
  8999.60000000    1.02978162770
  8999.80000000    1.02282821291
  9000.00000000    1.01653848673
  9000.20000000    1.01174141516
  9000.40000000    1.00700597957
  9000.60000000    1.00235454595
  9000.80000000    0.99741299176
  9001.00000000    0.99371298269
  9001.20000000    0.99012340810
  9001.40000000    0.98741365904
  9001.60000000    0.98690231405
  9001.80000000    0.98677264230
  9002.00000000    0.98586445730
  9002.20000000    0.98479973772
  9002.40000000    0.98223428573
  9002.60000000    0.98095775399
  9002.80000000    0.97890494552
  9003.00000000    0.97785314558
  9003.20000000    0.97797904571
  9003.40000000    0.97800615613
  9003.60000000    0.98010906394
  9003.80000000    0.98177931831
  9004.00000000    0.98425762335
  9004.20000000    0.98578458657
  9004.40000000    0.98713122566
  9004.60000000    0.98878633980
  9004.80000000    0.99143168592
  9005.00000000    0.99365352821
  9005.20000000    0.99617205248
  9005.40000000    0.99755847671
  9005.60000000    0.99860069474
  9005.80000000    0.99971166462
  9006.00000000    1.00034626543
  9006.20000000    1.00106466427
  9006.40000000    1.00240181566
  9006.60000000    1.00404947516
  9006.80000000    1.00637546210
  9007.00000000    1.00891740985
  9007.20000000    1.01109197190
  9007.40000000    1.01308864943
  9007.60000000    1.01515977178
  9007.80000000    1.01790210501
  9008.00000000    1.02061599933
  9008.20000000    1.02252210058
  9008.40000000    1.02548939471
  9008.60000000    1.02810577251
  9008.80000000    1.03094075418
  9009.00000000    1.03441258426
  9009.22786000    1.03711291488
  9009.48358100    1.03862208861
  9009.76716200    1.04052831274
  9010.07860400    1.04136906637
  9010.41790500    1.04158538865
  9010.78506700    1.04242043783
  9011.18009000    1.04335066602
  9011.60297300    1.04243513340
  9012.05371600    1.03856776187
  9012.53231900    1.03597961715
  9013.03878300    1.03463758070
  9013.57310700    1.03214384173
  9014.13529200    1.02943474986
  9014.72533700    1.02688974680
  9015.34324200    1.02239568207
  9015.98900800    1.01582632016
  9016.66263400    1.00849295656
  9017.36412000    0.99739187057
  9018.09346700    0.98623626295
  9018.85067400    0.97771355330
  9019.63574100    0.96864028327
  9020.44866900    0.95814848649
  9021.28945700    0.95262777255
  9022.15810600    0.94642242589
  9023.05461400    0.94084151759
  9023.97898300    0.93621122579
  9024.93121300    0.93267839950
  9025.91130300    0.92832347413
  9026.91925300    0.92659716859
  9027.95506400    0.92563034098
  9029.01873400    0.92536835141
  9030.11026600    0.92681730888
  9031.23272300    0.93020756166
  9032.36737300    0.93599301614
  9033.51421400    0.94236876031
  9034.67324800    0.95051675337
  9035.84447300    0.95901982875
  9037.02789000    0.96703622978
  9038.22349900    0.97415301961
  9039.43130000    0.98246286564
  9040.65129300    0.99027125804
  9041.88347800    0.99752189625
  9043.12785500    1.00568709548
  9044.38442300    1.01233121947
  9045.65318400    1.01778326848
  9046.93413600    1.02022226732
  9048.22728000    1.02033202478
  9049.53261700    1.01809283659
  9050.85014500    1.01627181130
  9052.17986500    1.01506538154
  9053.52177700    1.01339328900
  9054.87588100    1.01258856882
  9056.24217700    1.01139325426
  9057.62066400    1.01008775623
  9059.01134400    1.00927841261
  9060.41421500    1.00774141977
  9061.82927900    1.00690415153
  9063.25653400    1.00688862837
  9064.69598100    1.00669185295
  9066.14762000    1.00792704439
  9067.61145200    1.01042688083
  9069.08747500    1.01354907403
  9070.57568900    1.01581484190
  9072.07609600    1.01643040775
  9073.58869500    1.01759945481
  9075.11348500    1.01907109701
  9076.65046800    1.02004647376
  9078.19964200    1.02077590292
  9079.76100900    1.02104244652
  9081.33456700    1.02071172630
  9082.92031700    1.01985248106
  9084.51825900    1.01909199207
  9086.12839300    1.01676034668
  9087.75071900    1.01234029527
  9089.38523700    1.00752150407
  9091.03194600    1.00215596767
  9092.69084800    0.99694964887
  9094.36194200    0.99163051179
  9096.04522700    0.98657289812
  9097.74070400    0.98154400892
  9099.44837400    0.97755479886
  9101.16823500    0.97423909208
  9102.90028800    0.97225689923
  9104.64453300    0.97167715986
  9106.40097000    0.97231221380
  9108.16959800    0.97349434656
  9109.95041900    0.97574469207
  9111.74343200    0.97932738459
  9113.54863600    0.98249524270
  9115.36603200    0.98544814371
  9117.19562100    0.98802810806
  9119.03740100    0.98994825280
  9120.89137300    0.99186065386
  9122.75753700    0.99374071512
  9124.63589300    0.99556221324
  9126.52644100    0.99750692829
  9128.42918100    0.99954558584
  9130.34411200    1.00076484532
  9132.27123600    1.00120720117
  9134.21055200    1.00229269743
  9136.16205900    1.00402723503
  9138.12575800    1.00571604334
  9140.10164900    1.00680952913
  9142.08973300    1.00770458550
  9144.09000800    1.00840243635
  9146.10247500    1.00800640410
  9148.12713300    1.00707116627
  9150.16398400    1.00602858319
  9152.21302700    1.00536663947
  9154.27426100    1.00466444521
  9156.34768800    1.00288461421
  9158.43330600    1.00216208332
  9160.53111700    1.00174208988
  9162.64111900    1.00045712456
  9164.76331300    0.99998747482
  9166.89769900    1.00030629220
  9169.04427700    1.00076291871
  9171.20304700    1.00189616108
  9173.37400800    1.00218837348
  9175.55716200    1.00271758076
  9177.75250800    1.00337397452
  9179.96004500    1.00400098008
  9182.17977500    1.00495277369
  9184.41169600    1.00561854739
  9186.65580900    1.00610319820
  9188.91211400    1.00645184606
  9191.18061100    1.00662136578
  9193.46130000    1.00641125563
  9195.75418100    1.00566208499
  9198.05925400    1.00497405350
  9200.37651800    1.00444188987
  9202.70597500    1.00412574937
  9205.04762300    1.00367019367
  9207.40146400    1.00290764902
  9209.76749600    1.00255909030
  9212.14572000    1.00238008583
  9214.53613600    1.00210505885
  9216.93874400    1.00109390224
  9219.35354400    0.99999682364
  9221.78053600    0.99981049941
  9224.21972000    0.99930923557
  9226.67109600    0.99892811549
  9229.13466300    0.99873135414
  9231.61042300    0.99891572803
  9234.09837400    0.99855199374
  9236.59851700    0.99851319438
  9239.11085200    0.99886923045
  9241.63538000    0.99895314011
  9244.17209900    0.99896820827
  9246.72100900    0.99946215065
  9249.28211200    1.00072485787
  9251.85540700    1.00209953309
  9254.44089400    1.00314449617
  9257.03857200    1.00411385424
  9259.64844300    1.00520477454
  9262.27050500    1.00575354315
  9264.90475900    1.00550593943
  9267.55120500    1.00595473283
  9270.20984400    1.00589331369
  9272.88067400    1.00528583680
  9275.56369600    1.00502606179
  9278.25890900    1.00524364643
  9280.96631500    1.00558066094
  9283.68591300    1.00558239653
  9286.41770200    1.00603810008
  9289.16168400    1.00628687862
  9291.91785700    1.00650880859
  9294.68622200    1.00618898475
  9297.46678000    1.00588444234
  9300.25952900    1.00543650876
  9303.06447000    1.00576576501
  9305.88160200    1.00541427006
  9308.71092700    1.00440145157
  9311.55244400    1.00389147547
  9314.40615300    1.00335356585
  9317.27205300    1.00274981279
  9320.15014600    1.00266203974
  9323.04043000    1.00212475507
  9325.94290600    1.00192839435
  9328.85757400    1.00155274447
  9331.78443500    1.00180328300
  9334.72348700    1.00139853907
  9337.67473000    1.00067267514
  9340.63816600    1.00062350785
  9343.61379400    1.00037987234
  9346.60161400    0.99993555429
  9349.60162500    0.99977191860
  9352.61382900    0.99950780611
  9355.63822400    0.99964369214
  9358.67481100    0.99954954232
  9361.72359000    0.99896619145
  9364.78456100    0.99826966691
  9367.85772400    0.99825891475
  9370.94307900    0.99836204494
  9374.04062600    0.99793600034
  9377.15036500    0.99730434004
  9380.27229500    0.99730544802
  9383.40641800    0.99754553457
  9386.55273200    0.99777965211
  9389.71123900    0.99739603875
  9392.88193700    0.99727576917
  9396.06482700    0.99721901986
  9399.25990900    0.99765994194
  9402.46718300    0.99818765489
  9405.68664900    0.99823512001
  9408.91830700    0.99941496614
  9412.16215700    1.00047208891
  9415.41819800    1.00061497002
  9418.68643200    1.00062420940
  9421.96685700    1.00046466344
  9425.25947400    1.00033297211
  9428.56428400    0.99987963495
  9431.88128500    0.99914351074
  9435.21047800    0.99849975213
  9438.55186300    0.99820476775
  9441.90544000    0.99752475852
  9445.27120900    0.99663520265
  9448.64916900    0.99622274273
  9452.03932200    0.99642218071
  9455.44166600    0.99625937654
  9458.85620300    0.99588051211
  9462.28293100    0.99601898494
  9465.72185100    0.99611786640
  9469.17296400    0.99679220402
  9472.63626800    0.99792466341
  9476.11176400    0.99830806479
  9479.59945100    0.99873353181
  9483.09933100    0.99889664951
  9486.61140300    0.99839256261
  9490.13566600    0.99803759705
  9493.67212200    0.99773797468
  9497.22076900    0.99736332407
  9500.78160900    0.99834034267
  9504.35464000    0.99924386266
  9507.93986300    0.99981051873
  9511.53727800    1.00041701905
  9515.14688500    1.00159785019
  9518.76868400    1.00220597692
  9522.40267500    1.00257580409
  9526.04885700    1.00279408224
  9529.70723200    1.00151693909
  9533.37779900    1.00027514905
  9537.06055700    0.99911234563
  9540.75550700    0.99811729241
  9544.46265000    0.99805216949
  9548.18198400    0.99862714381
  9551.91351000    0.99913473657
  9555.65722800    1.00012077769
  9559.41313800    1.00077042564
  9563.18123900    1.00099471613
  9566.96153300    1.00055705782
  9570.75401900    1.00005206490
  9574.55869600    0.99889586138
  9578.37556500    0.99788190238
  9582.20462700    0.99675731559
  9586.04588000    0.99638915912
  9589.89932500    0.99642248151
  9593.76496200    0.99546251260
  9597.64279100    0.99526280008
  9601.53281200    0.99503854716
  9605.43502500    0.99462835447
  9609.34942900    0.99412253983
  9613.27602600    0.99375129847
  9617.21481400    0.99355858266
  9621.16579500    0.99402955082
  9625.12896700    0.99388407739
  9629.10433100    0.99377566881
  9633.09188800    0.99374459102
  9637.09163600    0.99346715634
  9641.10357500    0.99356757985
  9645.12770700    0.99360097098
  9649.16403100    0.99436558560
  9653.21254700    0.99592850656
  9657.27325400    0.99819984531
  9661.34615400    1.00143739067
  9665.43124500    1.00387420147
  9669.52852900    1.00523574485
  9673.63800400    1.00599411112
  9677.75967100    1.00481867658
  9681.89353000    1.00297083310
  9686.03958100    1.00151880607
  9690.19782400    1.00217902342
  9694.36825800    1.00266317256
  9698.55088500    1.00213224592
  9702.74570400    1.00223799929
  9706.95271400    1.00258752199
  9711.17191600    1.00270330840
  9715.40331100    1.00209402093
  9719.64689700    1.00186891765
  9723.90267500    1.00097912560
  9728.17064500    1.00040985640
  9732.45080700    1.00063393062
  9736.74316100    1.00163455042
  9741.04770700    1.00275443051
  9745.36444400    1.00317606018
  9749.69337400    1.00273906918
  9754.03449500    1.00236804692
  9758.38780900    1.00138737909
  9762.75331400    1.00085461897
  9767.13101100    1.00033976201
  9771.52090000    1.00024074944
  9775.92298100    1.00012797337
  9780.33725400    0.99927333488
  9784.76371900    0.99892832468
  9789.20237600    0.99896139368
  9793.65322400    0.99971636852
  9798.11626500    1.00091040600
  9802.59149700    1.00164743146
  9807.07892200    1.00226555040
  9811.57853800    1.00357540545
  9816.09034600    1.00413597608
  9820.61434600    1.00411862437
  9825.15053800    1.00371666488
  9829.69892200    1.00296562316
  9834.25949800    1.00283185084
  9838.83226600    1.00311947279
  9843.41722600    1.00258506377
  9848.01437700    1.00278297998
  9852.62372100    1.00461488088
  9857.24525600    1.00508260936
  9861.87898300    1.00608574428
  9866.52490200    1.00622182213
  9871.18301300    1.00694837596
  9875.85331600    1.00707723454
  9880.53581100    1.00760070273
  9885.23049800    1.00578083237
  9889.93737700    1.00502056345
  9894.65644800    1.00285927117
  9899.38771000    1.00093052752
  9904.13116500    0.99840843910
  9908.88681100    0.99521373473
  9913.65464900    0.99308568736
  9918.43467900    0.99009065773
  9923.22690100    0.98874014341
  9928.03131500    0.98658078410
  9932.84792100    0.98378864204
  9937.67671900    0.98158853427
