#---------------------------------
#  energy flat
  10182.0000000    0.00577163644
  10187.0000000    0.00512744108
  10192.0000000    0.00476484053
  10197.0000000    0.00433496433
  10202.0000000    0.00364457388
  10207.0000000    0.00304136851
  10212.0000000    0.00245807258
  10217.0000000    0.00199254158
  10222.0000000    0.00142238847
  10227.0000000    0.00084833156
  10232.0000000    0.00038032815
  10237.0000000   -0.00009262009
  10242.0000000   -0.00031910780
  10247.0000000   -0.00047688844
  10252.0000000   -0.00055932556
  10257.0000000   -0.00073142018
  10262.0000000   -0.00052250295
  10267.0000000   -0.00065686074
  10272.0000000   -0.00050571989
  10277.0000000   -0.00035197651
  10282.0000000   -0.00013538178
  10287.0000000   -0.00010603981
  10292.0000000    0.00008856346
  10297.0000000   -5.58508990e-6
  10302.0000000    0.00002661968
  10307.0000000    0.00027978009
  10312.0000000    0.00043976957
  10317.0000000    0.00097764786
  10322.0000000    0.00209836497
  10327.0000000    0.00347985658
  10332.0000000    0.00457363740
  10337.0000000    0.00599013318
  10341.0000000    0.00727864938
  10344.0000000    0.00883399133
  10346.0000000    0.01032368454
  10347.0000000    0.01125636947
  10347.2000000    0.01193608778
  10347.4000000    0.01264963911
  10347.6000000    0.01276955107
  10347.8000000    0.01312369163
  10348.0000000    0.01320964044
  10348.2000000    0.01349312204
  10348.4000000    0.01382006606
  10348.6000000    0.01392592431
  10348.8000000    0.01422033657
  10349.0000000    0.01439138845
  10349.2000000    0.01473329707
  10349.4000000    0.01503681823
  10349.6000000    0.01517273581
  10349.8000000    0.01530670149
  10350.0000000    0.01550286787
  10350.2000000    0.01580261534
  10350.4000000    0.01595362766
  10350.6000000    0.01623333558
  10350.8000000    0.01641219507
  10351.0000000    0.01679092963
  10351.2000000    0.01699594465
  10351.4000000    0.01727148850
  10351.6000000    0.01753232800
  10351.8000000    0.01786864116
  10352.0000000    0.01809408612
  10352.2000000    0.01832968099
  10352.4000000    0.01855252340
  10352.6000000    0.01881804748
  10352.8000000    0.01887302607
  10353.0000000    0.01906021369
  10353.2000000    0.01957831426
  10353.4000000    0.02001638674
  10353.6000000    0.02069519416
  10353.8000000    0.02108551002
  10354.0000000    0.02153620481
  10354.2000000    0.02179821546
  10354.4000000    0.02221286507
  10354.6000000    0.02265640288
  10354.8000000    0.02312193215
  10355.0000000    0.02369130276
  10355.2000000    0.02412078685
  10355.4000000    0.02459100070
  10355.6000000    0.02487018810
  10355.8000000    0.02555446086
  10356.0000000    0.02609051896
  10356.2000000    0.02667029974
  10356.4000000    0.02703732287
  10356.6000000    0.02762894520
  10356.8000000    0.02809213218
  10357.0000000    0.02866553673
  10357.2000000    0.02922059338
  10357.4000000    0.02984787051
  10357.6000000    0.03042335709
  10357.8000000    0.03116436522
  10358.0000000    0.03162221699
  10358.2000000    0.03251976790
  10358.4000000    0.03339923115
  10358.6000000    0.03390197674
  10358.8000000    0.03472600589
  10359.0000000    0.03568406585
  10359.2000000    0.03634686765
  10359.4000000    0.03740720743
  10359.6000000    0.03831230570
  10359.8000000    0.03927882391
  10360.0000000    0.03999575854
  10360.2000000    0.04099233609
  10360.4000000    0.04208494736
  10360.6000000    0.04316324467
  10360.8000000    0.04450205622
  10361.0000000    0.04574223151
  10361.2000000    0.04713244323
  10361.4000000    0.04864770700
  10361.6000000    0.05004858913
  10361.8000000    0.05165702383
  10362.0000000    0.05318920410
  10362.2000000    0.05464682161
  10362.4000000    0.05618407683
  10362.6000000    0.05760864208
  10362.8000000    0.05946522896
  10363.0000000    0.06153145044
  10363.2000000    0.06369214411
  10363.4000000    0.06582798353
  10363.6000000    0.06812387916
  10363.8000000    0.07042706190
  10364.0000000    0.07329603683
  10364.2000000    0.07586402801
  10364.4000000    0.07864438645
  10364.6000000    0.08170998327
  10364.8000000    0.08491195319
  10365.0000000    0.08826643195
  10365.2000000    0.09215052759
  10365.4000000    0.09613924534
  10365.6000000    0.10031846901
  10365.8000000    0.10461220444
  10366.0000000    0.10929319782
  10366.2000000    0.11455234545
  10366.4000000    0.12062582784
  10366.6000000    0.12705364605
  10366.8000000    0.13447940820
  10367.0000000    0.14250739810
  10367.2000000    0.15128504964
  10367.4000000    0.16107925329
  10367.6000000    0.17203392951
  10367.8000000    0.18454973932
  10368.0000000    0.19851073959
  10368.2000000    0.21444017095
  10368.4000000    0.23221428264
  10368.6000000    0.25259223557
  10368.8000000    0.27518286797
  10369.0000000    0.30050291416
  10369.2000000    0.32851736998
  10369.4000000    0.35937718275
  10369.6000000    0.39312945843
  10369.8000000    0.43021727946
  10370.0000000    0.47019053655
  10370.2000000    0.51349192174
  10370.4000000    0.56027953935
  10370.6000000    0.61080284282
  10370.8000000    0.66544687795
  10371.0000000    0.72465043297
  10371.2000000    0.78899101150
  10371.4000000    0.86114857907
  10371.6000000    0.94524881216
  10371.8000000    1.03291491539
  10372.0000000    1.09916367622
  10372.2000000    1.18089416655
  10372.4000000    1.27846163307
  10372.6000000    1.37618290971
  10372.8000000    1.47333221244
  10373.0000000    1.56876057512
  10373.2000000    1.66001770575
  10373.4000000    1.74049445369
  10373.6000000    1.81292530717
  10373.8000000    1.87731078612
  10374.0000000    1.93289068827
  10374.2000000    1.98007022851
  10374.4000000    2.02013844447
  10374.6000000    2.05379958296
  10374.8000000    2.08191768677
  10375.0000000    2.10584763759
  10375.2000000    2.12696695948
  10375.4000000    2.14576518977
  10375.6000000    2.16254318142
  10375.8000000    2.17696468590
  10376.0000000    2.18876528468
  10376.2000000    2.19838871023
  10376.4000000    2.20534073981
  10376.6000000    2.20828106487
  10376.8000000    2.20814842107
  10377.0000000    2.20438508361
  10377.2000000    2.19539621555
  10377.4000000    2.18139704629
  10377.6000000    2.16266032174
  10377.8000000    2.13973908114
  10378.0000000    2.11308122098
  10378.2000000    2.08227267677
  10378.4000000    2.04832479509
  10378.6000000    2.01266506868
  10378.8000000    1.97565290758
  10379.0000000    1.93743483456
  10379.2000000    1.89822685989
  10379.4000000    1.85838422975
  10379.6000000    1.81781429321
  10379.8000000    1.77641060599
  10380.0000000    1.73433712753
  10380.2000000    1.69159932285
  10380.4000000    1.64773393916
  10380.6000000    1.60327892101
  10380.8000000    1.55880370383
  10381.0000000    1.51458832031
  10381.2000000    1.47136746705
  10381.4000000    1.42949821198
  10381.6000000    1.38913098153
  10381.8000000    1.35038497153
  10382.0000000    1.31296427259
  10382.2000000    1.27732328784
  10382.4000000    1.24406242273
  10382.6000000    1.21291231390
  10382.8000000    1.18393750380
  10383.0000000    1.15713851256
  10383.2000000    1.13271963902
  10383.4000000    1.11057860293
  10383.6000000    1.09148965948
  10383.8000000    1.07463795278
  10384.0000000    1.05812362827
  10384.2000000    1.03988989822
  10384.4000000    1.02874896232
  10384.6000000    1.01915975235
  10384.8000000    1.01084483704
  10385.0000000    1.00336152384
  10385.2000000    0.99636966037
  10385.4000000    0.99052742846
  10385.6000000    0.98505744897
  10385.8000000    0.98054867622
  10386.0000000    0.97682699972
  10386.2000000    0.97354289806
  10386.4000000    0.97077861080
  10386.6000000    0.96906765837
  10386.8000000    0.96756135188
  10387.0000000    0.96664070273
  10387.2000000    0.96637337656
  10387.4000000    0.96723173378
  10387.6000000    0.96943204496
  10387.8000000    0.97243220080
  10388.0000000    0.97555215685
  10388.2000000    0.97916199396
  10388.4000000    0.98307172625
  10388.6000000    0.98750256905
  10388.8000000    0.99182236502
  10389.0000000    0.99586741380
  10389.2000000    1.00047781496
  10389.4000000    1.00488477777
  10389.6000000    1.00967309225
  10389.8000000    1.01473084884
  10390.0000000    1.02027770148
  10390.2000000    1.02606354554
  10390.4000000    1.03108223856
  10390.6000000    1.03486688460
  10390.8000000    1.04046063286
  10391.0000000    1.04656429519
  10391.2000000    1.05235260555
  10391.4000000    1.05776284233
  10391.6000000    1.06275518614
  10391.8000000    1.06716047139
  10392.0000000    1.07081369668
  10392.2000000    1.07405189039
  10392.4000000    1.07721260150
  10392.6000000    1.07998977077
  10392.8000000    1.08225275033
  10393.0000000    1.08408351967
  10393.2000000    1.08534076038
  10393.4000000    1.08605856526
  10393.6000000    1.08650837887
  10393.8000000    1.08715423344
  10394.0000000    1.08803542702
  10394.2000000    1.08858668741
  10394.4000000    1.08884939448
  10394.6000000    1.08897787827
  10394.8000000    1.08873869071
  10395.0000000    1.08806728827
  10395.2000000    1.08699776369
  10395.4000000    1.08528365591
  10395.6000000    1.08310870394
  10395.8000000    1.08039352973
  10396.0000000    1.07690416461
  10396.2000000    1.07289487616
  10396.4000000    1.06815459783
  10396.6000000    1.06267682294
  10396.8000000    1.05633168425
  10397.0000000    1.04886048884
  10397.2278600    1.04013425994
  10397.4835810    1.03068392917
  10397.7671620    1.01899799354
  10398.0786040    1.00205238149
  10398.4179050    0.98705156499
  10398.7850670    0.97093718208
  10399.1800900    0.95397851603
  10399.6029730    0.93572736484
  10400.0537160    0.91631904536
  10400.5323190    0.89626497311
  10401.0387830    0.87686360039
  10401.5731070    0.85737120280
  10402.1352920    0.84099629856
  10402.7253370    0.82829363157
  10403.3432420    0.81972688412
  10403.9890080    0.81601325306
  10404.6626340    0.81721074604
  10405.3641200    0.82314603137
  10406.0934670    0.83126187619
  10406.8506740    0.84156874696
  10407.6357410    0.85303325590
  10408.4486690    0.86494683663
  10409.2894570    0.87835688806
  10410.1581060    0.89447765250
  10411.0546140    0.91647114644
  10411.9789830    0.94416034192
  10412.9312130    0.97004365198
  10413.9113030    0.99131579891
  10414.9192530    1.02357434611
  10415.9550640    1.05380116897
  10417.0187340    1.08062063453
  10418.1102660    1.10482243218
  10419.2327230    1.12475321428
  10420.3673730    1.14045243170
  10421.5142140    1.15314401138
  10422.6732480    1.16346630004
  10423.8444730    1.17126335928
  10425.0278900    1.17650859048
  10426.2234990    1.17927637611
  10427.4313000    1.17992347452
  10428.6512930    1.17867027119
  10429.8834780    1.17549381388
  10431.1278550    1.16961537284
  10432.3844230    1.16174591402
  10433.6531840    1.15176410412
  10434.9341360    1.14047043759
  10436.2272800    1.12875623070
  10437.5326170    1.11722235507
  10438.8501450    1.10641841819
  10440.1798650    1.09599692417
  10441.5217770    1.08613791326
  10442.8758810    1.07711927979
  10444.2421770    1.06881344102
  10445.6206640    1.06141526914
  10447.0113440    1.05456268511
  10448.4142150    1.04749829062
  10449.8292790    1.04020015475
  10451.2565340    1.03232025443
  10452.6959810    1.02435274025
  10454.1476200    1.01692709459
  10455.6114520    1.00996984933
  10457.0874750    1.00420521810
  10458.5756890    0.99908762843
  10460.0760960    0.99499774541
  10461.5886950    0.99144776912
  10463.1134850    0.98816538673
  10464.6504680    0.98528947799
  10466.1996420    0.98283868921
  10467.7610090    0.98035955510
  10469.3345670    0.97900516192
  10470.9203170    0.97837408941
  10472.5182590    0.97845998106
  10474.1283930    0.97944516049
  10475.7507190    0.98086365383
  10477.3852370    0.98211909620
  10479.0319460    0.98328891754
  10480.6908480    0.98472094181
  10482.3619420    0.98594917916
  10484.0452270    0.98595771835
  10485.7407040    0.98498896781
  10487.4483740    0.98447339028
  10489.1682350    0.98419013689
  10490.9002880    0.98427047185
  10492.6445330    0.98552934323
  10494.4009700    0.98883530544
  10496.1695980    0.99371009437
  10497.9504190    0.99949976449
  10499.7434320    1.00628922922
  10501.5486360    1.01291443765
  10503.3660320    1.01900510411
  10505.1956210    1.02430492783
  10507.0374010    1.02815811628
  10508.8913730    1.03060296342
  10510.7575370    1.03232683135
  10512.6358930    1.03403685495
  10514.5264410    1.03529868795
  10516.4291810    1.03608943864
  10518.3441120    1.03618971815
  10520.2712360    1.03569008854
  10522.2105520    1.03341263069
  10524.1620590    1.02886987198
  10526.1257580    1.02287325710
  10528.1016490    1.01582146182
  10530.0897330    1.00797157459
  10532.0900080    0.99979070500
  10534.1024750    0.99196430373
  10536.1271330    0.98462920064
  10538.1639840    0.97797296339
  10540.2130270    0.97246527023
  10542.2742610    0.96840662614
  10544.3476880    0.96551585631
  10546.4333060    0.96380821157
  10548.5311170    0.96286456541
  10550.6411190    0.96227307457
  10552.7633130    0.96268814404
  10554.8976990    0.96352692366
  10557.0442770    0.96472185728
  10559.2030470    0.96692680394
  10561.3740080    0.96983189383
  10563.5571620    0.97304474455
  10565.7525080    0.97574068560
  10567.9600450    0.97805589508
  10570.1797750    0.98044300720
  10572.4116960    0.98194849884
  10574.6558090    0.98266921912
  10576.9121140    0.98349370153
  10579.1806110    0.98491228129
  10581.4613000    0.98597868168
  10583.7541810    0.98652815931
  10586.0592540    0.98693728916
  10588.3765180    0.98651117131
  10590.7059750    0.98583013842
  10593.0476230    0.98457690031
  10595.4014640    0.98238340389
  10597.7674960    0.97942057579
  10600.1457200    0.97575080365
  10602.5361360    0.97193849624
  10604.9387440    0.96821388610
  10607.3535440    0.96588282496
  10609.7805360    0.96551047206
  10612.2197200    0.96686195548
  10614.6710960    0.96904915553
  10617.1346630    0.97135805290
  10619.6104230    0.97404978768
  10622.0983740    0.97665808261
  10624.5985170    0.97919525541
  10627.1108520    0.98148154651
  10629.6353800    0.98404299436
  10632.1720990    0.98604111754
  10634.7210090    0.98744603225
  10637.2821120    0.98888654585
  10639.8554070    0.98992805979
  10642.4408940    0.99084854012
  10645.0385720    0.99207168547
  10647.6484430    0.99290833640
  10650.2705050    0.99361352745
  10652.9047590    0.99458568120
  10655.5512050    0.99551505943
  10658.2098440    0.99458712496
  10660.8806740    0.99265025124
  10663.5636960    0.99040575653
  10666.2589090    0.98774451945
  10668.9663150    0.98387762359
  10671.6859130    0.98055726472
  10674.4177020    0.97705358638
  10677.1616840    0.97378730382
  10679.9178570    0.97202963513
  10682.6862220    0.97143639048
  10685.4667800    0.97188198432
  10688.2595290    0.97348910560
  10691.0644700    0.97583103626
  10693.8816020    0.97857083785
  10696.7109270    0.98178900893
  10699.5524440    0.98439203457
  10702.4061530    0.98704596823
  10705.2720530    0.98919522265
  10708.1501460    0.99147043828
  10711.0404300    0.99348647798
  10713.9429060    0.99554006002
  10716.8575740    0.99771708960
  10719.7844350    1.00013339218
  10722.7234870    1.00264010885
  10725.6747300    1.00435315434
  10728.6381660    1.00518168900
  10731.6137940    1.00644752604
  10734.6016140    1.00701827529
  10737.6016250    1.00699410359
  10740.6138290    1.00682677214
  10743.6382240    1.00615760644
  10746.6748110    1.00474633975
  10749.7235900    1.00309416298
  10752.7845610    1.00147219636
  10755.8577240    1.00041493124
  10758.9430790    0.99990693659
  10762.0406260    0.99977818512
  10765.1503650    0.99989638068
  10768.2722950    1.00062474659
  10771.4064180    1.00186689116
  10774.5527320    1.00318834990
  10777.7112390    1.00468609126
  10780.8819370    1.00683210690
  10784.0648270    1.00857902086
  10787.2599090    1.00935910192
  10790.4671830    1.00992956887
  10793.6866490    1.01082043563
  10796.9183070    1.01144392259
  10800.1621570    1.01190712567
  10803.4181980    1.01255162809
  10806.6864320    1.01293252252
  10809.9668570    1.01240580717
  10813.2594740    1.01303151701
  10816.5642840    1.01550751676
  10819.8812850    1.01706691031
  10823.2104780    1.01871283961
  10826.5518630    1.02011828859
  10829.9054400    1.01992303402
  10833.2712090    1.01926372971
  10836.6491690    1.01889445816
  10840.0393220    1.01774674323
  10843.4416660    1.01687838781
  10846.8562030    1.01596524654
  10850.2829310    1.01477244591
  10853.7218510    1.01409884304
  10857.1729640    1.01333324235
  10860.6362680    1.01282999637
  10864.1117640    1.01258587125
  10867.5994510    1.01288079572
  10871.0993310    1.01318114811
  10874.6114030    1.01380668701
  10878.1356660    1.01460715850
  10881.6721220    1.01468226189
  10885.2207690    1.01443922173
  10888.7816090    1.01428552851
  10892.3546400    1.01370764421
  10895.9398630    1.01328120065
  10899.5372780    1.01309568499
  10903.1468850    1.01283511857
  10906.7686840    1.01226082822
  10910.4026750    1.01254654991
  10914.0488570    1.01285400825
  10917.7072320    1.01286258273
  10921.3777990    1.01307693285
  10925.0605570    1.01354680702
  10928.7555070    1.01316357541
  10932.4626500    1.01240252841
  10936.1819840    1.01140871054
  10939.9135100    1.00994564768
  10943.6572280    1.00854957654
  10947.4131380    1.00769012522
  10951.1812390    1.00638081887
  10954.9615330    1.00468115938
  10958.7540190    1.00413255548
  10962.5586960    1.00418581487
  10966.3755650    1.00441512424
  10970.2046270    1.00392805543
  10974.0458800    1.00363810638
  10977.8993250    1.00335271526
  10981.7649620    1.00275077843
  10985.6427910    1.00226491127
  10989.5328120    1.00210913999
  10993.4350250    1.00243349330
  10997.3494290    1.00247817862
  11001.2760260    1.00179625278
  11005.2148140    1.00139900608
  11009.1657950    1.00141393133
  11013.1289670    1.00064490138
  11017.1043310    1.00014597295
  11021.0918880    1.00029587330
  11025.0916360    1.00060671861
  11029.1035750    1.00060314720
  11033.1277070    1.00050652902
  11037.1640310    1.00018198265
  11041.2125470    0.99928307433
  11045.2732540    0.99810311100
  11049.3461540    0.99677954132
  11053.4312450    0.99542825441
  11057.5285290    0.99493136152
  11061.6380040    0.99506103385
  11065.7596710    0.99451983633
  11069.8935300    0.99485625345
  11074.0395810    0.99484424417
  11078.1978240    0.99478446067
  11082.3682580    0.99409559940
  11086.5508850    0.99371315966
  11090.7457040    0.99309757023
  11094.9527140    0.99221446019
  11099.1719160    0.99196303613
  11103.4033110    0.99117509633
  11107.6468970    0.99096179705
  11111.9026750    0.99054333751
  11116.1706450    0.99093468221
  11120.4508070    0.99098657738
  11124.7431610    0.99083313645
  11129.0477070    0.99080371920
  11133.3644440    0.99110282227
  11137.6933740    0.99103868218
  11142.0344950    0.99080212081
  11146.3878090    0.99057933181
  11150.7533140    0.99076087463
  11155.1310110    0.99043479705
  11159.5209000    0.98930991833
  11163.9229810    0.99072800889
  11168.3372540    0.99006557196
  11172.7637190    0.98931535627
  11177.2023760    0.99041500597
  11181.6532240    0.98952641991
  11186.1162650    0.98955813058
  11190.5914970    0.98955553718
  11195.0789220    0.98958196341
  11199.5785380    0.98967062309
  11204.0903460    0.99016684938
  11208.6143460    0.99085520759
  11213.1505380    0.99143419928
  11217.6989220    0.99175569740
  11222.2594980    0.99323864712
  11226.8322660    0.99458762883
  11231.4172260    0.99383221001
  11236.0143770    0.99345655415
  11240.6237210    0.99328355314
  11245.2452560    0.99255478573
  11249.8789830    0.99404460776
  11254.5249020    0.99502179595
  11259.1830130    0.99703483877
  11263.8533160    0.99943343525
  11268.5358110    1.00149555258
  11273.2304980    1.00329042979
  11277.9373770    1.00489573542
  11282.6564480    1.00654955757
  11287.3877100    1.00835059351
  11292.1311650    1.00981779851
  11296.8868110    1.01139023710
  11301.6546490    1.01332178002
  11306.4346790    1.01609074932
  11311.2269010    1.01935682097
  11316.0313150    1.02201906357
  11320.8479210    1.02547614141
  11325.6767190    1.02951872811
