#---------------------------------
#  energy flat
  8794.00000000    0.00489031599
  8799.00000000    0.00333906738
  8804.00000000    0.00202539237
  8809.00000000    0.00038313561
  8814.00000000   -0.00143372980
  8819.00000000   -0.00239144127
  8824.00000000   -0.00295959024
  8829.00000000   -0.00333805072
  8834.00000000   -0.00267732515
  8839.00000000   -0.00190760144
  8844.00000000   -0.00097213180
  8849.00000000   -0.00019473589
  8854.00000000    0.00105846859
  8859.00000000    0.00135476474
  8864.00000000    0.00199869085
  8869.00000000    0.00168015288
  8874.00000000    0.00198782505
  8879.00000000    0.00263545497
  8884.00000000    0.00311310602
  8889.00000000    0.00260408589
  8894.00000000    0.00238885804
  8899.00000000    0.00092412008
  8904.00000000   -0.00086642175
  8909.00000000   -0.00201408627
  8914.00000000   -0.00279851187
  8919.00000000   -0.00295685962
  8924.00000000   -0.00201980262
  8929.00000000   -0.00110946604
  8934.00000000   -9.57324074e-6
  8939.00000000    0.00115632692
  8944.00000000    0.00266866652
  8949.00000000    0.00356220364
  8953.00000000    0.00510451962
  8956.00000000    0.00635960625
  8958.00000000    0.00717044802
  8959.00000000    0.00769141486
  8959.20000000    0.00882005838
  8959.40000000    0.00906600222
  8959.60000000    0.00899659226
  8959.80000000    0.00905985842
  8960.00000000    0.00970938636
  8960.20000000    0.00975003276
  8960.40000000    0.01045842499
  8960.60000000    0.01083982282
  8960.80000000    0.01078112748
  8961.00000000    0.01060298395
  8961.20000000    0.01048515977
  8961.40000000    0.01090333124
  8961.60000000    0.01092691361
  8961.80000000    0.01120301714
  8962.00000000    0.01087791132
  8962.20000000    0.01136619082
  8962.40000000    0.01132231076
  8962.60000000    0.01114152163
  8962.80000000    0.01158760404
  8963.00000000    0.01168565965
  8963.20000000    0.01185435240
  8963.40000000    0.01227913784
  8963.60000000    0.01262958232
  8963.80000000    0.01300820229
  8964.00000000    0.01318469952
  8964.20000000    0.01338619753
  8964.40000000    0.01379868099
  8964.60000000    0.01378218274
  8964.80000000    0.01448568064
  8965.00000000    0.01464154229
  8965.20000000    0.01542665650
  8965.40000000    0.01527854036
  8965.60000000    0.01573599879
  8965.80000000    0.01592903092
  8966.00000000    0.01621770098
  8966.20000000    0.01611905730
  8966.40000000    0.01630402039
  8966.60000000    0.01655684277
  8966.80000000    0.01678175421
  8967.00000000    0.01759940912
  8967.20000000    0.01791678379
  8967.40000000    0.01796920304
  8967.60000000    0.01819199802
  8967.80000000    0.01856294579
  8968.00000000    0.01872608281
  8968.20000000    0.01889212997
  8968.40000000    0.01961348556
  8968.60000000    0.01972886976
  8968.80000000    0.02019519089
  8969.00000000    0.02023663097
  8969.20000000    0.02057688995
  8969.40000000    0.02089995262
  8969.60000000    0.02107565617
  8969.80000000    0.02121445380
  8970.00000000    0.02168249457
  8970.20000000    0.02242818955
  8970.40000000    0.02270786462
  8970.60000000    0.02323357915
  8970.80000000    0.02397900957
  8971.00000000    0.02384319541
  8971.20000000    0.02411122990
  8971.40000000    0.02474038683
  8971.60000000    0.02543687392
  8971.80000000    0.02636881814
  8972.00000000    0.02680722835
  8972.20000000    0.02758638999
  8972.40000000    0.02797387267
  8972.60000000    0.02899113702
  8972.80000000    0.02997295053
  8973.00000000    0.03097592872
  8973.20000000    0.03124581512
  8973.40000000    0.03237220988
  8973.60000000    0.03336698676
  8973.80000000    0.03443676599
  8974.00000000    0.03581951800
  8974.20000000    0.03713970191
  8974.40000000    0.03843263629
  8974.60000000    0.03970956488
  8974.80000000    0.04143677215
  8975.00000000    0.04296873520
  8975.20000000    0.04495534214
  8975.40000000    0.04660185905
  8975.60000000    0.04846465259
  8975.80000000    0.05065258860
  8976.00000000    0.05356104988
  8976.20000000    0.05647149534
  8976.40000000    0.05961065168
  8976.60000000    0.06369044602
  8976.80000000    0.06825795407
  8977.00000000    0.07316793319
  8977.20000000    0.07818545537
  8977.40000000    0.08435565922
  8977.60000000    0.09075814550
  8977.80000000    0.09919349981
  8978.00000000    0.10868179723
  8978.20000000    0.12081277017
  8978.40000000    0.13490518034
  8978.60000000    0.15217123509
  8978.80000000    0.17338410683
  8979.00000000    0.19910743758
  8979.20000000    0.23071997434
  8979.40000000    0.26874673357
  8979.60000000    0.31428444282
  8979.80000000    0.36823220438
  8980.00000000    0.42989145135
  8980.20000000    0.49685456849
  8980.40000000    0.56590067550
  8980.60000000    0.63190665306
  8980.80000000    0.68792704498
  8981.00000000    0.73036755841
  8981.20000000    0.75542661891
  8981.40000000    0.76065653045
  8981.60000000    0.74781673968
  8981.80000000    0.71892172769
  8982.00000000    0.67947470938
  8982.20000000    0.63621941483
  8982.40000000    0.59269153685
  8982.60000000    0.55343870484
  8982.80000000    0.52079366382
  8983.00000000    0.49636836904
  8983.20000000    0.47918064668
  8983.40000000    0.46938883492
  8983.60000000    0.46599978077
  8983.80000000    0.46786371255
  8984.00000000    0.47430322795
  8984.20000000    0.48437292680
  8984.40000000    0.49707119020
  8984.60000000    0.51034081063
  8984.80000000    0.52385691004
  8985.00000000    0.53719963385
  8985.20000000    0.54882448901
  8985.40000000    0.55931271058
  8985.60000000    0.56822751224
  8985.80000000    0.57680253046
  8986.00000000    0.58554492387
  8986.20000000    0.59406142605
  8986.40000000    0.60324161506
  8986.60000000    0.61468646696
  8986.80000000    0.62737571146
  8987.00000000    0.64156438295
  8987.20000000    0.65813174167
  8987.40000000    0.67725080879
  8987.60000000    0.69736584755
  8987.80000000    0.71945400488
  8988.00000000    0.74226153761
  8988.20000000    0.76587112016
  8988.40000000    0.79025126994
  8988.60000000    0.81471439911
  8988.80000000    0.84021212470
  8989.00000000    0.86582722202
  8989.20000000    0.89048875790
  8989.40000000    0.91499173068
  8989.60000000    0.93943482058
  8989.80000000    0.96324737466
  8990.00000000    0.98726142947
  8990.20000000    1.00942057117
  8990.40000000    1.03014544772
  8990.60000000    1.04962125001
  8990.80000000    1.06625771637
  8991.00000000    1.08032681287
  8991.20000000    1.09101211165
  8991.40000000    1.09806201738
  8991.60000000    1.10203183838
  8991.80000000    1.10399197847
  8992.00000000    1.10209978713
  8992.20000000    1.10005247021
  8992.40000000    1.09757038916
  8992.60000000    1.09500514220
  8992.80000000    1.09170617969
  8993.00000000    1.08897433599
  8993.20000000    1.08657388928
  8993.40000000    1.08543661471
  8993.60000000    1.08462332925
  8993.80000000    1.08587271168
  8994.00000000    1.08936175155
  8994.20000000    1.09397057231
  8994.40000000    1.10333103387
  8994.60000000    1.11584626060
  8994.80000000    1.12654228671
  8995.00000000    1.13930574202
  8995.20000000    1.15602769104
  8995.40000000    1.17270430428
  8995.60000000    1.19063562241
  8995.80000000    1.20739246856
  8996.00000000    1.22307484572
  8996.20000000    1.23618720419
  8996.40000000    1.24773301449
  8996.60000000    1.25674531494
  8996.80000000    1.26327728168
  8997.00000000    1.26749320546
  8997.20000000    1.26866872480
  8997.40000000    1.26672367832
  8997.60000000    1.26099878595
  8997.80000000    1.25248032190
  8998.00000000    1.24179290885
  8998.20000000    1.22895056824
  8998.40000000    1.21337576863
  8998.60000000    1.19730244242
  8998.80000000    1.18096260736
  8999.00000000    1.16435150126
  8999.20000000    1.14865328816
  8999.40000000    1.13356055087
  8999.60000000    1.11654252202
  8999.80000000    1.09910506883
  9000.00000000    1.08900372560
  9000.20000000    1.07920970019
  9000.40000000    1.06997723326
  9000.60000000    1.06225900007
  9000.80000000    1.05563011946
  9001.00000000    1.05090992917
  9001.20000000    1.04818890812
  9001.40000000    1.04652046562
  9001.60000000    1.04600936675
  9001.80000000    1.04573970962
  9002.00000000    1.04486120287
  9002.20000000    1.04308600666
  9002.40000000    1.04207792970
  9002.60000000    1.04034671344
  9002.80000000    1.03837253157
  9003.00000000    1.03603977187
  9003.20000000    1.03369976799
  9003.40000000    1.03067604356
  9003.60000000    1.02780037058
  9003.80000000    1.02385816056
  9004.00000000    1.02133573478
  9004.20000000    1.01861584661
  9004.40000000    1.01704245343
  9004.60000000    1.01562769345
  9004.80000000    1.01494010288
  9005.00000000    1.01335873127
  9005.20000000    1.01131957101
  9005.40000000    1.00905146515
  9005.60000000    1.00523479542
  9005.80000000    1.00263843168
  9006.00000000    1.00000836619
  9006.20000000    0.99789223504
  9006.40000000    0.99589769779
  9006.60000000    0.99415332976
  9006.80000000    0.99278717717
  9007.00000000    0.99126932911
  9007.20000000    0.98929025190
  9007.40000000    0.98751319378
  9007.60000000    0.98510929261
  9007.80000000    0.98169837762
  9008.00000000    0.97994666993
  9008.20000000    0.97766150800
  9008.40000000    0.97650088028
  9008.60000000    0.97557295967
  9008.80000000    0.97466715746
  9009.00000000    0.97404618019
  9009.22786000    0.97287153710
  9009.48358100    0.97083482645
  9009.76716200    0.96953909593
  9010.07860400    0.96933206728
  9010.41790500    0.96943022581
  9010.78506700    0.97159431630
  9011.18009000    0.97675015027
  9011.60297300    0.98427667645
  9012.05371600    0.99510660256
  9012.53231900    1.01062107177
  9013.03878300    1.03433066557
  9013.57310700    1.06066288924
  9014.13529200    1.07899641629
  9014.72533700    1.09525701334
  9015.34324200    1.11001790407
  9015.98900800    1.11585153785
  9016.66263400    1.11249964932
  9017.36412000    1.10204003096
  9018.09346700    1.08476709149
  9018.85067400    1.05348374695
  9019.63574100    1.02529024213
  9020.44866900    0.99832776641
  9021.28945700    0.97308997577
  9022.15810600    0.95257589853
  9023.05461400    0.93496193870
  9023.97898300    0.92095473634
  9024.93121300    0.91308216390
  9025.91130300    0.90911031309
  9026.91925300    0.90973473677
  9027.95506400    0.91362262135
  9029.01873400    0.91839748248
  9030.11026600    0.92273021796
  9031.23272300    0.92831702234
  9032.36737300    0.93498084119
  9033.51421400    0.94352395062
  9034.67324800    0.95481634516
  9035.84447300    0.96856688087
  9037.02789000    0.98364840226
  9038.22349900    0.99706941204
  9039.43130000    1.00783265553
  9040.65129300    1.01553587032
  9041.88347800    1.01756614275
  9043.12785500    1.02157807710
  9044.38442300    1.02451562630
  9045.65318400    1.02793981280
  9046.93413600    1.03176558425
  9048.22728000    1.03625313062
  9049.53261700    1.04169915082
  9050.85014500    1.04668997895
  9052.17986500    1.04872513577
  9053.52177700    1.04912198869
  9054.87588100    1.04753594786
  9056.24217700    1.04352427193
  9057.62066400    1.03862047380
  9059.01134400    1.03345988325
  9060.41421500    1.02829025982
  9061.82927900    1.02355168822
  9063.25653400    1.01870830454
  9064.69598100    1.01423882009
  9066.14762000    1.01063623391
  9067.61145200    1.00859037386
  9069.08747500    1.00852466305
  9070.57568900    1.00978285612
  9072.07609600    1.01228200124
  9073.58869500    1.01420840998
  9075.11348500    1.01620376114
  9076.65046800    1.01730967626
  9078.19964200    1.01759876906
  9079.76100900    1.01593037844
  9081.33456700    1.01450522542
  9082.92031700    1.01344274152
  9084.51825900    1.01321184121
  9086.12839300    1.01430524822
  9087.75071900    1.01484127200
  9089.38523700    1.01542427775
  9091.03194600    1.01540330116
  9092.69084800    1.01434457322
  9094.36194200    1.01233630382
  9096.04522700    1.00953760329
  9097.74070400    1.00475726964
  9099.44837400    0.99909623506
  9101.16823500    0.99298689683
  9102.90028800    0.98753124258
  9104.64453300    0.98290160167
  9106.40097000    0.97879224462
  9108.16959800    0.97477653922
  9109.95041900    0.97249193165
  9111.74343200    0.97180756302
  9113.54863600    0.97228647851
  9115.36603200    0.97348457465
  9117.19562100    0.97581253499
  9119.03740100    0.97795638999
  9120.89137300    0.97984426489
  9122.75753700    0.98267548903
  9124.63589300    0.98677766945
  9126.52644100    0.99044501419
  9128.42918100    0.99373501221
  9130.34411200    0.99821842748
  9132.27123600    1.00241644967
  9134.21055200    1.00603020339
  9136.16205900    1.00874282124
  9138.12575800    1.00986228590
  9140.10164900    1.01080405342
  9142.08973300    1.01101843472
  9144.09000800    1.01076238346
  9146.10247500    1.01033014806
  9148.12713300    1.00926965887
  9150.16398400    1.00869370218
  9152.21302700    1.00772743920
  9154.27426100    1.00583572201
  9156.34768800    1.00453160713
  9158.43330600    1.00417044793
  9160.53111700    1.00295513939
  9162.64111900    1.00160056515
  9164.76331300    0.99995728793
  9166.89769900    0.99810973962
  9169.04427700    0.99530978379
  9171.20304700    0.99300379475
  9173.37400800    0.99193045200
  9175.55716200    0.99158129775
  9177.75250800    0.99250796335
  9179.96004500    0.99324005635
  9182.17977500    0.99349610233
  9184.41169600    0.99311156639
  9186.65580900    0.99263277431
  9188.91211400    0.99266134367
  9191.18061100    0.99254170701
  9193.46130000    0.99278446823
  9195.75418100    0.99365127878
  9198.05925400    0.99402120427
  9200.37651800    0.99488766127
  9202.70597500    0.99589348662
  9205.04762300    0.99742625381
  9207.40146400    0.99849596979
  9209.76749600    0.99856530545
  9212.14572000    0.99807552550
  9214.53613600    0.99613107903
  9216.93874400    0.99441744553
  9219.35354400    0.99246236182
  9221.78053600    0.98987822043
  9224.21972000    0.98766211041
  9226.67109600    0.98612088443
  9229.13466300    0.98428093043
  9231.61042300    0.98366076969
  9234.09837400    0.98470111583
  9236.59851700    0.98544127595
  9239.11085200    0.98751617135
  9241.63538000    0.99014185939
  9244.17209900    0.99229788428
  9246.72100900    0.99404027230
  9249.28211200    0.99553324765
  9251.85540700    0.99723416741
  9254.44089400    0.99885088937
  9257.03857200    1.00050636228
  9259.64844300    1.00273941256
  9262.27050500    1.00452427104
  9264.90475900    1.00496029632
  9267.55120500    1.00530828907
  9270.20984400    1.00580626166
  9272.88067400    1.00585410684
  9275.56369600    1.00569565084
  9278.25890900    1.00545461058
  9280.96631500    1.00501976657
  9283.68591300    1.00453281935
  9286.41770200    1.00317458948
  9289.16168400    1.00141667050
  9291.91785700    1.00045872477
  9294.68622200    0.99998633770
  9297.46678000    1.00000758839
  9300.25952900    0.99977815333
  9303.06447000    1.00045428955
  9305.88160200    1.00050195823
  9308.71092700    0.99938555638
  9311.55244400    0.99863833096
  9314.40615300    0.99818421439
  9317.27205300    0.99784634086
  9320.15014600    0.99835897615
  9323.04043000    0.99858834164
  9325.94290600    0.99918351084
  9328.85757400    1.00016364194
  9331.78443500    1.00023594252
  9334.72348700    0.99985423792
  9337.67473000    1.00035782460
  9340.63816600    1.00052400763
  9343.61379400    1.00125502856
  9346.60161400    1.00088399614
  9349.60162500    1.00056262494
  9352.61382900    1.00129923086
  9355.63822400    1.00121765169
  9358.67481100    1.00180293396
  9361.72359000    1.00168103872
  9364.78456100    1.00167614143
  9367.85772400    1.00206186849
  9370.94307900    1.00259621901
  9374.04062600    1.00179799711
  9377.15036500    1.00206945963
  9380.27229500    1.00247201689
  9383.40641800    1.00274037324
  9386.55273200    1.00222192358
  9389.71123900    1.00269799247
  9392.88193700    1.00327336981
  9396.06482700    1.00323749999
  9399.25990900    1.00482806752
  9402.46718300    1.00684349324
  9405.68664900    1.00748482263
  9408.91830700    1.00800240106
  9412.16215700    1.00734544139
  9415.41819800    1.00615871203
  9418.68643200    1.00654654396
  9421.96685700    1.00656817252
  9425.25947400    1.00627415845
  9428.56428400    1.00635264686
  9431.88128500    1.00695340951
  9435.21047800    1.00743465221
  9438.55186300    1.00697494555
  9441.90544000    1.00571664546
  9445.27120900    1.00406005102
  9448.64916900    1.00305733390
  9452.03932200    1.00389849440
  9455.44166600    1.00350329847
  9458.85620300    1.00248421258
  9462.28293100    1.00158704647
  9465.72185100    1.00217640614
  9469.17296400    1.00220779503
  9472.63626800    1.00123042161
  9476.11176400    1.00110599485
  9479.59945100    1.00171891577
  9483.09933100    1.00185380964
  9486.61140300    1.00145883493
  9490.13566600    1.00145889990
  9493.67212200    1.00173495924
  9497.22076900    1.00139228852
  9500.78160900    0.99998484761
  9504.35464000    1.00027543411
  9507.93986300    1.00120661473
  9511.53727800    1.00146116156
  9515.14688500    1.00101871306
  9518.76868400    1.00053855896
  9522.40267500    1.00002573618
  9526.04885700    0.99842572678
  9529.70723200    0.99701318203
  9533.37779900    0.99584817074
  9537.06055700    0.99558998783
  9540.75550700    0.99562698641
  9544.46265000    0.99514751440
  9548.18198400    0.99408889161
  9551.91351000    0.99374059278
  9555.65722800    0.99366823229
  9559.41313800    0.99278343741
  9563.18123900    0.99201827270
  9566.96153300    0.99243734317
  9570.75401900    0.99362955349
  9574.55869600    0.99503380580
  9578.37556500    0.99521516405
  9582.20462700    0.99529829877
  9586.04588000    0.99591951331
  9589.89932500    0.99699418633
  9593.76496200    0.99759190741
  9597.64279100    0.99833946087
  9601.53281200    0.99806992718
  9605.43502500    0.99857045105
  9609.34942900    0.99923022371
  9613.27602600    1.00025221671
  9617.21481400    1.00101531276
  9621.16579500    1.00150317216
  9625.12896700    1.00187486895
  9629.10433100    1.00150955740
  9633.09188800    1.00016550863
  9637.09163600    0.99977567538
  9641.10357500    0.99892793302
  9645.12770700    0.99869304041
  9649.16403100    0.99874595609
  9653.21254700    0.99898069665
  9657.27325400    1.00056301915
  9661.34615400    1.00181785088
  9665.43124500    1.00218154308
  9669.52852900    1.00185184522
  9673.63800400    1.00253238793
  9677.75967100    1.00261796876
  9681.89353000    1.00165316537
  9686.03958100    1.00156623508
  9690.19782400    1.00170282157
  9694.36825800    1.00178028259
  9698.55088500    1.00134242732
  9702.74570400    1.00086220807
  9706.95271400    1.00028717188
  9711.17191600    1.00019663602
  9715.40331100    0.99926034245
  9719.64689700    0.99856029256
  9723.90267500    0.99828031454
  9728.17064500    0.99887991762
  9732.45080700    0.99967996036
  9736.74316100    1.00039153476
  9741.04770700    1.00070060959
  9745.36444400    1.00052968102
  9749.69337400    1.00173993488
  9754.03449500    1.00247261733
  9758.38780900    1.00108856117
  9762.75331400    1.00097390808
  9767.13101100    0.99960297946
  9771.52090000    0.99891400698
  9775.92298100    0.99765941989
  9780.33725400    0.99660415659
  9784.76371900    0.99770764982
  9789.20237600    0.99892101814
  9793.65322400    0.99896526042
  9798.11626500    0.99997630489
  9802.59149700    1.00075666321
  9807.07892200    1.00108401578
  9811.57853800    1.00059637814
  9816.09034600    1.00130116076
  9820.61434600    1.00110539754
  9825.15053800    1.00100591686
  9829.69892200    1.00018151588
  9834.25949800    1.00067564755
  9838.83226600    1.00047239404
  9843.41722600    0.99919691051
  9848.01437700    0.99879560753
  9852.62372100    0.99916272565
  9857.24525600    0.99950520753
  9861.87898300    0.99877576642
  9866.52490200    0.99881664411
  9871.18301300    0.99767659525
  9875.85331600    0.99835851671
  9880.53581100    0.99889294591
  9885.23049800    1.00036609088
  9889.93737700    1.00203131743
  9894.65644800    1.00243643357
  9899.38771000    1.00289231919
  9904.13116500    1.00190554785
  9908.88681100    1.00098334553
  9913.65464900    1.00010406939
  9918.43467900    0.99886275497
  9923.22690100    0.99956010031
  9928.03131500    1.00065702286
  9932.84792100    1.00027741522
  9937.67671900    1.00168053960
