#---------------------------------
#  energy flat
  8794.00000000    0.00372145224
  8799.00000000    0.00241139430
  8804.00000000    0.00142369816
  8809.00000000   -0.00033108369
  8814.00000000   -0.00201526180
  8819.00000000   -0.00288059583
  8824.00000000   -0.00355774170
  8829.00000000   -0.00324351556
  8834.00000000   -0.00242550787
  8839.00000000   -0.00157578158
  8844.00000000   -0.00043673923
  8849.00000000    2.76872898e-6
  8854.00000000    0.00079436638
  8859.00000000    0.00134880448
  8864.00000000    0.00146621607
  8869.00000000    0.00178681247
  8874.00000000    0.00152665333
  8879.00000000    0.00188905458
  8884.00000000    0.00280447419
  8889.00000000    0.00239275590
  8894.00000000    0.00253246341
  8899.00000000    0.00071265180
  8904.00000000   -0.00078731957
  8909.00000000   -0.00191887746
  8914.00000000   -0.00281858436
  8919.00000000   -0.00255266604
  8924.00000000   -0.00149802966
  8929.00000000   -0.00016708317
  8934.00000000    0.00126631837
  8939.00000000    0.00273130579
  8944.00000000    0.00371135701
  8949.00000000    0.00521894556
  8953.00000000    0.00618299953
  8956.00000000    0.00801824793
  8958.00000000    0.00887558951
  8959.00000000    0.00987406696
  8959.20000000    0.01069414634
  8959.40000000    0.01110520181
  8959.60000000    0.01136509627
  8959.80000000    0.01142698176
  8960.00000000    0.01157234423
  8960.20000000    0.01187656510
  8960.40000000    0.01178330817
  8960.60000000    0.01173849177
  8960.80000000    0.01199095426
  8961.00000000    0.01170658948
  8961.20000000    0.01190901887
  8961.40000000    0.01249883982
  8961.60000000    0.01257917253
  8961.80000000    0.01300827707
  8962.00000000    0.01334620725
  8962.20000000    0.01363755488
  8962.40000000    0.01386334190
  8962.60000000    0.01387413258
  8962.80000000    0.01419348283
  8963.00000000    0.01391017975
  8963.20000000    0.01444771146
  8963.40000000    0.01403275631
  8963.60000000    0.01433166863
  8963.80000000    0.01419939384
  8964.00000000    0.01480673301
  8964.20000000    0.01456974704
  8964.40000000    0.01506149250
  8964.60000000    0.01492536902
  8964.80000000    0.01509568167
  8965.00000000    0.01544887393
  8965.20000000    0.01537711664
  8965.40000000    0.01607801903
  8965.60000000    0.01602351452
  8965.80000000    0.01624518742
  8966.00000000    0.01652870494
  8966.20000000    0.01701580541
  8966.40000000    0.01802672722
  8966.60000000    0.01804123388
  8966.80000000    0.01856443251
  8967.00000000    0.01806016097
  8967.20000000    0.01802503268
  8967.40000000    0.01860861608
  8967.60000000    0.01892836447
  8967.80000000    0.01935083332
  8968.00000000    0.01967151071
  8968.20000000    0.01997321002
  8968.40000000    0.02012892416
  8968.60000000    0.02060753095
  8968.80000000    0.02100465147
  8969.00000000    0.02138637720
  8969.20000000    0.02157699506
  8969.40000000    0.02207643792
  8969.60000000    0.02285219089
  8969.80000000    0.02336463970
  8970.00000000    0.02386793126
  8970.20000000    0.02440426855
  8970.40000000    0.02467318755
  8970.60000000    0.02504602145
  8970.80000000    0.02521447612
  8971.00000000    0.02592758818
  8971.20000000    0.02605529971
  8971.40000000    0.02672846491
  8971.60000000    0.02735664015
  8971.80000000    0.02792098005
  8972.00000000    0.02898007696
  8972.20000000    0.02938356775
  8972.40000000    0.03001015042
  8972.60000000    0.03087150378
  8972.80000000    0.03173829841
  8973.00000000    0.03252626105
  8973.20000000    0.03419278898
  8973.40000000    0.03515805724
  8973.60000000    0.03619591994
  8973.80000000    0.03712747890
  8974.00000000    0.03807058396
  8974.20000000    0.03966451745
  8974.40000000    0.04064425151
  8974.60000000    0.04147892940
  8974.80000000    0.04290444909
  8975.00000000    0.04426746058
  8975.20000000    0.04627028526
  8975.40000000    0.04861007025
  8975.60000000    0.05075861466
  8975.80000000    0.05287928918
  8976.00000000    0.05563752075
  8976.20000000    0.05876761637
  8976.40000000    0.06205139455
  8976.60000000    0.06594300189
  8976.80000000    0.06974303671
  8977.00000000    0.07477452280
  8977.20000000    0.07995770075
  8977.40000000    0.08630026637
  8977.60000000    0.09313878343
  8977.80000000    0.10171717827
  8978.00000000    0.11178183486
  8978.20000000    0.12391722472
  8978.40000000    0.13830715645
  8978.60000000    0.15580922657
  8978.80000000    0.17653398566
  8979.00000000    0.20235243274
  8979.20000000    0.23377737390
  8979.40000000    0.27180894026
  8979.60000000    0.31778886824
  8979.80000000    0.37219187507
  8980.00000000    0.43472944097
  8980.20000000    0.50256679937
  8980.40000000    0.57150664131
  8980.60000000    0.63715590426
  8980.80000000    0.69379289844
  8981.00000000    0.73689712658
  8981.20000000    0.76176282296
  8981.40000000    0.76713955811
  8981.60000000    0.75387776187
  8981.80000000    0.72547948559
  8982.00000000    0.68639395897
  8982.20000000    0.64330743534
  8982.40000000    0.59990272222
  8982.60000000    0.56106036915
  8982.80000000    0.52831693625
  8983.00000000    0.50276585228
  8983.20000000    0.48482052058
  8983.40000000    0.47487762253
  8983.60000000    0.47091393626
  8983.80000000    0.47260311840
  8984.00000000    0.47911982175
  8984.20000000    0.48911434696
  8984.40000000    0.50128596600
  8984.60000000    0.51471921900
  8984.80000000    0.52811749211
  8985.00000000    0.54052604218
  8985.20000000    0.55153120017
  8985.40000000    0.56176601075
  8985.60000000    0.57111381834
  8985.80000000    0.57969605593
  8986.00000000    0.58839447380
  8986.20000000    0.59770887196
  8986.40000000    0.60759611827
  8986.60000000    0.61857472538
  8986.80000000    0.63125836172
  8987.00000000    0.64509122182
  8987.20000000    0.66078664212
  8987.40000000    0.67903778665
  8987.60000000    0.69848792217
  8987.80000000    0.72038920317
  8988.00000000    0.74395277873
  8988.20000000    0.76783558517
  8988.40000000    0.79198559852
  8988.60000000    0.81712318912
  8988.80000000    0.84155731771
  8989.00000000    0.86676296522
  8989.20000000    0.89169912453
  8989.40000000    0.91647860225
  8989.60000000    0.94080650818
  8989.80000000    0.96427886141
  8990.00000000    0.98741483814
  8990.20000000    1.01028796169
  8990.40000000    1.03124461810
  8990.60000000    1.05034585555
  8990.80000000    1.06624064755
  8991.00000000    1.07918194641
  8991.20000000    1.08865694594
  8991.40000000    1.09588767457
  8991.60000000    1.10045608371
  8991.80000000    1.10332806422
  8992.00000000    1.10434329770
  8992.20000000    1.10231160674
  8992.40000000    1.09913743405
  8992.60000000    1.09381188932
  8992.80000000    1.08936854422
  8993.00000000    1.08564309893
  8993.20000000    1.08201100222
  8993.40000000    1.08042288122
  8993.60000000    1.08059791347
  8993.80000000    1.08280073008
  8994.00000000    1.08782469399
  8994.20000000    1.09357053830
  8994.40000000    1.10329452846
  8994.60000000    1.11519016418
  8994.80000000    1.12695194140
  8995.00000000    1.13781781737
  8995.20000000    1.15485957900
  8995.40000000    1.17230125659
  8995.60000000    1.18994669898
  8995.80000000    1.20650566259
  8996.00000000    1.22229135184
  8996.20000000    1.23571226278
  8996.40000000    1.24645147479
  8996.60000000    1.25524528381
  8996.80000000    1.26215792319
  8997.00000000    1.26703862993
  8997.20000000    1.26848302656
  8997.40000000    1.26699383279
  8997.60000000    1.26246355032
  8997.80000000    1.25502330022
  8998.00000000    1.24383618919
  8998.20000000    1.22964063665
  8998.40000000    1.21399948005
  8998.60000000    1.19747277145
  8998.80000000    1.18051279930
  8999.00000000    1.16333376355
  8999.20000000    1.14730606663
  8999.40000000    1.13287058364
  8999.60000000    1.11622559520
  8999.80000000    1.09938198054
  9000.00000000    1.08829646527
  9000.20000000    1.07833866512
  9000.40000000    1.07053896983
  9000.60000000    1.06354316773
  9000.80000000    1.05723075459
  9001.00000000    1.05258487402
  9001.20000000    1.04922012503
  9001.40000000    1.04704387326
  9001.60000000    1.04548120245
  9001.80000000    1.04436701650
  9002.00000000    1.04365884688
  9002.20000000    1.04290360856
  9002.40000000    1.04230966204
  9002.60000000    1.04163573354
  9002.80000000    1.03983046428
  9003.00000000    1.03774348779
  9003.20000000    1.03620054916
  9003.40000000    1.03347769611
  9003.60000000    1.03038474805
  9003.80000000    1.02708281939
  9004.00000000    1.02434536598
  9004.20000000    1.02098433382
  9004.40000000    1.01809567327
  9004.60000000    1.01553286815
  9004.80000000    1.01360062921
  9005.00000000    1.01133253448
  9005.20000000    1.00936215946
  9005.40000000    1.00680616106
  9005.60000000    1.00448046348
  9005.80000000    1.00282434927
  9006.00000000    1.00077000313
  9006.20000000    0.99852472386
  9006.40000000    0.99625811954
  9006.60000000    0.99372732384
  9006.80000000    0.99130712033
  9007.00000000    0.99030527058
  9007.20000000    0.98756610597
  9007.40000000    0.98611178476
  9007.60000000    0.98436062389
  9007.80000000    0.98291222413
  9008.00000000    0.98075928767
  9008.20000000    0.97909331879
  9008.40000000    0.97684145909
  9008.60000000    0.97498738304
  9008.80000000    0.97335272315
  9009.00000000    0.97193827561
  9009.22786000    0.97046338100
  9009.48358100    0.96906799933
  9009.76716200    0.96862548157
  9010.07860400    0.96825656551
  9010.41790500    0.96883170441
  9010.78506700    0.97131265890
  9011.18009000    0.97637454221
  9011.60297300    0.98532393169
  9012.05371600    0.99678022305
  9012.53231900    1.01319055255
  9013.03878300    1.03550133590
  9013.57310700    1.06099689844
  9014.13529200    1.08096343749
  9014.72533700    1.09625609381
  9015.34324200    1.11155164111
  9015.98900800    1.11843252072
  9016.66263400    1.11493744783
  9017.36412000    1.10486359528
  9018.09346700    1.08674550942
  9018.85067400    1.05472279967
  9019.63574100    1.02614274185
  9020.44866900    1.00035211532
  9021.28945700    0.97624489250
  9022.15810600    0.95459241824
  9023.05461400    0.93679033758
  9023.97898300    0.92368671670
  9024.93121300    0.91532220297
  9025.91130300    0.91137381739
  9026.91925300    0.91181666076
  9027.95506400    0.91290640168
  9029.01873400    0.91576799117
  9030.11026600    0.91919884074
  9031.23272300    0.92511112843
  9032.36737300    0.93164156846
  9033.51421400    0.94027510763
  9034.67324800    0.95067293102
  9035.84447300    0.96450498897
  9037.02789000    0.98111342533
  9038.22349900    0.99584251617
  9039.43130000    1.00686095258
  9040.65129300    1.01404439051
  9041.88347800    1.01751639532
  9043.12785500    1.02046940610
  9044.38442300    1.02432386960
  9045.65318400    1.02824010998
  9046.93413600    1.03285742271
  9048.22728000    1.03810640481
  9049.53261700    1.04311579642
  9050.85014500    1.04717837834
  9052.17986500    1.04908075409
  9053.52177700    1.04883049604
  9054.87588100    1.04646702749
  9056.24217700    1.04272811136
  9057.62066400    1.03795682154
  9059.01134400    1.03268282057
  9060.41421500    1.02734978061
  9061.82927900    1.02203746348
  9063.25653400    1.01740082060
  9064.69598100    1.01348962148
  9066.14762000    1.01077964842
  9067.61145200    1.00914601827
  9069.08747500    1.00912158315
  9070.57568900    1.01053660332
  9072.07609600    1.01241894644
  9073.58869500    1.01507982806
  9075.11348500    1.01690292775
  9076.65046800    1.01755048251
  9078.19964200    1.01707358826
  9079.76100900    1.01533248901
  9081.33456700    1.01374576153
  9082.92031700    1.01218293984
  9084.51825900    1.01209895791
  9086.12839300    1.01247708692
  9087.75071900    1.01388307611
  9089.38523700    1.01517889384
  9091.03194600    1.01569233468
  9092.69084800    1.01489186233
  9094.36194200    1.01299445114
  9096.04522700    1.00972417500
  9097.74070400    1.00561332928
  9099.44837400    1.00064636540
  9101.16823500    0.99498053272
  9102.90028800    0.98899921730
  9104.64453300    0.98337671423
  9106.40097000    0.97941558410
  9108.16959800    0.97664214651
  9109.95041900    0.97461828061
  9111.74343200    0.97342133023
  9113.54863600    0.97306121879
  9115.36603200    0.97399218972
  9117.19562100    0.97569755052
  9119.03740100    0.97774900014
  9120.89137300    0.98023342463
  9122.75753700    0.98342855247
  9124.63589300    0.98743533540
  9126.52644100    0.99127469832
  9128.42918100    0.99523816588
  9130.34411200    0.99944314213
  9132.27123600    1.00376442228
  9134.21055200    1.00780049517
  9136.16205900    1.00988269609
  9138.12575800    1.01101069777
  9140.10164900    1.01139797604
  9142.08973300    1.01130285982
  9144.09000800    1.01010670869
  9146.10247500    1.00828257777
  9148.12713300    1.00715846583
  9150.16398400    1.00622082692
  9152.21302700    1.00483481793
  9154.27426100    1.00391223980
  9156.34768800    1.00320815180
  9158.43330600    1.00251716692
  9160.53111700    1.00120681508
  9162.64111900    0.99961875026
  9164.76331300    0.99765241585
  9166.89769900    0.99562875340
  9169.04427700    0.99404176056
  9171.20304700    0.99390062710
  9173.37400800    0.99353266170
  9175.55716200    0.99296363570
  9177.75250800    0.99326908926
  9179.96004500    0.99434048727
  9182.17977500    0.99503518036
  9184.41169600    0.99466068872
  9186.65580900    0.99417044063
  9188.91211400    0.99410432699
  9191.18061100    0.99451889217
  9193.46130000    0.99521241646
  9195.75418100    0.99639352815
  9198.05925400    0.99769009696
  9200.37651800    0.99865009766
  9202.70597500    0.99873470166
  9205.04762300    0.99892439195
  9207.40146400    0.99907104309
  9209.76749600    0.99835128600
  9212.14572000    0.99768215158
  9214.53613600    0.99618956406
  9216.93874400    0.99358710117
  9219.35354400    0.99140943599
  9221.78053600    0.98951639036
  9224.21972000    0.98720321837
  9226.67109600    0.98582303091
  9229.13466300    0.98593106202
  9231.61042300    0.98600715888
  9234.09837400    0.98597403678
  9236.59851700    0.98648247024
  9239.11085200    0.98744481267
  9241.63538000    0.98862424210
  9244.17209900    0.99056031413
  9246.72100900    0.99233192949
  9249.28211200    0.99433131778
  9251.85540700    0.99618972955
  9254.44089400    0.99717450901
  9257.03857200    0.99787031580
  9259.64844300    1.00016690842
  9262.27050500    1.00120475316
  9264.90475900    1.00276265469
  9267.55120500    1.00467993672
  9270.20984400    1.00579658298
  9272.88067400    1.00633333325
  9275.56369600    1.00694993592
  9278.25890900    1.00717621429
  9280.96631500    1.00680449092
  9283.68591300    1.00523478823
  9286.41770200    1.00368583500
  9289.16168400    1.00146660007
  9291.91785700    0.99967901905
  9294.68622200    0.99848514003
  9297.46678000    0.99827368287
  9300.25952900    0.99811313241
  9303.06447000    0.99832292530
  9305.88160200    0.99888699773
  9308.71092700    0.99935371093
  9311.55244400    0.99969398856
  9314.40615300    1.00037403720
  9317.27205300    1.00160259715
  9320.15014600    1.00246245657
  9323.04043000    1.00182141082
  9325.94290600    1.00118267748
  9328.85757400    1.00014741858
  9331.78443500    0.99993563411
  9334.72348700    0.99858564563
  9337.67473000    0.99802322053
  9340.63816600    0.99902030611
  9343.61379400    0.99914540616
  9346.60161400    0.99832162788
  9349.60162500    0.99844659293
  9352.61382900    0.99868719600
  9355.63822400    0.99891955813
  9358.67481100    0.99957878287
  9361.72359000    1.00011550174
  9364.78456100    1.00059082689
  9367.85772400    1.00005538488
  9370.94307900    0.99940319410
  9374.04062600    0.99865979122
  9377.15036500    0.99828548063
  9380.27229500    0.99856989587
  9383.40641800    0.99942203973
  9386.55273200    1.00058263816
  9389.71123900    1.00192804142
  9392.88193700    1.00215557475
  9396.06482700    1.00214437071
  9399.25990900    1.00276267876
  9402.46718300    1.00398929825
  9405.68664900    1.00530455338
  9408.91830700    1.00645366295
  9412.16215700    1.00756565193
  9415.41819800    1.00858533830
  9418.68643200    1.00899993586
  9421.96685700    1.00953090153
  9425.25947400    1.00908283359
  9428.56428400    1.00849423393
  9431.88128500    1.00747315176
  9435.21047800    1.00681508646
  9438.55186300    1.00611899003
  9441.90544000    1.00568666523
  9445.27120900    1.00569781680
  9448.64916900    1.00554436084
  9452.03932200    1.00632649904
  9455.44166600    1.00654776075
  9458.85620300    1.00613595188
  9462.28293100    1.00611058782
  9465.72185100    1.00510259523
  9469.17296400    1.00492378407
  9472.63626800    1.00408696940
  9476.11176400    1.00429115319
  9479.59945100    1.00476712932
  9483.09933100    1.00479266684
  9486.61140300    1.00496073325
  9490.13566600    1.00437683971
  9493.67212200    1.00334675574
  9497.22076900    1.00325017769
  9500.78160900    1.00295930080
  9504.35464000    1.00245634563
  9507.93986300    1.00242319501
  9511.53727800    1.00183530003
  9515.14688500    1.00095357814
  9518.76868400    0.99903722386
  9522.40267500    0.99741603304
  9526.04885700    0.99566984020
  9529.70723200    0.99435710724
  9533.37779900    0.99406337602
  9537.06055700    0.99472601569
  9540.75550700    0.99535339676
  9544.46265000    0.99497910700
  9548.18198400    0.99398989098
  9551.91351000    0.99395337720
  9555.65722800    0.99427953711
  9559.41313800    0.99287336996
  9563.18123900    0.99242633465
  9566.96153300    0.99371535804
  9570.75401900    0.99351578877
  9574.55869600    0.99170556122
  9578.37556500    0.99292995389
  9582.20462700    0.99468920334
  9586.04588000    0.99521852367
  9589.89932500    0.99594383199
  9593.76496200    0.99785282980
  9597.64279100    0.99895831006
  9601.53281200    0.99969615798
  9605.43502500    0.99974287457
  9609.34942900    0.99980748015
  9613.27602600    1.00030277695
  9617.21481400    1.00052519058
  9621.16579500    1.00040020759
  9625.12896700    0.99969592827
  9629.10433100    0.99907919035
  9633.09188800    0.99916322057
  9637.09163600    0.99867300495
  9641.10357500    0.99921607513
  9645.12770700    0.99944416347
  9649.16403100    0.99882175325
  9653.21254700    0.99851711199
  9657.27325400    0.99931683071
  9661.34615400    0.99982090932
  9665.43124500    0.99989969848
  9669.52852900    1.00069600853
  9673.63800400    1.00058903270
  9677.75967100    0.99998264790
  9681.89353000    0.99870609002
  9686.03958100    0.99878554726
  9690.19782400    0.99866765976
  9694.36825800    0.99906556428
  9698.55088500    0.99977508296
  9702.74570400    0.99985204063
  9706.95271400    1.00077801415
  9711.17191600    1.00128077491
  9715.40331100    1.00106938987
  9719.64689700    1.00063595323
  9723.90267500    1.00047495252
  9728.17064500    1.00114140534
  9732.45080700    1.00213128404
  9736.74316100    1.00273300772
  9741.04770700    1.00383394263
  9745.36444400    1.00426599739
  9749.69337400    1.00381317548
  9754.03449500    1.00343906055
  9758.38780900    1.00242018321
  9762.75331400    1.00086972241
  9767.13101100    0.99985268760
  9771.52090000    0.99948281111
  9775.92298100    0.99909401269
  9780.33725400    0.99932798772
  9784.76371900    0.99949930797
  9789.20237600    1.00000736225
  9793.65322400    1.00051579102
  9798.11626500    1.00067629970
  9802.59149700    1.00102608360
  9807.07892200    1.00081528756
  9811.57853800    1.00125957173
  9816.09034600    1.00140606349
  9820.61434600    1.00052062131
  9825.15053800    1.00010932960
  9829.69892200    0.99788984237
  9834.25949800    0.99662083215
  9838.83226600    0.99802210599
  9843.41722600    0.99771024773
  9848.01437700    0.99734670984
  9852.62372100    0.99786064322
  9857.24525600    0.99812257022
  9861.87898300    0.99836599761
  9866.52490200    0.99733806013
  9871.18301300    0.99781961616
  9875.85331600    0.99823587855
  9880.53581100    0.99874718171
  9885.23049800    1.00008136606
  9889.93737700    1.00099974130
  9894.65644800    1.00125819696
  9899.38771000    1.00147050949
  9904.13116500    1.00194894696
  9908.88681100    1.00159134587
  9913.65464900    1.00101208098
  9918.43467900    1.00129589141
  9923.22690100    1.00160929625
  9928.03131500    1.00222195706
  9932.84792100    1.00320422527
  9937.67671900    1.00342409166
