#---------------------------------
#  energy flat
  10182.0000000    0.00447894715
  10187.0000000    0.00366415863
  10192.0000000    0.00294276556
  10197.0000000    0.00209693040
  10202.0000000    0.00175793486
  10207.0000000    0.00161173514
  10212.0000000    0.00147192362
  10217.0000000    0.00119949310
  10222.0000000    0.00086803564
  10227.0000000    0.00056353637
  10232.0000000    0.00033748418
  10237.0000000   -0.00025703928
  10242.0000000   -0.00011589786
  10247.0000000   -0.00019169964
  10252.0000000   -0.00023581596
  10257.0000000   -0.00020480707
  10262.0000000   -0.00016178837
  10267.0000000   -0.00016412587
  10272.0000000   -0.00029346075
  10277.0000000   -0.00060485927
  10282.0000000   -0.00062265621
  10287.0000000   -0.00053530342
  10292.0000000   -0.00012496333
  10297.0000000    7.61790205e-6
  10302.0000000    0.00006903461
  10307.0000000    0.00009914916
  10312.0000000    0.00034492926
  10317.0000000    0.00122262991
  10322.0000000    0.00226540159
  10327.0000000    0.00360867410
  10332.0000000    0.00460353430
  10337.0000000    0.00573446311
  10341.0000000    0.00699592314
  10344.0000000    0.00827216023
  10346.0000000    0.00968212262
  10347.0000000    0.01052489725
  10347.2000000    0.01130763908
  10347.4000000    0.01178400294
  10347.6000000    0.01203166931
  10347.8000000    0.01220395494
  10348.0000000    0.01239374424
  10348.2000000    0.01238894903
  10348.4000000    0.01273346048
  10348.6000000    0.01289245866
  10348.8000000    0.01330187420
  10349.0000000    0.01361035621
  10349.2000000    0.01379132980
  10349.4000000    0.01375906533
  10349.6000000    0.01396840251
  10349.8000000    0.01424775434
  10350.0000000    0.01447778929
  10350.2000000    0.01499669854
  10350.4000000    0.01534389303
  10350.6000000    0.01558747096
  10350.8000000    0.01577547156
  10351.0000000    0.01588515285
  10351.2000000    0.01592558608
  10351.4000000    0.01575674194
  10351.6000000    0.01599009875
  10351.8000000    0.01694544969
  10352.0000000    0.01742475211
  10352.2000000    0.01802172515
  10352.4000000    0.01849783348
  10352.6000000    0.01866628619
  10352.8000000    0.01918621756
  10353.0000000    0.01956356435
  10353.2000000    0.02010138267
  10353.4000000    0.02045292113
  10353.6000000    0.02089427767
  10353.8000000    0.02126906917
  10354.0000000    0.02163747248
  10354.2000000    0.02184553203
  10354.4000000    0.02230298682
  10354.6000000    0.02289267731
  10354.8000000    0.02330439260
  10355.0000000    0.02394633855
  10355.2000000    0.02439165576
  10355.4000000    0.02483020148
  10355.6000000    0.02530464888
  10355.8000000    0.02589523372
  10356.0000000    0.02634796124
  10356.2000000    0.02693892937
  10356.4000000    0.02723706250
  10356.6000000    0.02794659558
  10356.8000000    0.02863747513
  10357.0000000    0.02912980948
  10357.2000000    0.02944046348
  10357.4000000    0.02991465535
  10357.6000000    0.03057768235
  10357.8000000    0.03164789309
  10358.0000000    0.03265754371
  10358.2000000    0.03310260539
  10358.4000000    0.03394194666
  10358.6000000    0.03466361732
  10358.8000000    0.03589404406
  10359.0000000    0.03669991117
  10359.2000000    0.03773856421
  10359.4000000    0.03875306986
  10359.6000000    0.03977089737
  10359.8000000    0.04047020934
  10360.0000000    0.04117271540
  10360.2000000    0.04195469065
  10360.4000000    0.04313554498
  10360.6000000    0.04423578025
  10360.8000000    0.04539312600
  10361.0000000    0.04708260865
  10361.2000000    0.04854978201
  10361.4000000    0.04982173204
  10361.6000000    0.05128507248
  10361.8000000    0.05291169526
  10362.0000000    0.05464947269
  10362.2000000    0.05648767258
  10362.4000000    0.05825291926
  10362.6000000    0.06002327649
  10362.8000000    0.06148789457
  10363.0000000    0.06357089022
  10363.2000000    0.06585856372
  10363.4000000    0.06819862045
  10363.6000000    0.07046764042
  10363.8000000    0.07284385434
  10364.0000000    0.07561332574
  10364.2000000    0.07835558341
  10364.4000000    0.08109030301
  10364.6000000    0.08395329762
  10364.8000000    0.08737653720
  10365.0000000    0.09139413471
  10365.2000000    0.09549362892
  10365.4000000    0.09947506923
  10365.6000000    0.10381412086
  10365.8000000    0.10863152076
  10366.0000000    0.11363213417
  10366.2000000    0.11924141508
  10366.4000000    0.12545042002
  10366.6000000    0.13215719335
  10366.8000000    0.13946777914
  10367.0000000    0.14775269289
  10367.2000000    0.15723104978
  10367.4000000    0.16764514990
  10367.6000000    0.17987541471
  10367.8000000    0.19374616875
  10368.0000000    0.20959419782
  10368.2000000    0.22726120238
  10368.4000000    0.24658351679
  10368.6000000    0.26835366090
  10368.8000000    0.29302762426
  10369.0000000    0.32013830186
  10369.2000000    0.35006553594
  10369.4000000    0.38269280576
  10369.6000000    0.41821073516
  10369.8000000    0.45676331412
  10370.0000000    0.49832895053
  10370.2000000    0.54307092672
  10370.4000000    0.59136384663
  10370.6000000    0.64357426506
  10370.8000000    0.69931032994
  10371.0000000    0.75943291482
  10371.2000000    0.82453995505
  10371.4000000    0.90001465727
  10371.6000000    0.98526969055
  10371.8000000    1.06421139557
  10372.0000000    1.12548308950
  10372.2000000    1.21927428843
  10372.4000000    1.31325381143
  10372.6000000    1.40694413160
  10372.8000000    1.49909934149
  10373.0000000    1.58786635232
  10373.2000000    1.66978582658
  10373.4000000    1.74260272991
  10373.6000000    1.80771939907
  10373.8000000    1.86532288005
  10374.0000000    1.91532297102
  10374.2000000    1.95825014747
  10374.4000000    1.99424009427
  10374.6000000    2.02409797936
  10374.8000000    2.04961019798
  10375.0000000    2.07137826240
  10375.2000000    2.09061695187
  10375.4000000    2.10770700256
  10375.6000000    2.12337615746
  10375.8000000    2.13725160084
  10376.0000000    2.14876094976
  10376.2000000    2.15777618424
  10376.4000000    2.16307179197
  10376.6000000    2.16458695670
  10376.8000000    2.16202449912
  10377.0000000    2.15523314623
  10377.2000000    2.14433299570
  10377.4000000    2.12856972852
  10377.6000000    2.11009693361
  10377.8000000    2.08767172281
  10378.0000000    2.06139119602
  10378.2000000    2.03260709558
  10378.4000000    2.00049406595
  10378.6000000    1.96655895480
  10378.8000000    1.93093489147
  10379.0000000    1.89395074019
  10379.2000000    1.85690483771
  10379.4000000    1.82014904553
  10379.6000000    1.78213409741
  10379.8000000    1.74273222903
  10380.0000000    1.70242051032
  10380.2000000    1.66126001227
  10380.4000000    1.61980906268
  10380.6000000    1.57833085494
  10380.8000000    1.53717316220
  10381.0000000    1.49632397400
  10381.2000000    1.45578022364
  10381.4000000    1.41569854923
  10381.6000000    1.37651462541
  10381.8000000    1.33805264845
  10382.0000000    1.30233639920
  10382.2000000    1.26874187785
  10382.4000000    1.23718935927
  10382.6000000    1.20767347692
  10382.8000000    1.17994636825
  10383.0000000    1.15404687299
  10383.2000000    1.13008001275
  10383.4000000    1.10848452853
  10383.6000000    1.08965648792
  10383.8000000    1.07339325713
  10384.0000000    1.05858073370
  10384.2000000    1.04102774843
  10384.4000000    1.02799103812
  10384.6000000    1.01913994931
  10384.8000000    1.01155711908
  10385.0000000    1.00549730843
  10385.2000000    1.00009938792
  10385.4000000    0.99439976116
  10385.6000000    0.98986822426
  10385.8000000    0.98543513703
  10386.0000000    0.98143524045
  10386.2000000    0.97761453937
  10386.4000000    0.97515561659
  10386.6000000    0.97325560280
  10386.8000000    0.97211099867
  10387.0000000    0.97191293850
  10387.2000000    0.97276235544
  10387.4000000    0.97408482220
  10387.6000000    0.97615835273
  10387.8000000    0.97802062838
  10388.0000000    0.98014539761
  10388.2000000    0.98329311088
  10388.4000000    0.98680629454
  10388.6000000    0.99016111579
  10388.8000000    0.99371991271
  10389.0000000    0.99743975631
  10389.2000000    1.00209310696
  10389.4000000    1.00683033391
  10389.6000000    1.01101491657
  10389.8000000    1.01648997743
  10390.0000000    1.02289138871
  10390.2000000    1.02744769416
  10390.4000000    1.03129471500
  10390.6000000    1.03587107284
  10390.8000000    1.04134413804
  10391.0000000    1.04747090316
  10391.2000000    1.05327985055
  10391.4000000    1.05902446343
  10391.6000000    1.06368518504
  10391.8000000    1.06740025540
  10392.0000000    1.07118948609
  10392.2000000    1.07453415491
  10392.4000000    1.07692678297
  10392.6000000    1.07922619916
  10392.8000000    1.08189695288
  10393.0000000    1.08389930037
  10393.2000000    1.08497158073
  10393.4000000    1.08587501119
  10393.6000000    1.08599836845
  10393.8000000    1.08632620108
  10394.0000000    1.08660732485
  10394.2000000    1.08625811348
  10394.4000000    1.08578783360
  10394.6000000    1.08496548744
  10394.8000000    1.08380410668
  10395.0000000    1.08201826602
  10395.2000000    1.08002089821
  10395.4000000    1.07761166894
  10395.6000000    1.07499091145
  10395.8000000    1.07228868928
  10396.0000000    1.06870289961
  10396.2000000    1.06397264814
  10396.4000000    1.05847126059
  10396.6000000    1.05249821536
  10396.8000000    1.04582711413
  10397.0000000    1.03849960754
  10397.2278600    1.03090954952
  10397.4835810    1.02300405156
  10397.7671620    1.01224883106
  10398.0786040    0.99641856476
  10398.4179050    0.98200607026
  10398.7850670    0.96651394728
  10399.1800900    0.95004891693
  10399.6029730    0.93217933612
  10400.0537160    0.91342466482
  10400.5323190    0.89535716829
  10401.0387830    0.87840003000
  10401.5731070    0.86159329585
  10402.1352920    0.84817919236
  10402.7253370    0.83721417733
  10403.3432420    0.83062533541
  10403.9890080    0.82867220185
  10404.6626340    0.82989208637
  10405.3641200    0.83465088174
  10406.0934670    0.84308887384
  10406.8506740    0.85236590263
  10407.6357410    0.86285330663
  10408.4486690    0.87450951428
  10409.2894570    0.88791366155
  10410.1581060    0.90303087053
  10411.0546140    0.92501351156
  10411.9789830    0.95085291812
  10412.9312130    0.97339272236
  10413.9113030    0.99527377742
  10414.9192530    1.02472177402
  10415.9550640    1.05242988457
  10417.0187340    1.07708217864
  10418.1102660    1.09861354305
  10419.2327230    1.11677164297
  10420.3673730    1.13015050478
  10421.5142140    1.14041687683
  10422.6732480    1.14975545439
  10423.8444730    1.15723733447
  10425.0278900    1.16194766174
  10426.2234990    1.16532474022
  10427.4313000    1.16740249242
  10428.6512930    1.16730720603
  10429.8834780    1.16482826345
  10431.1278550    1.15992062907
  10432.3844230    1.15238825204
  10433.6531840    1.14292507845
  10434.9341360    1.13197438952
  10436.2272800    1.12099237213
  10437.5326170    1.11074554233
  10438.8501450    1.10015602120
  10440.1798650    1.09022387551
  10441.5217770    1.08082689427
  10442.8758810    1.07257546377
  10444.2421770    1.06508187687
  10445.6206640    1.05751329725
  10447.0113440    1.05132564428
  10448.4142150    1.04534571703
  10449.8292790    1.03848973934
  10451.2565340    1.03163051823
  10452.6959810    1.02422624987
  10454.1476200    1.01769298534
  10455.6114520    1.01169998237
  10457.0874750    1.00687600909
  10458.5756890    1.00291740575
  10460.0760960    0.99996461381
  10461.5886950    0.99732020116
  10463.1134850    0.99424559258
  10464.6504680    0.99089323020
  10466.1996420    0.98742297029
  10467.7610090    0.98386842766
  10469.3345670    0.98153242798
  10470.9203170    0.98117300219
  10472.5182590    0.98169176911
  10474.1283930    0.98290078948
  10475.7507190    0.98448461141
  10477.3852370    0.98559551432
  10479.0319460    0.98603072765
  10480.6908480    0.98681579361
  10482.3619420    0.98716328481
  10484.0452270    0.98638951298
  10485.7407040    0.98593191945
  10487.4483740    0.98648358772
  10489.1682350    0.98640054259
  10490.9002880    0.98678367994
  10492.6445330    0.98854633434
  10494.4009700    0.99103136063
  10496.1695980    0.99469545560
  10497.9504190    1.00071001763
  10499.7434320    1.00816721310
  10501.5486360    1.01464187780
  10503.3660320    1.01938050234
  10505.1956210    1.02291768721
  10507.0374010    1.02510040570
  10508.8913730    1.02658845473
  10510.7575370    1.02731899318
  10512.6358930    1.02750131081
  10514.5264410    1.02819815382
  10516.4291810    1.02887853404
  10518.3441120    1.02888522730
  10520.2712360    1.02773117984
  10522.2105520    1.02485906458
  10524.1620590    1.02095622407
  10526.1257580    1.01667830507
  10528.1016490    1.01104505912
  10530.0897330    1.00406256634
  10532.0900080    0.99785906279
  10534.1024750    0.99252647107
  10536.1271330    0.98647891194
  10538.1639840    0.98138796492
  10540.2130270    0.97757831757
  10542.2742610    0.97427536817
  10544.3476880    0.97099299452
  10546.4333060    0.96850584550
  10548.5311170    0.96751522082
  10550.6411190    0.96724316530
  10552.7633130    0.96768238387
  10554.8976990    0.96841698529
  10557.0442770    0.97013213938
  10559.2030470    0.97245997682
  10561.3740080    0.97496439469
  10563.5571620    0.97706158285
  10565.7525080    0.97935618600
  10567.9600450    0.98193590682
  10570.1797750    0.98405797035
  10572.4116960    0.98565878956
  10574.6558090    0.98643635801
  10576.9121140    0.98704535739
  10579.1806110    0.98745666792
  10581.4613000    0.98738690969
  10583.7541810    0.98700318966
  10586.0592540    0.98605839451
  10588.3765180    0.98455454203
  10590.7059750    0.98309412862
  10593.0476230    0.98090056047
  10595.4014640    0.97839718989
  10597.7674960    0.97611800679
  10600.1457200    0.97448378982
  10602.5361360    0.97265427867
  10604.9387440    0.97062299109
  10607.3535440    0.96940248036
  10609.7805360    0.96962761986
  10612.2197200    0.97114343647
  10614.6710960    0.97324096285
  10617.1346630    0.97583189992
  10619.6104230    0.97808000627
  10622.0983740    0.97993861524
  10624.5985170    0.98112340714
  10627.1108520    0.98164595454
  10629.6353800    0.98271982293
  10632.1720990    0.98435273387
  10634.7210090    0.98612949903
  10637.2821120    0.98724115079
  10639.8554070    0.98881127093
  10642.4408940    0.99041391029
  10645.0385720    0.99111001015
  10647.6484430    0.99219918037
  10650.2705050    0.99261815728
  10652.9047590    0.99350478327
  10655.5512050    0.99367082091
  10658.2098440    0.99273549117
  10660.8806740    0.99125323952
  10663.5636960    0.98858390728
  10666.2589090    0.98490118394
  10668.9663150    0.98214112403
  10671.6859130    0.98027910895
  10674.4177020    0.97903217228
  10677.1616840    0.97774298838
  10679.9178570    0.97616076985
  10682.6862220    0.97553415640
  10685.4667800    0.97616581469
  10688.2595290    0.97754505898
  10691.0644700    0.97883386169
  10693.8816020    0.98010591173
  10696.7109270    0.98205019906
  10699.5524440    0.98414246014
  10702.4061530    0.98679799918
  10705.2720530    0.98957967153
  10708.1501460    0.99266767833
  10711.0404300    0.99483630037
  10713.9429060    0.99624017108
  10716.8575740    0.99642448258
  10719.7844350    0.99703358094
  10722.7234870    0.99784466396
  10725.6747300    0.99797770332
  10728.6381660    0.99841878321
  10731.6137940    0.99934753640
  10734.6016140    1.00029633600
  10737.6016250    1.00022235602
  10740.6138290    1.00039145735
  10743.6382240    1.00081919836
  10746.6748110    1.00187375881
  10749.7235900    1.00161027435
  10752.7845610    1.00202053800
  10755.8577240    1.00293150510
  10758.9430790    1.00338309971
  10762.0406260    1.00399440354
  10765.1503650    1.00497283792
  10768.2722950    1.00565472569
  10771.4064180    1.00664175814
  10774.5527320    1.00818734001
  10777.7112390    1.00879527038
  10780.8819370    1.00920904914
  10784.0648270    1.01026313949
  10787.2599090    1.01045826540
  10790.4671830    1.01035955814
  10793.6866490    1.01103911405
  10796.9183070    1.01214650332
  10800.1621570    1.01400512136
  10803.4181980    1.01504847780
  10806.6864320    1.01470025036
  10809.9668570    1.01427298022
  10813.2594740    1.01400905500
  10816.5642840    1.01400470065
  10819.8812850    1.01430146115
  10823.2104780    1.01416407452
  10826.5518630    1.01362565221
  10829.9054400    1.01307602424
  10833.2712090    1.01264693799
  10836.6491690    1.01148048399
  10840.0393220    1.01079185110
  10843.4416660    1.01120289698
  10846.8562030    1.01287271904
  10850.2829310    1.01342277212
  10853.7218510    1.01335686814
  10857.1729640    1.01235781182
  10860.6362680    1.01113154782
  10864.1117640    1.01129932510
  10867.5994510    1.01212285414
  10871.0993310    1.01233516231
  10874.6114030    1.01333214141
  10878.1356660    1.01471205079
  10881.6721220    1.01451801253
  10885.2207690    1.01445793981
  10888.7816090    1.01451774914
  10892.3546400    1.01407291151
  10895.9398630    1.01345969053
  10899.5372780    1.01378656499
  10903.1468850    1.01383237587
  10906.7686840    1.01352840562
  10910.4026750    1.01394125846
  10914.0488570    1.01470480596
  10917.7072320    1.01556791718
  10921.3777990    1.01593298036
  10925.0605570    1.01409596127
  10928.7555070    1.01306145088
  10932.4626500    1.01214039874
  10936.1819840    1.01065680357
  10939.9135100    1.00885841100
  10943.6572280    1.00859207761
  10947.4131380    1.00787329073
  10951.1812390    1.00748901236
  10954.9615330    1.00698435456
  10958.7540190    1.00680109781
  10962.5586960    1.00664563291
  10966.3755650    1.00623229046
  10970.2046270    1.00627351414
  10974.0458800    1.00525535662
  10977.8993250    1.00447137565
  10981.7649620    1.00421373866
  10985.6427910    1.00375099218
  10989.5328120    1.00307408427
  10993.4350250    1.00296944653
  10997.3494290    1.00238961347
  11001.2760260    1.00172780995
  11005.2148140    1.00106631408
  11009.1657950    1.00044552230
  11013.1289670    1.00065047150
  11017.1043310    1.00113952500
  11021.0918880    1.00072765717
  11025.0916360    1.00047392264
  11029.1035750    1.00033659197
  11033.1277070    1.00046510233
  11037.1640310    1.00038339452
  11041.2125470    1.00029182594
  11045.2732540    1.00025459403
  11049.3461540    0.99995519332
  11053.4312450    0.99882316479
  11057.5285290    0.99783019488
  11061.6380040    0.99600293451
  11065.7596710    0.99458758744
  11069.8935300    0.99302841654
  11074.0395810    0.99248048624
  11078.1978240    0.99294800616
  11082.3682580    0.99379973282
  11086.5508850    0.99398488823
  11090.7457040    0.99230274822
  11094.9527140    0.99132857155
  11099.1719160    0.99070164770
  11103.4033110    0.98980885325
  11107.6468970    0.98904236459
  11111.9026750    0.98948024358
  11116.1706450    0.98964174843
  11120.4508070    0.99001733325
  11124.7431610    0.99090560519
  11129.0477070    0.99014909208
  11133.3644440    0.99061789182
  11137.6933740    0.99169266764
  11142.0344950    0.99080114560
  11146.3878090    0.99051181895
  11150.7533140    0.98996610550
  11155.1310110    0.98909838577
  11159.5209000    0.98851335472
  11163.9229810    0.99024340678
  11168.3372540    0.98999719739
  11172.7637190    0.99016831539
  11177.2023760    0.99156410094
  11181.6532240    0.99045864412
  11186.1162650    0.99055481117
  11190.5914970    0.99111038092
  11195.0789220    0.99115935979
  11199.5785380    0.99161805158
  11204.0903460    0.99168466430
  11208.6143460    0.99172601348
  11213.1505380    0.99158950602
  11217.6989220    0.99110116495
  11222.2594980    0.99160748634
  11226.8322660    0.99175003103
  11231.4172260    0.99118207983
  11236.0143770    0.99165386272
  11240.6237210    0.99238060232
  11245.2452560    0.99419485027
  11249.8789830    0.99554287081
  11254.5249020    0.99685238485
  11259.1830130    0.99815794960
  11263.8533160    0.99884262110
  11268.5358110    1.00008565806
  11273.2304980    1.00186518078
  11277.9373770    1.00423197932
  11282.6564480    1.00548095761
  11287.3877100    1.00769762432
  11292.1311650    1.00913288342
  11296.8868110    1.01141940442
  11301.6546490    1.01390554332
  11306.4346790    1.01627859655
  11311.2269010    1.02020759083
  11316.0313150    1.02300491539
  11320.8479210    1.02625243404
  11325.6767190    1.03024656686
