#---------------------------------
#  energy flat
  8794.00000000    0.00709101304
  8799.00000000    0.00578722710
  8804.00000000    0.00368022238
  8809.00000000    0.00078349283
  8814.00000000   -0.00123744686
  8819.00000000   -0.00290968330
  8824.00000000   -0.00401484497
  8829.00000000   -0.00395557802
  8834.00000000   -0.00330290667
  8839.00000000   -0.00187301706
  8844.00000000   -0.00069770223
  8849.00000000    0.00033378692
  8854.00000000    0.00104569998
  8859.00000000    0.00165624389
  8864.00000000    0.00219059640
  8869.00000000    0.00170697895
  8874.00000000    0.00210277169
  8879.00000000    0.00261803520
  8884.00000000    0.00330378317
  8889.00000000    0.00267403618
  8894.00000000    0.00249090581
  8899.00000000    0.00099195137
  8904.00000000   -0.00082592092
  8909.00000000   -0.00200118528
  8914.00000000   -0.00281918924
  8919.00000000   -0.00332699706
  8924.00000000   -0.00231229306
  8929.00000000   -0.00084274443
  8934.00000000    0.00097221626
  8939.00000000    0.00204040235
  8944.00000000    0.00346798811
  8949.00000000    0.00476919157
  8953.00000000    0.00596609166
  8956.00000000    0.00699253517
  8958.00000000    0.00803974113
  8959.00000000    0.00889131277
  8959.20000000    0.00922934694
  8959.40000000    0.00958696379
  8959.60000000    0.00932994796
  8959.80000000    0.00950852321
  8960.00000000    0.00953455108
  8960.20000000    0.00915033014
  8960.40000000    0.00929401861
  8960.60000000    0.00951521498
  8960.80000000    0.00983235000
  8961.00000000    0.00963013274
  8961.20000000    0.00967162928
  8961.40000000    0.01026950415
  8961.60000000    0.01044182612
  8961.80000000    0.01095577524
  8962.00000000    0.01104515882
  8962.20000000    0.01161588125
  8962.40000000    0.01171629036
  8962.60000000    0.01139904546
  8962.80000000    0.01216246799
  8963.00000000    0.01257257957
  8963.20000000    0.01312668141
  8963.40000000    0.01378379799
  8963.60000000    0.01391415708
  8963.80000000    0.01387567731
  8964.00000000    0.01347565858
  8964.20000000    0.01283274887
  8964.40000000    0.01256849238
  8964.60000000    0.01338539700
  8964.80000000    0.01383418025
  8965.00000000    0.01469864280
  8965.20000000    0.01514676781
  8965.40000000    0.01494224671
  8965.60000000    0.01448002419
  8965.80000000    0.01473989223
  8966.00000000    0.01482269339
  8966.20000000    0.01470176892
  8966.40000000    0.01506399346
  8966.60000000    0.01530641811
  8966.80000000    0.01527863476
  8967.00000000    0.01561189668
  8967.20000000    0.01590467678
  8967.40000000    0.01671483443
  8967.60000000    0.01639248816
  8967.80000000    0.01703923744
  8968.00000000    0.01744967815
  8968.20000000    0.01764438031
  8968.40000000    0.01852924833
  8968.60000000    0.01896963901
  8968.80000000    0.01957590646
  8969.00000000    0.02004756359
  8969.20000000    0.02021017650
  8969.40000000    0.02064349108
  8969.60000000    0.02115530092
  8969.80000000    0.02141434616
  8970.00000000    0.02251643377
  8970.20000000    0.02295665988
  8970.40000000    0.02324730070
  8970.60000000    0.02354649864
  8970.80000000    0.02380965789
  8971.00000000    0.02456764992
  8971.20000000    0.02539854217
  8971.40000000    0.02625954895
  8971.60000000    0.02671787670
  8971.80000000    0.02799637294
  8972.00000000    0.02877921358
  8972.20000000    0.02934088519
  8972.40000000    0.02955961316
  8972.60000000    0.02992578714
  8972.80000000    0.03035219019
  8973.00000000    0.03062621042
  8973.20000000    0.03217277537
  8973.40000000    0.03298704702
  8973.60000000    0.03384640820
  8973.80000000    0.03468009797
  8974.00000000    0.03613023059
  8974.20000000    0.03782029212
  8974.40000000    0.03988390550
  8974.60000000    0.04229424742
  8974.80000000    0.04387619283
  8975.00000000    0.04568095288
  8975.20000000    0.04705522320
  8975.40000000    0.04905399983
  8975.60000000    0.05145084780
  8975.80000000    0.05401192694
  8976.00000000    0.05663734916
  8976.20000000    0.05911516080
  8976.40000000    0.06163888475
  8976.60000000    0.06447379222
  8976.80000000    0.06820752799
  8977.00000000    0.07282445884
  8977.20000000    0.07809814982
  8977.40000000    0.08386535710
  8977.60000000    0.09115770916
  8977.80000000    0.09903425025
  8978.00000000    0.10978648241
  8978.20000000    0.12254536276
  8978.40000000    0.13826435362
  8978.60000000    0.15627106164
  8978.80000000    0.17816863317
  8979.00000000    0.20435892444
  8979.20000000    0.23583012000
  8979.40000000    0.27346574404
  8979.60000000    0.31713003433
  8979.80000000    0.36568357542
  8980.00000000    0.41737445844
  8980.20000000    0.47058336369
  8980.40000000    0.52235732523
  8980.60000000    0.56975778997
  8980.80000000    0.61056089015
  8981.00000000    0.64221692863
  8981.20000000    0.66240889652
  8981.40000000    0.67191730329
  8981.60000000    0.67208940405
  8981.80000000    0.66389363611
  8982.00000000    0.65091790748
  8982.20000000    0.63438720499
  8982.40000000    0.61701578608
  8982.60000000    0.59953446299
  8982.80000000    0.58505309611
  8983.00000000    0.57295935660
  8983.20000000    0.56438426735
  8983.40000000    0.55938871567
  8983.60000000    0.55789996591
  8983.80000000    0.55916548387
  8984.00000000    0.56303041834
  8984.20000000    0.56991785381
  8984.40000000    0.57829507575
  8984.60000000    0.58792659839
  8984.80000000    0.59879267450
  8985.00000000    0.60957007479
  8985.20000000    0.62065950357
  8985.40000000    0.63091397562
  8985.60000000    0.64193482714
  8985.80000000    0.65256947786
  8986.00000000    0.66355268948
  8986.20000000    0.67408601547
  8986.40000000    0.68397198351
  8986.60000000    0.69374278156
  8986.80000000    0.70460924425
  8987.00000000    0.71646276180
  8987.20000000    0.72791411624
  8987.40000000    0.74063836677
  8987.60000000    0.75233874543
  8987.80000000    0.76420222560
  8988.00000000    0.77606046210
  8988.20000000    0.78734177249
  8988.40000000    0.79985516805
  8988.60000000    0.81219267094
  8988.80000000    0.82479629011
  8989.00000000    0.83695331493
  8989.20000000    0.84994073329
  8989.40000000    0.86341823449
  8989.60000000    0.87681923747
  8989.80000000    0.89146154103
  8990.00000000    0.90651411572
  8990.20000000    0.92233109529
  8990.40000000    0.93840777332
  8990.60000000    0.95430460929
  8990.80000000    0.97031567245
  8991.00000000    0.98636197386
  8991.20000000    1.00250308434
  8991.40000000    1.01879758738
  8991.60000000    1.03392176000
  8991.80000000    1.04755668436
  8992.00000000    1.05979517246
  8992.20000000    1.07057896997
  8992.40000000    1.08023719749
  8992.60000000    1.08824095824
  8992.80000000    1.09593405155
  8993.00000000    1.10245681447
  8993.20000000    1.10874427859
  8993.40000000    1.11348489840
  8993.60000000    1.11811693082
  8993.80000000    1.12206704783
  8994.00000000    1.12611625256
  8994.20000000    1.12957075883
  8994.40000000    1.13345182782
  8994.60000000    1.13686853012
  8994.80000000    1.14033824327
  8995.00000000    1.14372602786
  8995.20000000    1.14582565695
  8995.40000000    1.14713278615
  8995.60000000    1.14702603580
  8995.80000000    1.14657208571
  8996.00000000    1.14532695223
  8996.20000000    1.14344927147
  8996.40000000    1.13976243738
  8996.60000000    1.13475519401
  8996.80000000    1.12880273883
  8997.00000000    1.12232897915
  8997.20000000    1.11500709825
  8997.40000000    1.10878318612
  8997.60000000    1.10141428602
  8997.80000000    1.09462729362
  8998.00000000    1.08815265920
  8998.20000000    1.08117548017
  8998.40000000    1.07444516413
  8998.60000000    1.06782775899
  8998.80000000    1.06087730638
  8999.00000000    1.05467661301
  8999.20000000    1.04835416758
  8999.40000000    1.04285158408
  8999.60000000    1.03684020274
  8999.80000000    1.03059154804
  9000.00000000    1.02496330821
  9000.20000000    1.01923800040
  9000.40000000    1.01554997157
  9000.60000000    1.01235367149
  9000.80000000    1.00956188320
  9001.00000000    1.00702321124
  9001.20000000    1.00413635232
  9001.40000000    1.00261536642
  9001.60000000    1.00107695975
  9001.80000000    1.00057069785
  9002.00000000    0.99983506153
  9002.20000000    0.99837340783
  9002.40000000    0.99745515486
  9002.60000000    0.99554232213
  9002.80000000    0.99414063632
  9003.00000000    0.99302135861
  9003.20000000    0.99261497874
  9003.40000000    0.99291063572
  9003.60000000    0.99365852705
  9003.80000000    0.99425833679
  9004.00000000    0.99469558364
  9004.20000000    0.99605241607
  9004.40000000    0.99606119328
  9004.60000000    0.99690201000
  9004.80000000    0.99894249394
  9005.00000000    0.99957238977
  9005.20000000    1.00133810342
  9005.40000000    1.00273654120
  9005.60000000    1.00309004386
  9005.80000000    1.00441118373
  9006.00000000    1.00529659067
  9006.20000000    1.00668754955
  9006.40000000    1.00799921310
  9006.60000000    1.00926975930
  9006.80000000    1.01062622872
  9007.00000000    1.01199424009
  9007.20000000    1.01342184503
  9007.40000000    1.01467833002
  9007.60000000    1.01626000890
  9007.80000000    1.01773737931
  9008.00000000    1.01894160240
  9008.20000000    1.02071555598
  9008.40000000    1.02203863713
  9008.60000000    1.02381263626
  9008.80000000    1.02514728219
  9009.00000000    1.02586649541
  9009.22786000    1.02663896414
  9009.48358100    1.02770923360
  9009.76716200    1.02901774737
  9010.07860400    1.03091832138
  9010.41790500    1.03201879489
  9010.78506700    1.03251138604
  9011.18009000    1.03235497230
  9011.60297300    1.03057866905
  9012.05371600    1.02869414733
  9012.53231900    1.02691206589
  9013.03878300    1.02603582873
  9013.57310700    1.02540228438
  9014.13529200    1.02412052679
  9014.72533700    1.02112884216
  9015.34324200    1.01657766693
  9015.98900800    1.00934505647
  9016.66263400    1.00179412985
  9017.36412000    0.99322356350
  9018.09346700    0.98569697502
  9018.85067400    0.97750330388
  9019.63574100    0.97035368451
  9020.44866900    0.96391113310
  9021.28945700    0.95734894025
  9022.15810600    0.95183618070
  9023.05461400    0.94675415424
  9023.97898300    0.94272263391
  9024.93121300    0.93957512949
  9025.91130300    0.93708854567
  9026.91925300    0.93590734814
  9027.95506400    0.93463709975
  9029.01873400    0.93461211017
  9030.11026600    0.93564778786
  9031.23272300    0.93821855088
  9032.36737300    0.94244244693
  9033.51421400    0.94758688252
  9034.67324800    0.95387041399
  9035.84447300    0.96058644891
  9037.02789000    0.96797691396
  9038.22349900    0.97564326965
  9039.43130000    0.98274398045
  9040.65129300    0.99024175015
  9041.88347800    0.99756887206
  9043.12785500    1.00479350076
  9044.38442300    1.01105139464
  9045.65318400    1.01636462748
  9046.93413600    1.01928148019
  9048.22728000    1.02032396341
  9049.53261700    1.02074868520
  9050.85014500    1.01993857701
  9052.17986500    1.01903275133
  9053.52177700    1.01820632893
  9054.87588100    1.01766964673
  9056.24217700    1.01708242315
  9057.62066400    1.01631633271
  9059.01134400    1.01575087660
  9060.41421500    1.01535943030
  9061.82927900    1.01503505522
  9063.25653400    1.01512369180
  9064.69598100    1.01464063952
  9066.14762000    1.01374226139
  9067.61145200    1.01397940231
  9069.08747500    1.01470373027
  9070.57568900    1.01521523715
  9072.07609600    1.01574400541
  9073.58869500    1.01644376829
  9075.11348500    1.01684720874
  9076.65046800    1.01702972312
  9078.19964200    1.01660199852
  9079.76100900    1.01614825210
  9081.33456700    1.01486085904
  9082.92031700    1.01319173258
  9084.51825900    1.01187747763
  9086.12839300    1.00962468351
  9087.75071900    1.00669602181
  9089.38523700    1.00387055448
  9091.03194600    1.00033637689
  9092.69084800    0.99558436893
  9094.36194200    0.99099917703
  9096.04522700    0.98717325449
  9097.74070400    0.98391903458
  9099.44837400    0.98171476165
  9101.16823500    0.97987952399
  9102.90028800    0.97889123702
  9104.64453300    0.97852942459
  9106.40097000    0.97841431623
  9108.16959800    0.97927593836
  9109.95041900    0.98015822619
  9111.74343200    0.98166679869
  9113.54863600    0.98352226964
  9115.36603200    0.98559993518
  9117.19562100    0.98773066021
  9119.03740100    0.98940500552
  9120.89137300    0.99071976549
  9122.75753700    0.99191391679
  9124.63589300    0.99334162827
  9126.52644100    0.99516519151
  9128.42918100    0.99708316714
  9130.34411200    0.99870229330
  9132.27123600    0.99992814308
  9134.21055200    1.00088351559
  9136.16205900    1.00158128362
  9138.12575800    1.00286534501
  9140.10164900    1.00353148231
  9142.08973300    1.00395722934
  9144.09000800    1.00426703253
  9146.10247500    1.00450041865
  9148.12713300    1.00446291386
  9150.16398400    1.00424900563
  9152.21302700    1.00404369587
  9154.27426100    1.00383122277
  9156.34768800    1.00372911169
  9158.43330600    1.00475537034
  9160.53111700    1.00513146000
  9162.64111900    1.00451809466
  9164.76331300    1.00451910949
  9166.89769900    1.00432128002
  9169.04427700    1.00359551787
  9171.20304700    1.00425305819
  9173.37400800    1.00381401114
  9175.55716200    1.00319335893
  9177.75250800    1.00339988924
  9179.96004500    1.00239802399
  9182.17977500    1.00222603288
  9184.41169600    1.00193608272
  9186.65580900    1.00149166840
  9188.91211400    1.00141908270
  9191.18061100    1.00109269591
  9193.46130000    1.00116287836
  9195.75418100    1.00112248282
  9198.05925400    1.00041005662
  9200.37651800    1.00015714498
  9202.70597500    0.99944749793
  9205.04762300    0.99921255639
  9207.40146400    0.99887967111
  9209.76749600    0.99882966307
  9212.14572000    0.99829669010
  9214.53613600    0.99863214425
  9216.93874400    0.99829411781
  9219.35354400    0.99725432794
  9221.78053600    0.99721796918
  9224.21972000    0.99742940071
  9226.67109600    0.99764476346
  9229.13466300    0.99779496269
  9231.61042300    0.99803535672
  9234.09837400    0.99801709874
  9236.59851700    0.99792187712
  9239.11085200    0.99852017812
  9241.63538000    0.99897769303
  9244.17209900    0.99933492100
  9246.72100900    1.00018955712
  9249.28211200    1.00094260881
  9251.85540700    1.00153188443
  9254.44089400    1.00231119759
  9257.03857200    1.00242945243
  9259.64844300    1.00234709115
  9262.27050500    1.00266740155
  9264.90475900    1.00274761339
  9267.55120500    1.00284345648
  9270.20984400    1.00354208172
  9272.88067400    1.00482144278
  9275.56369600    1.00572544152
  9278.25890900    1.00616356976
  9280.96631500    1.00636949538
  9283.68591300    1.00655714390
  9286.41770200    1.00693517346
  9289.16168400    1.00725212379
  9291.91785700    1.00743591222
  9294.68622200    1.00809276571
  9297.46678000    1.00820075012
  9300.25952900    1.00752848353
  9303.06447000    1.00673221430
  9305.88160200    1.00678776929
  9308.71092700    1.00735316855
  9311.55244400    1.00708722646
  9314.40615300    1.00678178400
  9317.27205300    1.00655595982
  9320.15014600    1.00656309295
  9323.04043000    1.00634601011
  9325.94290600    1.00517600523
  9328.85757400    1.00329791098
  9331.78443500    1.00172538151
  9334.72348700    1.00131442627
  9337.67473000    1.00165426326
  9340.63816600    1.00269317463
  9343.61379400    1.00331507050
  9346.60161400    1.00320954378
  9349.60162500    1.00259541293
  9352.61382900    1.00273809121
  9355.63822400    1.00285784241
  9358.67481100    1.00295691206
  9361.72359000    1.00264720815
  9364.78456100    1.00248685772
  9367.85772400    1.00261106518
  9370.94307900    1.00248329707
  9374.04062600    1.00195965800
  9377.15036500    1.00140572839
  9380.27229500    1.00110513680
  9383.40641800    1.00019056795
  9386.55273200    0.99982801876
  9389.71123900    1.00011251645
  9392.88193700    1.00014185800
  9396.06482700    1.00007557402
  9399.25990900    1.00017160096
  9402.46718300    1.00016259556
  9405.68664900    1.00042365452
  9408.91830700    1.00054853888
  9412.16215700    1.00030346537
  9415.41819800    1.00038704783
  9418.68643200    1.00069417784
  9421.96685700    1.00029727921
  9425.25947400    0.99944767577
  9428.56428400    0.99892953371
  9431.88128500    0.99834251659
  9435.21047800    0.99788264433
  9438.55186300    0.99751489225
  9441.90544000    0.99703868392
  9445.27120900    0.99706702486
  9448.64916900    0.99640736291
  9452.03932200    0.99598008955
  9455.44166600    0.99639622683
  9458.85620300    0.99677389310
  9462.28293100    0.99656625528
  9465.72185100    0.99606638517
  9469.17296400    0.99573553054
  9472.63626800    0.99473392699
  9476.11176400    0.99409350783
  9479.59945100    0.99377755108
  9483.09933100    0.99395963163
  9486.61140300    0.99432392324
  9490.13566600    0.99495809637
  9493.67212200    0.99611535769
  9497.22076900    0.99757169203
  9500.78160900    0.99880389994
  9504.35464000    0.99824251046
  9507.93986300    0.99800912820
  9511.53727800    0.99752097037
  9515.14688500    0.99549224693
  9518.76868400    0.99480876535
  9522.40267500    0.99363377602
  9526.04885700    0.99284807407
  9529.70723200    0.99259652862
  9533.37779900    0.99289960137
  9537.06055700    0.99293783198
  9540.75550700    0.99377530670
  9544.46265000    0.99539296946
  9548.18198400    0.99696640589
  9551.91351000    0.99831692324
  9555.65722800    0.99947514484
  9559.41313800    0.99973346969
  9563.18123900    0.99957208815
  9566.96153300    0.99867799660
  9570.75401900    0.99741420429
  9574.55869600    0.99609829458
  9578.37556500    0.99561919261
  9582.20462700    0.99523041584
  9586.04588000    0.99518732363
  9589.89932500    0.99579528761
  9593.76496200    0.99640818619
  9597.64279100    0.99699995304
  9601.53281200    0.99748329740
  9605.43502500    0.99772879301
  9609.34942900    0.99765670471
  9613.27602600    0.99790015779
  9617.21481400    0.99916600066
  9621.16579500    0.99894061969
  9625.12896700    0.99918611197
  9629.10433100    0.99978418815
  9633.09188800    0.99940670268
  9637.09163600    0.99939237155
  9641.10357500    0.99908016062
  9645.12770700    0.99894185515
  9649.16403100    0.99888709959
  9653.21254700    0.99992478940
  9657.27325400    1.00056183792
  9661.34615400    1.00172417845
  9665.43124500    1.00281128185
  9669.52852900    1.00325057542
  9673.63800400    1.00397455353
  9677.75967100    1.00345255518
  9681.89353000    1.00310381893
  9686.03958100    1.00277404727
  9690.19782400    1.00176687037
  9694.36825800    1.00059542796
  9698.55088500    1.00006543026
  9702.74570400    1.00014760416
  9706.95271400    1.00014158844
  9711.17191600    1.00048280113
  9715.40331100    1.00165897885
  9719.64689700    1.00251389600
  9723.90267500    1.00303138209
  9728.17064500    1.00391010678
  9732.45080700    1.00431601305
  9736.74316100    1.00454588995
  9741.04770700    1.00460063463
  9745.36444400    1.00364187654
  9749.69337400    1.00340099895
  9754.03449500    1.00390453685
  9758.38780900    1.00301635159
  9762.75331400    1.00287162749
  9767.13101100    1.00342740854
  9771.52090000    1.00333082759
  9775.92298100    1.00427007796
  9780.33725400    1.00416095905
  9784.76371900    1.00379247887
  9789.20237600    1.00357218052
  9793.65322400    1.00282840876
  9798.11626500    1.00281023432
  9802.59149700    1.00212125163
  9807.07892200    1.00152373249
  9811.57853800    1.00192146519
  9816.09034600    1.00321176482
  9820.61434600    1.00374539585
  9825.15053800    1.00362929463
  9829.69892200    1.00182109267
  9834.25949800    1.00158791047
  9838.83226600    1.00168921691
  9843.41722600    1.00081534924
  9848.01437700    0.99955598564
  9852.62372100    0.99925841568
  9857.24525600    0.99821403748
  9861.87898300    0.99706184171
  9866.52490200    0.99728927714
  9871.18301300    0.99783309064
  9875.85331600    0.99844985078
  9880.53581100    0.99882139795
  9885.23049800    0.99906333545
  9889.93737700    0.99919119568
  9894.65644800    0.99957100604
  9899.38771000    0.99924933355
  9904.13116500    0.99925073318
  9908.88681100    0.99930696575
  9913.65464900    0.99839904089
  9918.43467900    0.99748859906
  9923.22690100    0.99709558123
  9928.03131500    0.99471134091
  9932.84792100    0.99302600021
  9937.67671900    0.99157076159
