#---------------------------------
#  energy flat
  10182.0000000    0.00687194312
  10187.0000000    0.00538683229
  10192.0000000    0.00481228877
  10197.0000000    0.00430930003
  10202.0000000    0.00371472116
  10207.0000000    0.00325245361
  10212.0000000    0.00265058916
  10217.0000000    0.00186450364
  10222.0000000    0.00108453280
  10227.0000000    0.00071970987
  10232.0000000    0.00020878506
  10237.0000000   -0.00007836840
  10242.0000000   -0.00020810130
  10247.0000000   -0.00037582329
  10252.0000000   -0.00043920539
  10257.0000000   -0.00045861381
  10262.0000000   -0.00027818920
  10267.0000000   -0.00031750286
  10272.0000000   -0.00040000960
  10277.0000000   -0.00047054717
  10282.0000000   -0.00018773415
  10287.0000000   -0.00028884514
  10292.0000000   -0.00005143689
  10297.0000000   -0.00006395003
  10302.0000000    0.00002332324
  10307.0000000    0.00022157150
  10312.0000000    0.00038638415
  10317.0000000    0.00097402060
  10322.0000000    0.00195169572
  10327.0000000    0.00339356632
  10332.0000000    0.00469206712
  10337.0000000    0.00611728497
  10341.0000000    0.00743002339
  10344.0000000    0.00903189993
  10346.0000000    0.01029726550
  10347.0000000    0.01130821295
  10347.2000000    0.01221413734
  10347.4000000    0.01279663406
  10347.6000000    0.01289802236
  10347.8000000    0.01320158548
  10348.0000000    0.01341212737
  10348.2000000    0.01343792778
  10348.4000000    0.01359148603
  10348.6000000    0.01381165529
  10348.8000000    0.01422567299
  10349.0000000    0.01440603177
  10349.2000000    0.01455373553
  10349.4000000    0.01470326069
  10349.6000000    0.01508241170
  10349.8000000    0.01524689831
  10350.0000000    0.01558038435
  10350.2000000    0.01562192682
  10350.4000000    0.01579591071
  10350.6000000    0.01615957986
  10350.8000000    0.01623468803
  10351.0000000    0.01662463730
  10351.2000000    0.01686497200
  10351.4000000    0.01718726947
  10351.6000000    0.01748549850
  10351.8000000    0.01760887364
  10352.0000000    0.01799583062
  10352.2000000    0.01828000889
  10352.4000000    0.01845074029
  10352.6000000    0.01869276629
  10352.8000000    0.01905422374
  10353.0000000    0.01948879719
  10353.2000000    0.01984179817
  10353.4000000    0.01999821861
  10353.6000000    0.02037697931
  10353.8000000    0.02066792277
  10354.0000000    0.02108415216
  10354.2000000    0.02144756111
  10354.4000000    0.02193482490
  10354.6000000    0.02252824999
  10354.8000000    0.02312336638
  10355.0000000    0.02361206127
  10355.2000000    0.02382728674
  10355.4000000    0.02428748981
  10355.6000000    0.02481053100
  10355.8000000    0.02545963873
  10356.0000000    0.02599139660
  10356.2000000    0.02654657240
  10356.4000000    0.02723106722
  10356.6000000    0.02790879687
  10356.8000000    0.02834558201
  10357.0000000    0.02871653674
  10357.2000000    0.02917387762
  10357.4000000    0.02979956741
  10357.6000000    0.03017169304
  10357.8000000    0.03104066914
  10358.0000000    0.03172724556
  10358.2000000    0.03242097746
  10358.4000000    0.03316219573
  10358.6000000    0.03404197009
  10358.8000000    0.03476120152
  10359.0000000    0.03574232350
  10359.2000000    0.03663940112
  10359.4000000    0.03771341423
  10359.6000000    0.03837188914
  10359.8000000    0.03950795977
  10360.0000000    0.04037602517
  10360.2000000    0.04154800331
  10360.4000000    0.04247006005
  10360.6000000    0.04331054434
  10360.8000000    0.04457086012
  10361.0000000    0.04556447166
  10361.2000000    0.04696945822
  10361.4000000    0.04861031541
  10361.6000000    0.05014149861
  10361.8000000    0.05174800950
  10362.0000000    0.05331978379
  10362.2000000    0.05480517192
  10362.4000000    0.05634194941
  10362.6000000    0.05794247572
  10362.8000000    0.05969899147
  10363.0000000    0.06112518428
  10363.2000000    0.06317897768
  10363.4000000    0.06571257851
  10363.6000000    0.06831903514
  10363.8000000    0.07042708009
  10364.0000000    0.07270997894
  10364.2000000    0.07535169256
  10364.4000000    0.07832672143
  10364.6000000    0.08140556980
  10364.8000000    0.08488434442
  10365.0000000    0.08848163981
  10365.2000000    0.09229841326
  10365.4000000    0.09630630307
  10365.6000000    0.10034008271
  10365.8000000    0.10474178409
  10366.0000000    0.10965581780
  10366.2000000    0.11491435533
  10366.4000000    0.12102426482
  10366.6000000    0.12739970764
  10366.8000000    0.13443553618
  10367.0000000    0.14255782670
  10367.2000000    0.15111699178
  10367.4000000    0.16089206797
  10367.6000000    0.17197802800
  10367.8000000    0.18450132872
  10368.0000000    0.19845806713
  10368.2000000    0.21446283388
  10368.4000000    0.23220729284
  10368.6000000    0.25237394666
  10368.8000000    0.27496930033
  10369.0000000    0.30029726657
  10369.2000000    0.32885664736
  10369.4000000    0.35972750822
  10369.6000000    0.39370540838
  10369.8000000    0.43065855692
  10370.0000000    0.47070768630
  10370.2000000    0.51407331537
  10370.4000000    0.56065539753
  10370.6000000    0.61108166348
  10370.8000000    0.66554687236
  10371.0000000    0.72513176178
  10371.2000000    0.78916827014
  10371.4000000    0.86068914987
  10371.6000000    0.94461815146
  10371.8000000    1.03260261863
  10372.0000000    1.09824429619
  10372.2000000    1.18035762738
  10372.4000000    1.27775324139
  10372.6000000    1.37520557884
  10372.8000000    1.47165967433
  10373.0000000    1.56579915341
  10373.2000000    1.65660221301
  10373.4000000    1.73786492186
  10373.6000000    1.81038609120
  10373.8000000    1.87489505907
  10374.0000000    1.93069553172
  10374.2000000    1.97844451183
  10374.4000000    2.01902511519
  10374.6000000    2.05230750191
  10374.8000000    2.08048775321
  10375.0000000    2.10524961782
  10375.2000000    2.12616662894
  10375.4000000    2.14454732799
  10375.6000000    2.16087074137
  10375.8000000    2.17461777108
  10376.0000000    2.18649771975
  10376.2000000    2.19645022069
  10376.4000000    2.20347038403
  10376.6000000    2.20685176811
  10376.8000000    2.20679602702
  10377.0000000    2.20270392127
  10377.2000000    2.19420518700
  10377.4000000    2.18075236429
  10377.6000000    2.16241258429
  10377.8000000    2.13942991335
  10378.0000000    2.11250897045
  10378.2000000    2.08142130024
  10378.4000000    2.04773252122
  10378.6000000    2.01226486255
  10378.8000000    1.97485439808
  10379.0000000    1.93591978813
  10379.2000000    1.89655334854
  10379.4000000    1.85669991669
  10379.6000000    1.81605896186
  10379.8000000    1.77455294421
  10380.0000000    1.73237076799
  10380.2000000    1.68896627451
  10380.4000000    1.64552284941
  10380.6000000    1.60161896941
  10380.8000000    1.55806177226
  10381.0000000    1.51488872600
  10381.2000000    1.47188958933
  10381.4000000    1.42995918686
  10381.6000000    1.38941808364
  10381.8000000    1.34991058683
  10382.0000000    1.31228702714
  10382.2000000    1.27679121073
  10382.4000000    1.24363415880
  10382.6000000    1.21249270343
  10382.8000000    1.18352088191
  10383.0000000    1.15677567758
  10383.2000000    1.13233176707
  10383.4000000    1.11007778463
  10383.6000000    1.09106753682
  10383.8000000    1.07419049270
  10384.0000000    1.05793827672
  10384.2000000    1.04002425742
  10384.4000000    1.02898114837
  10384.6000000    1.01947824702
  10384.8000000    1.01085880999
  10385.0000000    1.00311372976
  10385.2000000    0.99621100150
  10385.4000000    0.98960680817
  10385.6000000    0.98472600042
  10385.8000000    0.98032456515
  10386.0000000    0.97646729153
  10386.2000000    0.97342374553
  10386.4000000    0.97073779735
  10386.6000000    0.96867693137
  10386.8000000    0.96711156785
  10387.0000000    0.96681293701
  10387.2000000    0.96732985271
  10387.4000000    0.96835658045
  10387.6000000    0.96981636094
  10387.8000000    0.97215881809
  10388.0000000    0.97492079670
  10388.2000000    0.97861540926
  10388.4000000    0.98234965149
  10388.6000000    0.98664886508
  10388.8000000    0.99068613642
  10389.0000000    0.99518091595
  10389.2000000    0.99960109579
  10389.4000000    1.00369740457
  10389.6000000    1.00838314114
  10389.8000000    1.01357426064
  10390.0000000    1.01954136999
  10390.2000000    1.02571541274
  10390.4000000    1.03068766980
  10390.6000000    1.03440766202
  10390.8000000    1.03990410819
  10391.0000000    1.04562283782
  10391.2000000    1.05100702390
  10391.4000000    1.05604495706
  10391.6000000    1.06110455862
  10391.8000000    1.06554235524
  10392.0000000    1.06947543626
  10392.2000000    1.07307579284
  10392.4000000    1.07642460658
  10392.6000000    1.07913183850
  10392.8000000    1.08125291057
  10393.0000000    1.08293613571
  10393.2000000    1.08440086167
  10393.4000000    1.08563251659
  10393.6000000    1.08666310466
  10393.8000000    1.08734509243
  10394.0000000    1.08760432267
  10394.2000000    1.08794662209
  10394.4000000    1.08801994089
  10394.6000000    1.08812793085
  10394.8000000    1.08789122124
  10395.0000000    1.08712741171
  10395.2000000    1.08579799253
  10395.4000000    1.08392455960
  10395.6000000    1.08148759758
  10395.8000000    1.07879934504
  10396.0000000    1.07549994605
  10396.2000000    1.07172860667
  10396.4000000    1.06697091247
  10396.6000000    1.06153806143
  10396.8000000    1.05555000488
  10397.0000000    1.04823212917
  10397.2278600    1.03975497412
  10397.4835810    1.03096341873
  10397.7671620    1.02021747775
  10398.0786040    1.00374954401
  10398.4179050    0.98817217992
  10398.7850670    0.97231176754
  10399.1800900    0.95422427645
  10399.6029730    0.93485704494
  10400.0537160    0.91458161971
  10400.5323190    0.89450412132
  10401.0387830    0.87549495856
  10401.5731070    0.85660708441
  10402.1352920    0.84019774769
  10402.7253370    0.82698601802
  10403.3432420    0.81923865744
  10403.9890080    0.81630484071
  10404.6626340    0.81759570408
  10405.3641200    0.82278963470
  10406.0934670    0.83050941673
  10406.8506740    0.84126275074
  10407.6357410    0.85299804200
  10408.4486690    0.86477555159
  10409.2894570    0.87745510980
  10410.1581060    0.89326651682
  10411.0546140    0.91577104514
  10411.9789830    0.94358515512
  10412.9312130    0.96958534073
  10413.9113030    0.99081495277
  10414.9192530    1.02245689332
  10415.9550640    1.05246163018
  10417.0187340    1.07984333234
  10418.1102660    1.10415270893
  10419.2327230    1.12418718283
  10420.3673730    1.13953173827
  10421.5142140    1.15233609165
  10422.6732480    1.16315128633
  10423.8444730    1.17124247123
  10425.0278900    1.17608528970
  10426.2234990    1.17889690147
  10427.4313000    1.17997804472
  10428.6512930    1.17918581814
  10429.8834780    1.17587929900
  10431.1278550    1.17023485020
  10432.3844230    1.16245381586
  10433.6531840    1.15236935100
  10434.9341360    1.14117884373
  10436.2272800    1.12971461537
  10437.5326170    1.11788527912
  10438.8501450    1.10701441727
  10440.1798650    1.09702651334
  10441.5217770    1.08726736855
  10442.8758810    1.07796329730
  10444.2421770    1.06950349710
  10445.6206640    1.06187203601
  10447.0113440    1.05494863382
  10448.4142150    1.04819331604
  10449.8292790    1.04096696151
  10451.2565340    1.03352788274
  10452.6959810    1.02574382475
  10454.1476200    1.01793814117
  10455.6114520    1.01087105577
  10457.0874750    1.00500512771
  10458.5756890    0.99993878748
  10460.0760960    0.99557983620
  10461.5886950    0.99214233208
  10463.1134850    0.98876778875
  10464.6504680    0.98565438049
  10466.1996420    0.98310410474
  10467.7610090    0.98094304394
  10469.3345670    0.97954422281
  10470.9203170    0.97918490371
  10472.5182590    0.97918715523
  10474.1283930    0.97978634164
  10475.7507190    0.98127975016
  10477.3852370    0.98284398565
  10479.0319460    0.98441621286
  10480.6908480    0.98577148259
  10482.3619420    0.98638743820
  10484.0452270    0.98605083514
  10485.7407040    0.98516145006
  10487.4483740    0.98485697961
  10489.1682350    0.98475269440
  10490.9002880    0.98445214570
  10492.6445330    0.98576927395
  10494.4009700    0.98897243025
  10496.1695980    0.99366307098
  10497.9504190    0.99946163680
  10499.7434320    1.00611007983
  10501.5486360    1.01323351700
  10503.3660320    1.01920966067
  10505.1956210    1.02425504507
  10507.0374010    1.02803510063
  10508.8913730    1.03029382695
  10510.7575370    1.03191333000
  10512.6358930    1.03320066889
  10514.5264410    1.03422611425
  10516.4291810    1.03471802822
  10518.3441120    1.03494702232
  10520.2712360    1.03420925091
  10522.2105520    1.03206678843
  10524.1620590    1.02776816201
  10526.1257580    1.02227321911
  10528.1016490    1.01573310169
  10530.0897330    1.00790786319
  10532.0900080    0.99946747002
  10534.1024750    0.99146645125
  10536.1271330    0.98392243646
  10538.1639840    0.97733987639
  10540.2130270    0.97198097161
  10542.2742610    0.96827262073
  10544.3476880    0.96550021604
  10546.4333060    0.96396158153
  10548.5311170    0.96298086248
  10550.6411190    0.96216972030
  10552.7633130    0.96229300716
  10554.8976990    0.96357175136
  10557.0442770    0.96552833724
  10559.2030470    0.96781029605
  10561.3740080    0.97051451510
  10563.5571620    0.97349718543
  10565.7525080    0.97624344746
  10567.9600450    0.97850539718
  10570.1797750    0.98061015839
  10572.4116960    0.98187995995
  10574.6558090    0.98255318006
  10576.9121140    0.98304044007
  10579.1806110    0.98400162286
  10581.4613000    0.98504461598
  10583.7541810    0.98616811685
  10586.0592540    0.98715744938
  10588.3765180    0.98693380706
  10590.7059750    0.98593325105
  10593.0476230    0.98443545622
  10595.4014640    0.98164390005
  10597.7674960    0.97827433163
  10600.1457200    0.97461602073
  10602.5361360    0.97144297935
  10604.9387440    0.96825501372
  10607.3535440    0.96643472164
  10609.7805360    0.96640793819
  10612.2197200    0.96742829078
  10614.6710960    0.96875746279
  10617.1346630    0.97100417959
  10619.6104230    0.97398328663
  10622.0983740    0.97638816282
  10624.5985170    0.97871301414
  10627.1108520    0.98057386445
  10629.6353800    0.98284140752
  10632.1720990    0.98510666911
  10634.7210090    0.98776571990
  10637.2821120    0.98960476629
  10639.8554070    0.99025669485
  10642.4408940    0.99105816622
  10645.0385720    0.99226314226
  10647.6484430    0.99288312147
  10650.2705050    0.99345748486
  10652.9047590    0.99453366782
  10655.5512050    0.99469901503
  10658.2098440    0.99351530714
  10660.8806740    0.99182007352
  10663.5636960    0.99059420184
  10666.2589090    0.98753589693
  10668.9663150    0.98410765512
  10671.6859130    0.98109180364
  10674.4177020    0.97849812880
  10677.1616840    0.97600647276
  10679.9178570    0.97391178158
  10682.6862220    0.97297058349
  10685.4667800    0.97339063753
  10688.2595290    0.97525323802
  10691.0644700    0.97767745154
  10693.8816020    0.97994366060
  10696.7109270    0.98268293123
  10699.5524440    0.98489903595
  10702.4061530    0.98718841773
  10705.2720530    0.98915537175
  10708.1501460    0.99141427658
  10711.0404300    0.99330478819
  10713.9429060    0.99479649510
  10716.8575740    0.99659794435
  10719.7844350    0.99821451280
  10722.7234870    1.00013746615
  10725.6747300    1.00110431824
  10728.6381660    1.00207233429
  10731.6137940    1.00387049543
  10734.6016140    1.00479083205
  10737.6016250    1.00469046682
  10740.6138290    1.00453444227
  10743.6382240    1.00436955292
  10746.6748110    1.00356710840
  10749.7235900    1.00250902583
  10752.7845610    1.00169248488
  10755.8577240    1.00061757563
  10758.9430790    0.99984729626
  10762.0406260    0.99928737627
  10765.1503650    0.99980939938
  10768.2722950    1.00107423755
  10771.4064180    1.00300894051
  10774.5527320    1.00386096875
  10777.7112390    1.00492705197
  10780.8819370    1.00717970897
  10784.0648270    1.00921505385
  10787.2599090    1.01018966651
  10790.4671830    1.01167971651
  10793.6866490    1.01310327768
  10796.9183070    1.01349098453
  10800.1621570    1.01302485072
  10803.4181980    1.01253296272
  10806.6864320    1.01256447051
  10809.9668570    1.01228478452
  10813.2594740    1.01341707102
  10816.5642840    1.01525189295
  10819.8812850    1.01678162526
  10823.2104780    1.01821064962
  10826.5518630    1.01920889889
  10829.9054400    1.01959930350
  10833.2712090    1.01966014335
  10836.6491690    1.01940247540
  10840.0393220    1.01804114690
  10843.4416660    1.01707321660
  10846.8562030    1.01609108508
  10850.2829310    1.01512273116
  10853.7218510    1.01462390262
  10857.1729640    1.01393071359
  10860.6362680    1.01329466449
  10864.1117640    1.01272267121
  10867.5994510    1.01257292454
  10871.0993310    1.01294420018
  10874.6114030    1.01355096683
  10878.1356660    1.01427682868
  10881.6721220    1.01480009783
  10885.2207690    1.01529477526
  10888.7816090    1.01548238043
  10892.3546400    1.01550648662
  10895.9398630    1.01529392793
  10899.5372780    1.01437812654
  10903.1468850    1.01420315753
  10906.7686840    1.01381328821
  10910.4026750    1.01336514834
  10914.0488570    1.01389693472
  10917.7072320    1.01402023538
  10921.3777990    1.01404887625
  10925.0605570    1.01381949062
  10928.7555070    1.01303159887
  10932.4626500    1.01205891161
  10936.1819840    1.01082345016
  10939.9135100    1.00926077947
  10943.6572280    1.00796140229
  10947.4131380    1.00677244863
  10951.1812390    1.00580334722
  10954.9615330    1.00464574582
  10958.7540190    1.00456283260
  10962.5586960    1.00472399129
  10966.3755650    1.00412142842
  10970.2046270    1.00308505510
  10974.0458800    1.00315134978
  10977.8993250    1.00310546332
  10981.7649620    1.00188062327
  10985.6427910    1.00158893480
  10989.5328120    1.00166013286
  10993.4350250    1.00197412169
  10997.3494290    1.00241499503
  11001.2760260    1.00192052559
  11005.2148140    1.00125121233
  11009.1657950    1.00117252209
  11013.1289670    1.00061372778
  11017.1043310    1.00018527646
  11021.0918880    1.00026372602
  11025.0916360    1.00027542036
  11029.1035750    0.99988247412
  11033.1277070    0.99997153042
  11037.1640310    0.99984439497
  11041.2125470    0.99912789598
  11045.2732540    0.99825083160
  11049.3461540    0.99716066526
  11053.4312450    0.99592433234
  11057.5285290    0.99530041227
  11061.6380040    0.99513526849
  11065.7596710    0.99508431530
  11069.8935300    0.99474160181
  11074.0395810    0.99452605048
  11078.1978240    0.99375988680
  11082.3682580    0.99353941916
  11086.5508850    0.99294627554
  11090.7457040    0.99271049447
  11094.9527140    0.99210374458
  11099.1719160    0.99122725567
  11103.4033110    0.99091242549
  11107.6468970    0.99085675619
  11111.9026750    0.99060037766
  11116.1706450    0.99046745316
  11120.4508070    0.99098645550
  11124.7431610    0.99121838824
  11129.0477070    0.99167830348
  11133.3644440    0.99159462583
  11137.6933740    0.99101129921
  11142.0344950    0.99073159147
  11146.3878090    0.99023675448
  11150.7533140    0.99012097745
  11155.1310110    0.98995904837
  11159.5209000    0.98893734250
  11163.9229810    0.99053688882
  11168.3372540    0.99011666241
  11172.7637190    0.98850067109
  11177.2023760    0.98919096191
  11181.6532240    0.98845299123
  11186.1162650    0.98840520583
  11190.5914970    0.98857090160
  11195.0789220    0.98856919791
  11199.5785380    0.98941812430
  11204.0903460    0.99070781077
  11208.6143460    0.99161865216
  11213.1505380    0.99252283546
  11217.6989220    0.99272425036
  11222.2594980    0.99406355120
  11226.8322660    0.99515682656
  11231.4172260    0.99437410177
  11236.0143770    0.99437097113
  11240.6237210    0.99466120835
  11245.2452560    0.99330806945
  11249.8789830    0.99437040987
  11254.5249020    0.99577662407
  11259.1830130    0.99737677183
  11263.8533160    0.99969050123
  11268.5358110    1.00164930162
  11273.2304980    1.00398117638
  11277.9373770    1.00564851731
  11282.6564480    1.00729626661
  11287.3877100    1.00802570858
  11292.1311650    1.00934533396
  11296.8868110    1.01153222024
  11301.6546490    1.01327451428
  11306.4346790    1.01585830371
  11311.2269010    1.01872081200
  11316.0313150    1.02088591987
  11320.8479210    1.02429471720
  11325.6767190    1.02831816308
