#---------------------------------
#  energy flat
  8794.00000000    0.00735588617
  8799.00000000    0.00607178633
  8804.00000000    0.00474612239
  8809.00000000    0.00227241254
  8814.00000000    0.00008624185
  8819.00000000   -0.00213045249
  8824.00000000   -0.00355353229
  8829.00000000   -0.00359022206
  8834.00000000   -0.00310995833
  8839.00000000   -0.00214862262
  8844.00000000   -0.00085704715
  8849.00000000    0.00028028655
  8854.00000000    0.00094223085
  8859.00000000    0.00157202792
  8864.00000000    0.00187126051
  8869.00000000    0.00165256544
  8874.00000000    0.00223073211
  8879.00000000    0.00251551467
  8884.00000000    0.00333738335
  8889.00000000    0.00308215734
  8894.00000000    0.00275224583
  8899.00000000    0.00139443466
  8904.00000000   -0.00066444599
  8909.00000000   -0.00265513553
  8914.00000000   -0.00354762362
  8919.00000000   -0.00302076264
  8924.00000000   -0.00203702128
  8929.00000000   -8.49483382e-6
  8934.00000000    0.00197262256
  8939.00000000    0.00325429409
  8944.00000000    0.00482772611
  8949.00000000    0.00568060550
  8953.00000000    0.00700887357
  8956.00000000    0.00814165978
  8958.00000000    0.00879045081
  8959.00000000    0.00981672760
  8959.20000000    0.01072418894
  8959.40000000    0.01105413660
  8959.60000000    0.01157940305
  8959.80000000    0.01141837478
  8960.00000000    0.01176423369
  8960.20000000    0.01188538669
  8960.40000000    0.01169123702
  8960.60000000    0.01229362437
  8960.80000000    0.01292539883
  8961.00000000    0.01333847468
  8961.20000000    0.01345995240
  8961.40000000    0.01359100934
  8961.60000000    0.01329457303
  8961.80000000    0.01297995241
  8962.00000000    0.01370183654
  8962.20000000    0.01397528300
  8962.40000000    0.01456078493
  8962.60000000    0.01526805668
  8962.80000000    0.01482582129
  8963.00000000    0.01459887496
  8963.20000000    0.01456188954
  8963.40000000    0.01450834343
  8963.60000000    0.01448954231
  8963.80000000    0.01523951468
  8964.00000000    0.01560469441
  8964.20000000    0.01556900787
  8964.40000000    0.01634950388
  8964.60000000    0.01654696597
  8964.80000000    0.01685028662
  8965.00000000    0.01679917591
  8965.20000000    0.01721484952
  8965.40000000    0.01725271196
  8965.60000000    0.01716068659
  8965.80000000    0.01738282736
  8966.00000000    0.01746923537
  8966.20000000    0.01751066972
  8966.40000000    0.01775537850
  8966.60000000    0.01812916330
  8966.80000000    0.01820810275
  8967.00000000    0.01914949729
  8967.20000000    0.02024448416
  8967.40000000    0.02066308025
  8967.60000000    0.02062512067
  8967.80000000    0.02032900908
  8968.00000000    0.02038164625
  8968.20000000    0.02078254513
  8968.40000000    0.02168188848
  8968.60000000    0.02254535032
  8968.80000000    0.02344859031
  8969.00000000    0.02369070134
  8969.20000000    0.02354948095
  8969.40000000    0.02372323852
  8969.60000000    0.02340293531
  8969.80000000    0.02335539652
  8970.00000000    0.02390875121
  8970.20000000    0.02451747058
  8970.40000000    0.02493785263
  8970.60000000    0.02558667486
  8970.80000000    0.02596938944
  8971.00000000    0.02657908297
  8971.20000000    0.02715354444
  8971.40000000    0.02811945529
  8971.60000000    0.02892998786
  8971.80000000    0.03002351349
  8972.00000000    0.03034420664
  8972.20000000    0.03102939746
  8972.40000000    0.03133385463
  8972.60000000    0.03226290982
  8972.80000000    0.03347236033
  8973.00000000    0.03450435161
  8973.20000000    0.03525156386
  8973.40000000    0.03610382288
  8973.60000000    0.03678706539
  8973.80000000    0.03763948677
  8974.00000000    0.03887118056
  8974.20000000    0.03978270090
  8974.40000000    0.04127254672
  8974.60000000    0.04236915719
  8974.80000000    0.04356837902
  8975.00000000    0.04539008820
  8975.20000000    0.04713548829
  8975.40000000    0.04876139160
  8975.60000000    0.05133011805
  8975.80000000    0.05340916746
  8976.00000000    0.05582381450
  8976.20000000    0.05930289217
  8976.40000000    0.06210622849
  8976.60000000    0.06567298042
  8976.80000000    0.06979857467
  8977.00000000    0.07455639784
  8977.20000000    0.08009647036
  8977.40000000    0.08613206489
  8977.60000000    0.09318484334
  8977.80000000    0.10186219361
  8978.00000000    0.11224967928
  8978.20000000    0.12465075076
  8978.40000000    0.13961320990
  8978.60000000    0.15824954580
  8978.80000000    0.18031816714
  8979.00000000    0.20692019784
  8979.20000000    0.23887328169
  8979.40000000    0.27628717388
  8979.60000000    0.31917242780
  8979.80000000    0.36668607154
  8980.00000000    0.41882842983
  8980.20000000    0.47287926740
  8980.40000000    0.52565219243
  8980.60000000    0.57421774768
  8980.80000000    0.61587929980
  8981.00000000    0.64745118784
  8981.20000000    0.66917760091
  8981.40000000    0.67931430804
  8981.60000000    0.67888190273
  8981.80000000    0.67085692654
  8982.00000000    0.65700731497
  8982.20000000    0.63990403490
  8982.40000000    0.62193133949
  8982.60000000    0.60448065192
  8982.80000000    0.58927201156
  8983.00000000    0.57712403635
  8983.20000000    0.56759267232
  8983.40000000    0.56227765025
  8983.60000000    0.56002540401
  8983.80000000    0.56094146746
  8984.00000000    0.56499694055
  8984.20000000    0.57191126561
  8984.40000000    0.58027175033
  8984.60000000    0.58949260069
  8984.80000000    0.59916142287
  8985.00000000    0.60957728358
  8985.20000000    0.61987740302
  8985.40000000    0.63077178044
  8985.60000000    0.64145348783
  8985.80000000    0.65252682822
  8986.00000000    0.66288223498
  8986.20000000    0.67357650784
  8986.40000000    0.68393017117
  8986.60000000    0.69461393317
  8986.80000000    0.70573949735
  8987.00000000    0.71718119727
  8987.20000000    0.72938535993
  8987.40000000    0.74152395051
  8987.60000000    0.75356092517
  8987.80000000    0.76536006405
  8988.00000000    0.77694913068
  8988.20000000    0.78901230911
  8988.40000000    0.80135184515
  8988.60000000    0.81351930114
  8988.80000000    0.82593437707
  8989.00000000    0.83767454476
  8989.20000000    0.84966639138
  8989.40000000    0.86231354332
  8989.60000000    0.87615649624
  8989.80000000    0.89044628455
  8990.00000000    0.90495576693
  8990.20000000    0.92056298501
  8990.40000000    0.93613531705
  8990.60000000    0.95217526654
  8990.80000000    0.96883285390
  8991.00000000    0.98482900891
  8991.20000000    1.00071900196
  8991.40000000    1.01634924072
  8991.60000000    1.03115731097
  8991.80000000    1.04503508110
  8992.00000000    1.05800300844
  8992.20000000    1.06884079701
  8992.40000000    1.07890544973
  8992.60000000    1.08732184746
  8992.80000000    1.09459395492
  8993.00000000    1.10048537628
  8993.20000000    1.10543350877
  8993.40000000    1.11069891360
  8993.60000000    1.11516423087
  8993.80000000    1.12007183750
  8994.00000000    1.12485509792
  8994.20000000    1.12923280501
  8994.40000000    1.13304617094
  8994.60000000    1.13631500359
  8994.80000000    1.13869769801
  8995.00000000    1.14125836012
  8995.20000000    1.14277474560
  8995.40000000    1.14368165391
  8995.60000000    1.14334620668
  8995.80000000    1.14255260158
  8996.00000000    1.14048287012
  8996.20000000    1.13750491952
  8996.40000000    1.13378013541
  8996.60000000    1.12873408892
  8996.80000000    1.12274085696
  8997.00000000    1.11651060115
  8997.20000000    1.10946759376
  8997.40000000    1.10244831231
  8997.60000000    1.09571025938
  8997.80000000    1.08805651878
  8998.00000000    1.08146852910
  8998.20000000    1.07438438940
  8998.40000000    1.06795003489
  8998.60000000    1.06109031922
  8998.80000000    1.05382797276
  8999.00000000    1.04712351588
  8999.20000000    1.04125815569
  8999.40000000    1.03530286962
  8999.60000000    1.02962881210
  8999.80000000    1.02381482189
  9000.00000000    1.01892175772
  9000.20000000    1.01433492550
  9000.40000000    1.00978221027
  9000.60000000    1.00560749001
  9000.80000000    1.00176140737
  9001.00000000    0.99892684751
  9001.20000000    0.99629071274
  9001.40000000    0.99497068767
  9001.60000000    0.99448001774
  9001.80000000    0.99459691950
  9002.00000000    0.99395789565
  9002.20000000    0.99303768616
  9002.40000000    0.99059716128
  9002.60000000    0.98882200818
  9002.80000000    0.98761026494
  9003.00000000    0.98680119538
  9003.20000000    0.98705462959
  9003.40000000    0.98777633084
  9003.60000000    0.98817723067
  9003.80000000    0.98855412272
  9004.00000000    0.98994188816
  9004.20000000    0.99150307529
  9004.40000000    0.99367215888
  9004.60000000    0.99538113637
  9004.80000000    0.99660630324
  9005.00000000    0.99777986120
  9005.20000000    0.99892064397
  9005.40000000    0.99985590077
  9005.60000000    1.00112564018
  9005.80000000    1.00274025322
  9006.00000000    1.00403179183
  9006.20000000    1.00523600238
  9006.40000000    1.00688120355
  9006.60000000    1.00821372131
  9006.80000000    1.00981512835
  9007.00000000    1.01103501144
  9007.20000000    1.01161911520
  9007.40000000    1.01283546939
  9007.60000000    1.01370796711
  9007.80000000    1.01621707277
  9008.00000000    1.01774522225
  9008.20000000    1.01931171014
  9008.40000000    1.02069605189
  9008.60000000    1.02213009725
  9008.80000000    1.02406455692
  9009.00000000    1.02520509886
  9009.22786000    1.02651364540
  9009.48358100    1.02766288731
  9009.76716200    1.02865673493
  9010.07860400    1.02991636004
  9010.41790500    1.03063972382
  9010.78506700    1.03257350350
  9011.18009000    1.03226822004
  9011.60297300    1.03202160883
  9012.05371600    1.02959409829
  9012.53231900    1.02806632294
  9013.03878300    1.02787180271
  9013.57310700    1.02707848141
  9014.13529200    1.02600980160
  9014.72533700    1.02325910580
  9015.34324200    1.01835785036
  9015.98900800    1.01281503261
  9016.66263400    1.00471516337
  9017.36412000    0.99676448562
  9018.09346700    0.98799471519
  9018.85067400    0.97951058305
  9019.63574100    0.97197195349
  9020.44866900    0.96555778023
  9021.28945700    0.95983525107
  9022.15810600    0.95446377103
  9023.05461400    0.94960866598
  9023.97898300    0.94480919505
  9024.93121300    0.94126264094
  9025.91130300    0.93917751884
  9026.91925300    0.93657730526
  9027.95506400    0.93656279040
  9029.01873400    0.93629597676
  9030.11026600    0.93796746382
  9031.23272300    0.94089226216
  9032.36737300    0.94495682232
  9033.51421400    0.95044042993
  9034.67324800    0.95607929489
  9035.84447300    0.96290637729
  9037.02789000    0.97034304789
  9038.22349900    0.97712552163
  9039.43130000    0.98368472489
  9040.65129300    0.99059868226
  9041.88347800    0.99827234300
  9043.12785500    1.00523475187
  9044.38442300    1.01127681614
  9045.65318400    1.01550622684
  9046.93413600    1.01730150001
  9048.22728000    1.01760304633
  9049.53261700    1.01741589586
  9050.85014500    1.01732782079
  9052.17986500    1.01699366779
  9053.52177700    1.01606633757
  9054.87588100    1.01527127965
  9056.24217700    1.01464683724
  9057.62066400    1.01346761554
  9059.01134400    1.01265356730
  9060.41421500    1.01233493625
  9061.82927900    1.01107421172
  9063.25653400    1.01125616548
  9064.69598100    1.01134489938
  9066.14762000    1.01085336166
  9067.61145200    1.01166008038
  9069.08747500    1.01273085604
  9070.57568900    1.01359422393
  9072.07609600    1.01414662240
  9073.58869500    1.01476702965
  9075.11348500    1.01586137576
  9076.65046800    1.01679843029
  9078.19964200    1.01654204632
  9079.76100900    1.01602516766
  9081.33456700    1.01521016021
  9082.92031700    1.01404087451
  9084.51825900    1.01259754558
  9086.12839300    1.01058957883
  9087.75071900    1.00775690344
  9089.38523700    1.00546564410
  9091.03194600    1.00187012686
  9092.69084800    0.99786173233
  9094.36194200    0.99417922951
  9096.04522700    0.99016606762
  9097.74070400    0.98662011044
  9099.44837400    0.98356736352
  9101.16823500    0.98128062572
  9102.90028800    0.97951054054
  9104.64453300    0.97861043310
  9106.40097000    0.97877808792
  9108.16959800    0.97904165194
  9109.95041900    0.98036264578
  9111.74343200    0.98181370299
  9113.54863600    0.98333867967
  9115.36603200    0.98499085806
  9117.19562100    0.98684690024
  9119.03740100    0.98906400514
  9120.89137300    0.99100315294
  9122.75753700    0.99308780826
  9124.63589300    0.99498938521
  9126.52644100    0.99640495072
  9128.42918100    0.99808691014
  9130.34411200    0.99975701107
  9132.27123600    1.00075317616
  9134.21055200    1.00183852840
  9136.16205900    1.00252796879
  9138.12575800    1.00309299047
  9140.10164900    1.00371059520
  9142.08973300    1.00360927677
  9144.09000800    1.00303877808
  9146.10247500    1.00254822695
  9148.12713300    1.00261271921
  9150.16398400    1.00273286083
  9152.21302700    1.00296388492
  9154.27426100    1.00302136779
  9156.34768800    1.00196624455
  9158.43330600    1.00150592279
  9160.53111700    1.00122023899
  9162.64111900    1.00019578889
  9164.76331300    1.00091994926
  9166.89769900    1.00180129668
  9169.04427700    1.00168483049
  9171.20304700    1.00251889428
  9173.37400800    1.00273284787
  9175.55716200    1.00249069615
  9177.75250800    1.00305107951
  9179.96004500    1.00299045469
  9182.17977500    1.00281020904
  9184.41169600    1.00267208137
  9186.65580900    1.00270922841
  9188.91211400    1.00294667694
  9191.18061100    1.00308311021
  9193.46130000    1.00325395873
  9195.75418100    1.00338293543
  9198.05925400    1.00311124673
  9200.37651800    1.00247788205
  9202.70597500    1.00144291712
  9205.04762300    1.00042493953
  9207.40146400    0.99932557436
  9209.76749600    0.99844423596
  9212.14572000    0.99777249760
  9214.53613600    0.99697364263
  9216.93874400    0.99662081783
  9219.35354400    0.99665753815
  9221.78053600    0.99662369145
  9224.21972000    0.99726744629
  9226.67109600    0.99788352583
  9229.13466300    0.99863495460
  9231.61042300    0.99949641275
  9234.09837400    0.99969053755
  9236.59851700    1.00003465678
  9239.11085200    1.00062717042
  9241.63538000    1.00093489601
  9244.17209900    1.00085653341
  9246.72100900    1.00107952112
  9249.28211200    1.00134246208
  9251.85540700    1.00185350891
  9254.44089400    1.00264676151
  9257.03857200    1.00325008307
  9259.64844300    1.00383849550
  9262.27050500    1.00416846449
  9264.90475900    1.00415945758
  9267.55120500    1.00461190733
  9270.20984400    1.00509945271
  9272.88067400    1.00557176289
  9275.56369600    1.00605026264
  9278.25890900    1.00655410659
  9280.96631500    1.00700145408
  9283.68591300    1.00786086896
  9286.41770200    1.00821825801
  9289.16168400    1.00788948988
  9291.91785700    1.00754997273
  9294.68622200    1.00740653677
  9297.46678000    1.00734096650
  9300.25952900    1.00711717793
  9303.06447000    1.00698810694
  9305.88160200    1.00650205060
  9308.71092700    1.00613826907
  9311.55244400    1.00580906676
  9314.40615300    1.00546051518
  9317.27205300    1.00506076711
  9320.15014600    1.00475948562
  9323.04043000    1.00446897027
  9325.94290600    1.00451780304
  9328.85757400    1.00415195122
  9331.78443500    1.00442931310
  9334.72348700    1.00387303057
  9337.67473000    1.00330265594
  9340.63816600    1.00317340008
  9343.61379400    1.00275297865
  9346.60161400    1.00211051097
  9349.60162500    1.00181096299
  9352.61382900    1.00161009123
  9355.63822400    1.00141367866
  9358.67481100    1.00099728728
  9361.72359000    1.00093009335
  9364.78456100    1.00156338399
  9367.85772400    1.00108256466
  9370.94307900    1.00026787212
  9374.04062600    0.99987323837
  9377.15036500    0.99905464809
  9380.27229500    0.99836308049
  9383.40641800    0.99835112963
  9386.55273200    0.99943468816
  9389.71123900    1.00002189692
  9392.88193700    0.99980321965
  9396.06482700    0.99967836661
  9399.25990900    0.99947514807
  9402.46718300    0.99938927861
  9405.68664900    0.99880207323
  9408.91830700    0.99834468938
  9412.16215700    0.99878174118
  9415.41819800    0.99930425078
  9418.68643200    0.99958219229
  9421.96685700    0.99936639998
  9425.25947400    1.00037387538
  9428.56428400    1.00120658222
  9431.88128500    1.00093668086
  9435.21047800    1.00057814480
  9438.55186300    1.00112351460
  9441.90544000    1.00179755408
  9445.27120900    1.00158732873
  9448.64916900    1.00034787768
  9452.03932200    0.99961562785
  9455.44166600    0.99894654615
  9458.85620300    0.99779527487
  9462.28293100    0.99653216963
  9465.72185100    0.99567402439
  9469.17296400    0.99470989170
  9472.63626800    0.99365097512
  9476.11176400    0.99338001506
  9479.59945100    0.99301295282
  9483.09933100    0.99302207259
  9486.61140300    0.99290160516
  9490.13566600    0.99360311805
  9493.67212200    0.99512738925
  9497.22076900    0.99580192066
  9500.78160900    0.99601357246
  9504.35464000    0.99599788905
  9507.93986300    0.99669536987
  9511.53727800    0.99666144658
  9515.14688500    0.99597707817
  9518.76868400    0.99534310819
  9522.40267500    0.99436217358
  9526.04885700    0.99361009257
  9529.70723200    0.99359123359
  9533.37779900    0.99397933334
  9537.06055700    0.99451079397
  9540.75550700    0.99490349893
  9544.46265000    0.99465711451
  9548.18198400    0.99445783274
  9551.91351000    0.99415113476
  9555.65722800    0.99425758983
  9559.41313800    0.99456454460
  9563.18123900    0.99475185961
  9566.96153300    0.99494262515
  9570.75401900    0.99460075097
  9574.55869600    0.99439030393
  9578.37556500    0.99500488978
  9582.20462700    0.99582981284
  9586.04588000    0.99735085167
  9589.89932500    0.99881496686
  9593.76496200    0.99988962618
  9597.64279100    1.00055012468
  9601.53281200    1.00123350167
  9605.43502500    1.00154907938
  9609.34942900    1.00127957525
  9613.27602600    1.00062852968
  9617.21481400    0.99868569628
  9621.16579500    0.99680086070
  9625.12896700    0.99605266876
  9629.10433100    0.99553409240
  9633.09188800    0.99596136878
  9637.09163600    0.99711456726
  9641.10357500    0.99826068818
  9645.12770700    0.99820204593
  9649.16403100    0.99897353613
  9653.21254700    1.00026654320
  9657.27325400    1.00152435971
  9661.34615400    1.00289457991
  9665.43124500    1.00381236358
  9669.52852900    1.00538775647
  9673.63800400    1.00635677981
  9677.75967100    1.00608572001
  9681.89353000    1.00682469086
  9686.03958100    1.00794483365
  9690.19782400    1.00837338890
  9694.36825800    1.00889531041
  9698.55088500    1.00847515827
  9702.74570400    1.00722569783
  9706.95271400    1.00558505378
  9711.17191600    1.00328734464
  9715.40331100    1.00146264822
  9719.64689700    1.00089943404
  9723.90267500    1.00050083319
  9728.17064500    1.00050326707
  9732.45080700    1.00122075462
  9736.74316100    1.00146255396
  9741.04770700    1.00220574010
  9745.36444400    1.00213063829
  9749.69337400    1.00166746958
  9754.03449500    1.00099576958
  9758.38780900    1.00075160926
  9762.75331400    1.00046278962
  9767.13101100    1.00117418301
  9771.52090000    1.00184562833
  9775.92298100    1.00181167911
  9780.33725400    1.00106865541
  9784.76371900    1.00074873419
  9789.20237600    1.00060499640
  9793.65322400    1.00062301225
  9798.11626500    1.00155596943
  9802.59149700    1.00269094377
  9807.07892200    1.00296948738
  9811.57853800    1.00312754907
  9816.09034600    1.00289897305
  9820.61434600    1.00174255530
  9825.15053800    1.00147843891
  9829.69892200    0.99972358389
  9834.25949800    0.99852118854
  9838.83226600    0.99901821149
  9843.41722600    0.99822791783
  9848.01437700    0.99786809755
  9852.62372100    0.99867099529
  9857.24525600    0.99912406497
  9861.87898300    0.99995757638
  9866.52490200    1.00062531457
  9871.18301300    1.00126231128
  9875.85331600    1.00175387387
  9880.53581100    1.00250192325
  9885.23049800    1.00263578913
  9889.93737700    1.00172672893
  9894.65644800    1.00088060885
  9899.38771000    1.00042947513
  9904.13116500    0.99981042324
  9908.88681100    0.99809523319
  9913.65464900    0.99764182252
  9918.43467900    0.99615843580
  9923.22690100    0.99479175594
  9928.03131500    0.99364739808
  9932.84792100    0.99292772666
  9937.67671900    0.99257011768
