#---------------------------------
#  energy flat
  8794.00000000    0.01277354190
  8799.00000000    0.01059784796
  8804.00000000    0.00906596322
  8809.00000000    0.00706187996
  8814.00000000    0.00408131687
  8819.00000000    0.00125320090
  8824.00000000   -0.00089902307
  8829.00000000   -0.00164692477
  8834.00000000   -0.00203136496
  8839.00000000   -0.00117814119
  8844.00000000   -0.00039382007
  8849.00000000    0.00028111808
  8854.00000000    0.00107276011
  8859.00000000    0.00110819548
  8864.00000000    0.00054805352
  8869.00000000    0.00059877667
  8874.00000000    0.00051427835
  8879.00000000    0.00183840872
  8884.00000000    0.00327967361
  8889.00000000    0.00230223993
  8894.00000000    0.00238999826
  8899.00000000    0.00098859792
  8904.00000000   -0.00122908357
  8909.00000000   -0.00194856293
  8914.00000000   -0.00230759527
  8919.00000000   -0.00258631294
  8924.00000000   -0.00070127189
  8929.00000000    0.00146260961
  8934.00000000    0.00326841261
  8939.00000000    0.00457144154
  8944.00000000    0.00463788311
  8949.00000000    0.00464080504
  8953.00000000    0.00612920063
  8956.00000000    0.00828119037
  8958.00000000    0.01036489887
  8959.00000000    0.01234006113
  8959.20000000    0.01443892709
  8959.40000000    0.01595599624
  8959.60000000    0.01559288415
  8959.80000000    0.01648078591
  8960.00000000    0.01625074208
  8960.20000000    0.01580279360
  8960.40000000    0.01586494009
  8960.60000000    0.01562262297
  8960.80000000    0.01549291863
  8961.00000000    0.01534275881
  8961.20000000    0.01600565034
  8961.40000000    0.01631541576
  8961.60000000    0.01639780241
  8961.80000000    0.01581721631
  8962.00000000    0.01606217016
  8962.20000000    0.01646172435
  8962.40000000    0.01724024315
  8962.60000000    0.01755603755
  8962.80000000    0.01739877215
  8963.00000000    0.01679471608
  8963.20000000    0.01707627447
  8963.40000000    0.01690953495
  8963.60000000    0.01823776776
  8963.80000000    0.01907054740
  8964.00000000    0.01969920292
  8964.20000000    0.01986685661
  8964.40000000    0.02017210029
  8964.60000000    0.01984193228
  8964.80000000    0.01985929205
  8965.00000000    0.02004180287
  8965.20000000    0.01977214001
  8965.40000000    0.02060405837
  8965.60000000    0.02104839928
  8965.80000000    0.02158662007
  8966.00000000    0.02183803355
  8966.20000000    0.02233749659
  8966.40000000    0.02329946871
  8966.60000000    0.02333405414
  8966.80000000    0.02381306171
  8967.00000000    0.02404638824
  8967.20000000    0.02543814068
  8967.40000000    0.02599703226
  8967.60000000    0.02662138137
  8967.80000000    0.02709242207
  8968.00000000    0.02736192249
  8968.20000000    0.02760644570
  8968.40000000    0.02855592922
  8968.60000000    0.02849641946
  8968.80000000    0.02917158428
  8969.00000000    0.02918097717
  8969.20000000    0.02984106953
  8969.40000000    0.02950702575
  8969.60000000    0.02997462132
  8969.80000000    0.03015885470
  8970.00000000    0.03083509612
  8970.20000000    0.03185003716
  8970.40000000    0.03280038196
  8970.60000000    0.03363100840
  8970.80000000    0.03441168040
  8971.00000000    0.03517491143
  8971.20000000    0.03539122761
  8971.40000000    0.03681355561
  8971.60000000    0.03791419433
  8971.80000000    0.03875128039
  8972.00000000    0.03999230827
  8972.20000000    0.04050835101
  8972.40000000    0.04132735012
  8972.60000000    0.04162893335
  8972.80000000    0.04244943970
  8973.00000000    0.04380997063
  8973.20000000    0.04504906062
  8973.40000000    0.04651596003
  8973.60000000    0.04826729821
  8973.80000000    0.04984874827
  8974.00000000    0.05094874103
  8974.20000000    0.05256959481
  8974.40000000    0.05467125993
  8974.60000000    0.05708643214
  8974.80000000    0.05948846978
  8975.00000000    0.06185131904
  8975.20000000    0.06447298390
  8975.40000000    0.06720984539
  8975.60000000    0.07101857383
  8975.80000000    0.07549630399
  8976.00000000    0.08014155375
  8976.20000000    0.08611490220
  8976.40000000    0.09278330620
  8976.60000000    0.10020619429
  8976.80000000    0.10920501533
  8977.00000000    0.12149867526
  8977.20000000    0.13574551019
  8977.40000000    0.15314399569
  8977.60000000    0.17403369266
  8977.80000000    0.20079669513
  8978.00000000    0.23085819695
  8978.20000000    0.26540203190
  8978.40000000    0.30247631691
  8978.60000000    0.34156255949
  8978.80000000    0.38100148198
  8979.00000000    0.42001529132
  8979.20000000    0.45556753345
  8979.40000000    0.48778546283
  8979.60000000    0.51538382949
  8979.80000000    0.53853747380
  8980.00000000    0.55623180398
  8980.20000000    0.56971029758
  8980.40000000    0.57878045766
  8980.60000000    0.58556104078
  8980.80000000    0.59068831979
  8981.00000000    0.59317913977
  8981.20000000    0.59346306564
  8981.40000000    0.59265890410
  8981.60000000    0.59010260571
  8981.80000000    0.58703032708
  8982.00000000    0.58360786507
  8982.20000000    0.58115556673
  8982.40000000    0.57984439665
  8982.60000000    0.57967090956
  8982.80000000    0.58119687733
  8983.00000000    0.58406465197
  8983.20000000    0.58808410510
  8983.40000000    0.59354828820
  8983.60000000    0.60078448877
  8983.80000000    0.60849259968
  8984.00000000    0.61721350666
  8984.20000000    0.62520138852
  8984.40000000    0.63178509023
  8984.60000000    0.63764050364
  8984.80000000    0.64396050586
  8985.00000000    0.65042060834
  8985.20000000    0.65800977938
  8985.40000000    0.66621577069
  8985.60000000    0.67389178354
  8985.80000000    0.68107313043
  8986.00000000    0.68903106524
  8986.20000000    0.69757524426
  8986.40000000    0.70692917037
  8986.60000000    0.71666220182
  8986.80000000    0.72655449598
  8987.00000000    0.73688101737
  8987.20000000    0.74852350456
  8987.40000000    0.76027745285
  8987.60000000    0.77323217006
  8987.80000000    0.78625786784
  8988.00000000    0.79999878588
  8988.20000000    0.81296124366
  8988.40000000    0.82613959254
  8988.60000000    0.84006610540
  8988.80000000    0.85385064592
  8989.00000000    0.86878750733
  8989.20000000    0.88301459521
  8989.40000000    0.89779455063
  8989.60000000    0.91247215224
  8989.80000000    0.92711630260
  8990.00000000    0.94209455418
  8990.20000000    0.95519233242
  8990.40000000    0.96913086150
  8990.60000000    0.98196471784
  8990.80000000    0.99368937960
  8991.00000000    1.00398229608
  8991.20000000    1.01282322701
  8991.40000000    1.02131138496
  8991.60000000    1.02999605316
  8991.80000000    1.03721409363
  8992.00000000    1.04366874399
  8992.20000000    1.04897070411
  8992.40000000    1.05448381579
  8992.60000000    1.05844955397
  8992.80000000    1.06056625407
  8993.00000000    1.06170058220
  8993.20000000    1.06284753563
  8993.40000000    1.06299080009
  8993.60000000    1.06252096739
  8993.80000000    1.06039717663
  8994.00000000    1.05793546845
  8994.20000000    1.05432731311
  8994.40000000    1.05151748798
  8994.60000000    1.04883419201
  8994.80000000    1.04489872601
  8995.00000000    1.04018587222
  8995.20000000    1.03449882731
  8995.40000000    1.02905264645
  8995.60000000    1.02427689449
  8995.80000000    1.01923320328
  8996.00000000    1.01473656193
  8996.20000000    1.01104600123
  8996.40000000    1.00749101210
  8996.60000000    1.00403865032
  8996.80000000    1.00233439733
  8997.00000000    0.99997828739
  8997.20000000    0.99895234833
  8997.40000000    0.99897450978
  8997.60000000    0.99890227946
  8997.80000000    0.99817453123
  8998.00000000    0.99750742195
  8998.20000000    0.99684303022
  8998.40000000    0.99763304874
  8998.60000000    0.99881960633
  8998.80000000    1.00125235871
  8999.00000000    1.00383403098
  8999.20000000    1.00779518140
  8999.40000000    1.01133400536
  8999.60000000    1.01572692448
  8999.80000000    1.01956832444
  9000.00000000    1.02457237399
  9000.20000000    1.02961423718
  9000.40000000    1.03392521864
  9000.60000000    1.03817238205
  9000.80000000    1.04262810813
  9001.00000000    1.04763045042
  9001.20000000    1.05243848990
  9001.40000000    1.05650918742
  9001.60000000    1.05992867115
  9001.80000000    1.06276498237
  9002.00000000    1.06390878817
  9002.20000000    1.06455382697
  9002.40000000    1.06401688573
  9002.60000000    1.06245299533
  9002.80000000    1.05916279367
  9003.00000000    1.05672797704
  9003.20000000    1.05343803687
  9003.40000000    1.04925959834
  9003.60000000    1.04573521953
  9003.80000000    1.04149675196
  9004.00000000    1.03755146622
  9004.20000000    1.03316834805
  9004.40000000    1.02912771993
  9004.60000000    1.02595862495
  9004.80000000    1.02212711761
  9005.00000000    1.01892404598
  9005.20000000    1.01593771656
  9005.40000000    1.01130991076
  9005.60000000    1.00645765460
  9005.80000000    1.00297216871
  9006.00000000    1.00098652123
  9006.20000000    0.99916227793
  9006.40000000    0.99709614283
  9006.60000000    0.99514124192
  9006.80000000    0.99262512824
  9007.00000000    0.99029001246
  9007.20000000    0.98779181182
  9007.40000000    0.98410990560
  9007.60000000    0.98101832178
  9007.80000000    0.97814455523
  9008.00000000    0.97589448556
  9008.20000000    0.97334029530
  9008.40000000    0.97037001754
  9008.60000000    0.96673646387
  9008.80000000    0.96271029241
  9009.00000000    0.96153380368
  9009.22786000    0.95927637827
  9009.48358100    0.95922774501
  9009.76716200    0.96001724195
  9010.07860400    0.96057630400
  9010.41790500    0.96119785474
  9010.78506700    0.96030841344
  9011.18009000    0.95943965300
  9011.60297300    0.96108574000
  9012.05371600    0.96215370107
  9012.53231900    0.96322243533
  9013.03878300    0.96564277106
  9013.57310700    0.96893209195
  9014.13529200    0.97283042464
  9014.72533700    0.97894808411
  9015.34324200    0.98450435195
  9015.98900800    0.98986155118
  9016.66263400    0.99566623979
  9017.36412000    1.00310651103
  9018.09346700    1.01005775094
  9018.85067400    1.01794104439
  9019.63574100    1.02460293871
  9020.44866900    1.03277539790
  9021.28945700    1.03976689636
  9022.15810600    1.04519027181
  9023.05461400    1.04993587340
  9023.97898300    1.05154946685
  9024.93121300    1.05193169124
  9025.91130300    1.04902688869
  9026.91925300    1.04322846212
  9027.95506400    1.03727724365
  9029.01873400    1.02738038320
  9030.11026600    1.01667339915
  9031.23272300    1.00880209445
  9032.36737300    1.00125202821
  9033.51421400    0.99571249465
  9034.67324800    0.99153374766
  9035.84447300    0.98947166570
  9037.02789000    0.98916998730
  9038.22349900    0.98963897971
  9039.43130000    0.99075772941
  9040.65129300    0.99257994784
  9041.88347800    0.99285476766
  9043.12785500    0.99468699556
  9044.38442300    0.99493455339
  9045.65318400    0.99485974194
  9046.93413600    0.99526645394
  9048.22728000    0.99692153879
  9049.53261700    0.99894076556
  9050.85014500    0.99951360050
  9052.17986500    1.00144899405
  9053.52177700    1.00484716304
  9054.87588100    1.00911412945
  9056.24217700    1.01149840023
  9057.62066400    1.01305061892
  9059.01134400    1.01505978088
  9060.41421500    1.01738731403
  9061.82927900    1.02115469270
  9063.25653400    1.02531339756
  9064.69598100    1.02809056165
  9066.14762000    1.03076463083
  9067.61145200    1.03462201437
  9069.08747500    1.03436547940
  9070.57568900    1.03490636152
  9072.07609600    1.03467914063
  9073.58869500    1.03190104450
  9075.11348500    1.02741707484
  9076.65046800    1.02278170681
  9078.19964200    1.01847325110
  9079.76100900    1.01410635552
  9081.33456700    1.00910447177
  9082.92031700    1.00337874443
  9084.51825900    0.99809068727
  9086.12839300    0.99269884049
  9087.75071900    0.98808867395
  9089.38523700    0.98393146209
  9091.03194600    0.98121882760
  9092.69084800    0.97647598497
  9094.36194200    0.97253102508
  9096.04522700    0.97082106496
  9097.74070400    0.96951464536
  9099.44837400    0.96949205570
  9101.16823500    0.97137757470
  9102.90028800    0.97437155564
  9104.64453300    0.97809939578
  9106.40097000    0.98182087603
  9108.16959800    0.98501648178
  9109.95041900    0.98772200170
  9111.74343200    0.98971527565
  9113.54863600    0.99204216583
  9115.36603200    0.99390968807
  9117.19562100    0.99733586940
  9119.03740100    1.00185566265
  9120.89137300    1.00720964283
  9122.75753700    1.01306582225
  9124.63589300    1.01854551168
  9126.52644100    1.02257127872
  9128.42918100    1.02547237970
  9130.34411200    1.02738600506
  9132.27123600    1.02810073150
  9134.21055200    1.02701863993
  9136.16205900    1.02525382470
  9138.12575800    1.02275311911
  9140.10164900    1.01778536154
  9142.08973300    1.01126137195
  9144.09000800    1.00490653370
  9146.10247500    0.99834942668
  9148.12713300    0.99263436743
  9150.16398400    0.98785480629
  9152.21302700    0.98269793815
  9154.27426100    0.97811376171
  9156.34768800    0.97513882504
  9158.43330600    0.97441198563
  9160.53111700    0.97422293907
  9162.64111900    0.97590193278
  9164.76331300    0.97922867950
  9166.89769900    0.98267761697
  9169.04427700    0.98469368133
  9171.20304700    0.98631426853
  9173.37400800    0.98701569833
  9175.55716200    0.98719111673
  9177.75250800    0.98813543759
  9179.96004500    0.98886332460
  9182.17977500    0.99015549302
  9184.41169600    0.99168074790
  9186.65580900    0.99248000909
  9188.91211400    0.99349332538
  9191.18061100    0.99428527342
  9193.46130000    0.99534415321
  9195.75418100    0.99766814151
  9198.05925400    1.00056945029
  9200.37651800    1.00394596351
  9202.70597500    1.00683599455
  9205.04762300    1.00925972596
  9207.40146400    1.01104224740
  9209.76749600    1.01169342515
  9212.14572000    1.01122739681
  9214.53613600    1.01003726394
  9216.93874400    1.00835377314
  9219.35354400    1.00614928301
  9221.78053600    1.00401584233
  9224.21972000    1.00186206862
  9226.67109600    0.99907463866
  9229.13466300    0.99682566855
  9231.61042300    0.99535966237
  9234.09837400    0.99431521752
  9236.59851700    0.99294076013
  9239.11085200    0.99290535194
  9241.63538000    0.99160393135
  9244.17209900    0.99054966615
  9246.72100900    0.98994613529
  9249.28211200    0.98931778822
  9251.85540700    0.98970622842
  9254.44089400    0.99053427217
  9257.03857200    0.99173375327
  9259.64844300    0.99285580833
  9262.27050500    0.99404242023
  9264.90475900    0.99547216636
  9267.55120500    0.99697609548
  9270.20984400    0.99842056355
  9272.88067400    0.99922664681
  9275.56369600    0.99980071950
  9278.25890900    1.00112492510
  9280.96631500    1.00198555559
  9283.68591300    1.00319033841
  9286.41770200    1.00491826108
  9289.16168400    1.00661233471
  9291.91785700    1.00789170887
  9294.68622200    1.00914163460
  9297.46678000    1.01023446575
  9300.25952900    1.01072216255
  9303.06447000    1.01015796734
  9305.88160200    1.00847538051
  9308.71092700    1.00668062082
  9311.55244400    1.00529414717
  9314.40615300    1.00405393741
  9317.27205300    1.00296453589
  9320.15014600    1.00141250645
  9323.04043000    1.00028089876
  9325.94290600    0.99946959794
  9328.85757400    0.99876824433
  9331.78443500    0.99824337563
  9334.72348700    0.99845418766
  9337.67473000    0.99860507035
  9340.63816600    0.99955277817
  9343.61379400    0.99998578922
  9346.60161400    1.00071822359
  9349.60162500    1.00164693443
  9352.61382900    1.00161326274
  9355.63822400    1.00196144518
  9358.67481100    1.00261243844
  9361.72359000    1.00288645393
  9364.78456100    1.00283837521
  9367.85772400    1.00244599851
  9370.94307900    1.00165223572
  9374.04062600    1.00172852576
  9377.15036500    1.00190506396
  9380.27229500    1.00234739932
  9383.40641800    1.00259362687
  9386.55273200    1.00278776145
  9389.71123900    1.00226376968
  9392.88193700    1.00140423770
  9396.06482700    1.00107104676
  9399.25990900    1.00130613685
  9402.46718300    1.00108603875
  9405.68664900    1.00138029078
  9408.91830700    1.00230877353
  9412.16215700    1.00264561087
  9415.41819800    1.00300678150
  9418.68643200    1.00358148963
  9421.96685700    1.00419419394
  9425.25947400    1.00364398687
  9428.56428400    1.00280823590
  9431.88128500    1.00203031860
  9435.21047800    1.00022774989
  9438.55186300    0.99869475687
  9441.90544000    0.99727085819
  9445.27120900    0.99720893719
  9448.64916900    0.99783820262
  9452.03932200    0.99899859617
  9455.44166600    1.00005808497
  9458.85620300    1.00073861344
  9462.28293100    1.00081510370
  9465.72185100    0.99996385330
  9469.17296400    0.99920476116
  9472.63626800    0.99857630078
  9476.11176400    0.99708985793
  9479.59945100    0.99634540976
  9483.09933100    0.99615877795
  9486.61140300    0.99622219722
  9490.13566600    0.99625417160
  9493.67212200    0.99696022863
  9497.22076900    0.99805499952
  9500.78160900    0.99792285430
  9504.35464000    0.99765087994
  9507.93986300    0.99912715015
  9511.53727800    0.99915687899
  9515.14688500    0.99817429813
  9518.76868400    0.99802313025
  9522.40267500    0.99776687693
  9526.04885700    0.99814983754
  9529.70723200    0.99808866255
  9533.37779900    0.99897447783
  9537.06055700    0.99966537697
  9540.75550700    0.99870120622
  9544.46265000    0.99823188217
  9548.18198400    0.99834972530
  9551.91351000    0.99807992083
  9555.65722800    0.99845617116
  9559.41313800    0.99830083642
  9563.18123900    0.99857226413
  9566.96153300    1.00063532267
  9570.75401900    1.00230166684
  9574.55869600    1.00207068907
  9578.37556500    1.00203892914
  9582.20462700    1.00315483963
  9586.04588000    1.00345574685
  9589.89932500    1.00198925826
  9593.76496200    1.00126491548
  9597.64279100    1.00014645216
  9601.53281200    0.99894628442
  9605.43502500    0.99947202018
  9609.34942900    0.99935577336
  9613.27602600    0.99866794750
  9617.21481400    0.99887682379
  9621.16579500    0.99874280362
  9625.12896700    0.99770241111
  9629.10433100    0.99768644407
  9633.09188800    0.99861116430
  9637.09163600    0.99985928210
  9641.10357500    1.00117180223
  9645.12770700    1.00237241341
  9649.16403100    1.00320213522
  9653.21254700    1.00419609411
  9657.27325400    1.00522882159
  9661.34615400    1.00454099384
  9665.43124500    1.00415089268
  9669.52852900    1.00397095920
  9673.63800400    1.00489207017
  9677.75967100    1.00518766242
  9681.89353000    1.00540367899
  9686.03958100    1.00581175232
  9690.19782400    1.00581233516
  9694.36825800    1.00545874411
  9698.55088500    1.00343313364
  9702.74570400    1.00116516860
  9706.95271400    0.99967239908
  9711.17191600    0.99861844202
  9715.40331100    0.99739734233
  9719.64689700    0.99725406061
  9723.90267500    0.99781090189
  9728.17064500    0.99877631268
  9732.45080700    0.99887301146
  9736.74316100    0.99903765610
  9741.04770700    0.99895374861
  9745.36444400    0.99860711551
  9749.69337400    0.99954724647
  9754.03449500    0.99940352352
  9758.38780900    0.99946061590
  9762.75331400    1.00164271906
  9767.13101100    1.00172145637
  9771.52090000    1.00228509296
  9775.92298100    1.00150696949
  9780.33725400    1.00016323814
  9784.76371900    1.00029485929
  9789.20237600    0.99963251573
  9793.65322400    0.99742276592
  9798.11626500    0.99619926211
  9802.59149700    0.99576929074
  9807.07892200    0.99563180302
  9811.57853800    0.99514581862
  9816.09034600    0.99652594914
  9820.61434600    0.99657107653
  9825.15053800    0.99691448196
  9829.69892200    0.99628607784
  9834.25949800    0.99566288174
  9838.83226600    0.99620495148
  9843.41722600    0.99563239765
  9848.01437700    0.99570347824
  9852.62372100    0.99578855362
  9857.24525600    0.99605857719
  9861.87898300    0.99559671238
  9866.52490200    0.99604157235
  9871.18301300    0.99713352203
  9875.85331600    0.99860002745
  9880.53581100    1.00037829777
  9885.23049800    1.00240556316
  9889.93737700    1.00424613961
  9894.65644800    1.00494414983
  9899.38771000    1.00480724395
  9904.13116500    1.00295322335
  9908.88681100    1.00164360745
  9913.65464900    1.00145870558
  9918.43467900    1.00152027045
  9923.22690100    1.00246636799
  9928.03131500    1.00386020713
  9932.84792100    1.00599883496
  9937.67671900    1.00609076229
