#---------------------------------
#  energy flat
  8794.00000000    0.00541213914
  8799.00000000    0.00481330485
  8804.00000000    0.00421973654
  8809.00000000    0.00232204588
  8814.00000000    0.00069173586
  8819.00000000   -0.00078493892
  8824.00000000   -0.00206822023
  8829.00000000   -0.00284622983
  8834.00000000   -0.00252377922
  8839.00000000   -0.00224187673
  8844.00000000   -0.00120035523
  8849.00000000   -0.00055207151
  8854.00000000    0.00056449034
  8859.00000000    0.00139840020
  8864.00000000    0.00215779630
  8869.00000000    0.00255225932
  8874.00000000    0.00212285824
  8879.00000000    0.00231774025
  8884.00000000    0.00282476379
  8889.00000000    0.00211402721
  8894.00000000    0.00228600216
  8899.00000000    0.00151891950
  8904.00000000   -0.00015141205
  8909.00000000   -0.00206437408
  8914.00000000   -0.00294414892
  8919.00000000   -0.00305350947
  8924.00000000   -0.00227950025
  8929.00000000   -0.00043596852
  8934.00000000    0.00185569894
  8939.00000000    0.00363577550
  8944.00000000    0.00446073317
  8949.00000000    0.00527608042
  8953.00000000    0.00623770878
  8956.00000000    0.00713353052
  8958.00000000    0.00839048576
  8959.00000000    0.00888902508
  8959.20000000    0.00968381726
  8959.40000000    0.00959471306
  8959.60000000    0.01001983276
  8959.80000000    0.01015848262
  8960.00000000    0.01075632678
  8960.20000000    0.01116156737
  8960.40000000    0.01172031156
  8960.60000000    0.01199140106
  8960.80000000    0.01217138893
  8961.00000000    0.01287507949
  8961.20000000    0.01330283218
  8961.40000000    0.01317304822
  8961.60000000    0.01348982018
  8961.80000000    0.01401696843
  8962.00000000    0.01466470784
  8962.20000000    0.01498134815
  8962.40000000    0.01514527476
  8962.60000000    0.01510145807
  8962.80000000    0.01503210134
  8963.00000000    0.01514758084
  8963.20000000    0.01504833962
  8963.40000000    0.01506416027
  8963.60000000    0.01542463994
  8963.80000000    0.01536028590
  8964.00000000    0.01513505587
  8964.20000000    0.01530372187
  8964.40000000    0.01548673769
  8964.60000000    0.01599045228
  8964.80000000    0.01614845465
  8965.00000000    0.01624497659
  8965.20000000    0.01639626483
  8965.40000000    0.01622395799
  8965.60000000    0.01642132364
  8965.80000000    0.01706603511
  8966.00000000    0.01733593976
  8966.20000000    0.01774526149
  8966.40000000    0.01822435758
  8966.60000000    0.01870253213
  8966.80000000    0.01905024178
  8967.00000000    0.01902999040
  8967.20000000    0.01889336064
  8967.40000000    0.01930492042
  8967.60000000    0.01949149078
  8967.80000000    0.02011711304
  8968.00000000    0.02017177036
  8968.20000000    0.02053554128
  8968.40000000    0.02084757385
  8968.60000000    0.02136142548
  8968.80000000    0.02191516698
  8969.00000000    0.02250221586
  8969.20000000    0.02274157777
  8969.40000000    0.02275147418
  8969.60000000    0.02281863823
  8969.80000000    0.02275270439
  8970.00000000    0.02321336952
  8970.20000000    0.02380476284
  8970.40000000    0.02358809004
  8970.60000000    0.02419080525
  8970.80000000    0.02487606484
  8971.00000000    0.02576564483
  8971.20000000    0.02665851606
  8971.40000000    0.02706546810
  8971.60000000    0.02777969063
  8971.80000000    0.02792373813
  8972.00000000    0.02868640777
  8972.20000000    0.02883611621
  8972.40000000    0.02956521516
  8972.60000000    0.03041740663
  8972.80000000    0.03118455236
  8973.00000000    0.03234164463
  8973.20000000    0.03347951603
  8973.40000000    0.03450206226
  8973.60000000    0.03517191883
  8973.80000000    0.03600028170
  8974.00000000    0.03719923858
  8974.20000000    0.03804458426
  8974.40000000    0.03976987682
  8974.60000000    0.04132836915
  8974.80000000    0.04265976568
  8975.00000000    0.04409345406
  8975.20000000    0.04579386482
  8975.40000000    0.04790436453
  8975.60000000    0.04978697853
  8975.80000000    0.05195830041
  8976.00000000    0.05470493168
  8976.20000000    0.05737178320
  8976.40000000    0.06087092439
  8976.60000000    0.06439231439
  8976.80000000    0.06742146600
  8977.00000000    0.07149749637
  8977.20000000    0.07628930639
  8977.40000000    0.08222804897
  8977.60000000    0.08833609311
  8977.80000000    0.09562872165
  8978.00000000    0.10475365130
  8978.20000000    0.11566072352
  8978.40000000    0.12901621766
  8978.60000000    0.14522653647
  8978.80000000    0.16528129107
  8979.00000000    0.19052515193
  8979.20000000    0.22071930643
  8979.40000000    0.25756164128
  8979.60000000    0.30123659779
  8979.80000000    0.35320298675
  8980.00000000    0.41221382179
  8980.20000000    0.47597918730
  8980.40000000    0.54086633134
  8980.60000000    0.60306721543
  8980.80000000    0.65750726846
  8981.00000000    0.69837468076
  8981.20000000    0.72199102674
  8981.40000000    0.72778244502
  8981.60000000    0.71504474101
  8981.80000000    0.68882391758
  8982.00000000    0.65151428846
  8982.20000000    0.61061541278
  8982.40000000    0.57150781539
  8982.60000000    0.53519914328
  8982.80000000    0.50489138139
  8983.00000000    0.48103306026
  8983.20000000    0.46478993821
  8983.40000000    0.45554589433
  8983.60000000    0.45372497233
  8983.80000000    0.45709031126
  8984.00000000    0.46421022007
  8984.20000000    0.47423160829
  8984.40000000    0.48657692835
  8984.60000000    0.50022049700
  8984.80000000    0.51452104820
  8985.00000000    0.52782032165
  8985.20000000    0.54020612763
  8985.40000000    0.55068780168
  8985.60000000    0.55979905171
  8985.80000000    0.56789717502
  8986.00000000    0.57576180124
  8986.20000000    0.58600091165
  8986.40000000    0.59766175695
  8986.60000000    0.61027421575
  8986.80000000    0.62448613632
  8987.00000000    0.64067179875
  8987.20000000    0.65780078038
  8987.40000000    0.67693628439
  8987.60000000    0.69687108252
  8987.80000000    0.71868680893
  8988.00000000    0.74187397897
  8988.20000000    0.76669562870
  8988.40000000    0.79124573304
  8988.60000000    0.81573203515
  8988.80000000    0.83949496965
  8989.00000000    0.86320884644
  8989.20000000    0.88784076438
  8989.40000000    0.91200603136
  8989.60000000    0.93680734547
  8989.80000000    0.96101931081
  8990.00000000    0.98404529059
  8990.20000000    1.00620651006
  8990.40000000    1.02602533241
  8990.60000000    1.04529430035
  8990.80000000    1.06180196143
  8991.00000000    1.07604595151
  8991.20000000    1.08850468565
  8991.40000000    1.09756808735
  8991.60000000    1.10266295352
  8991.80000000    1.10469740394
  8992.00000000    1.10489156832
  8992.20000000    1.10345055681
  8992.40000000    1.10081855551
  8992.60000000    1.09703900873
  8992.80000000    1.09392815618
  8993.00000000    1.09222323631
  8993.20000000    1.09103877279
  8993.40000000    1.08923309894
  8993.60000000    1.08877622139
  8993.80000000    1.09015024136
  8994.00000000    1.09421588475
  8994.20000000    1.10172671454
  8994.40000000    1.11223722790
  8994.60000000    1.12350279657
  8994.80000000    1.13387384915
  8995.00000000    1.14908136211
  8995.20000000    1.16505261889
  8995.40000000    1.18162463699
  8995.60000000    1.19775606678
  8995.80000000    1.21340504355
  8996.00000000    1.22859895030
  8996.20000000    1.24116872575
  8996.40000000    1.25119757241
  8996.60000000    1.25940403444
  8996.80000000    1.26573597842
  8997.00000000    1.26975869677
  8997.20000000    1.27132237196
  8997.40000000    1.26909997445
  8997.60000000    1.26424870537
  8997.80000000    1.25642469544
  8998.00000000    1.24530039997
  8998.20000000    1.23199642146
  8998.40000000    1.21760703246
  8998.60000000    1.20245266829
  8998.80000000    1.18815077758
  8999.00000000    1.17377085981
  8999.20000000    1.15897378511
  8999.40000000    1.14525483115
  8999.60000000    1.13199972009
  8999.80000000    1.11994016108
  9000.00000000    1.10650503452
  9000.20000000    1.09505983429
  9000.40000000    1.08581177698
  9000.60000000    1.07958288346
  9000.80000000    1.07314747158
  9001.00000000    1.06875754173
  9001.20000000    1.06449311395
  9001.40000000    1.06173598377
  9001.60000000    1.06028999300
  9001.80000000    1.05908851526
  9002.00000000    1.05732954021
  9002.20000000    1.05558442760
  9002.40000000    1.05348666441
  9002.60000000    1.05053624481
  9002.80000000    1.04754966035
  9003.00000000    1.04442132784
  9003.20000000    1.04106751791
  9003.40000000    1.03911199836
  9003.60000000    1.03673194672
  9003.80000000    1.03491104975
  9004.00000000    1.03258584070
  9004.20000000    1.03032741603
  9004.40000000    1.02749332486
  9004.60000000    1.02485924734
  9004.80000000    1.02152996513
  9005.00000000    1.01937806401
  9005.20000000    1.01730742811
  9005.40000000    1.01542522020
  9005.60000000    1.01314559879
  9005.80000000    1.01230297128
  9006.00000000    1.01042995805
  9006.20000000    1.00933042377
  9006.40000000    1.00695036900
  9006.60000000    1.00376715561
  9006.80000000    1.00108279942
  9007.00000000    0.99844126559
  9007.20000000    0.99542285463
  9007.40000000    0.99280035038
  9007.60000000    0.98962745438
  9007.80000000    0.98841788670
  9008.00000000    0.98790228038
  9008.20000000    0.98667514265
  9008.40000000    0.98512852632
  9008.60000000    0.98368502693
  9008.80000000    0.98138465444
  9009.00000000    0.97990567964
  9009.22786000    0.97845090062
  9009.48358100    0.97656093651
  9009.76716200    0.97424298728
  9010.07860400    0.97363461387
  9010.41790500    0.97598212488
  9010.78506700    0.97849729097
  9011.18009000    0.98129240391
  9011.60297300    0.98719728098
  9012.05371600    0.99704067029
  9012.53231900    1.01077796460
  9013.03878300    1.02956020637
  9013.57310700    1.05221615016
  9014.13529200    1.07057974060
  9014.72533700    1.08001920468
  9015.34324200    1.09215598970
  9015.98900800    1.09672688583
  9016.66263400    1.09390720438
  9017.36412000    1.08479591730
  9018.09346700    1.06617152114
  9018.85067400    1.04077230902
  9019.63574100    1.01623710969
  9020.44866900    0.99267360230
  9021.28945700    0.96944197094
  9022.15810600    0.95053936994
  9023.05461400    0.93367090005
  9023.97898300    0.92186926195
  9024.93121300    0.91552390439
  9025.91130300    0.91398504227
  9026.91925300    0.91480192647
  9027.95506400    0.91690876751
  9029.01873400    0.92091727010
  9030.11026600    0.92462130288
  9031.23272300    0.93042406928
  9032.36737300    0.93597090821
  9033.51421400    0.94440470293
  9034.67324800    0.95532747661
  9035.84447300    0.96726015388
  9037.02789000    0.98137376226
  9038.22349900    0.99370077892
  9039.43130000    1.00516236277
  9040.65129300    1.01338237333
  9041.88347800    1.01618188158
  9043.12785500    1.02014614521
  9044.38442300    1.02386691503
  9045.65318400    1.02682272794
  9046.93413600    1.03050479080
  9048.22728000    1.03549829032
  9049.53261700    1.03992814265
  9050.85014500    1.04319284998
  9052.17986500    1.04506452966
  9053.52177700    1.04505516120
  9054.87588100    1.04262037766
  9056.24217700    1.03922004749
  9057.62066400    1.03538117090
  9059.01134400    1.03134585121
  9060.41421500    1.02733934871
  9061.82927900    1.02334941860
  9063.25653400    1.01907208821
  9064.69598100    1.01528000959
  9066.14762000    1.01227058080
  9067.61145200    1.01085989710
  9069.08747500    1.01106731525
  9070.57568900    1.01168336836
  9072.07609600    1.01185008947
  9073.58869500    1.01228747095
  9075.11348500    1.01237136051
  9076.65046800    1.01098680850
  9078.19964200    1.00861051815
  9079.76100900    1.00656595458
  9081.33456700    1.00545277998
  9082.92031700    1.00497200817
  9084.51825900    1.00574593898
  9086.12839300    1.00691265190
  9087.75071900    1.00764893040
  9089.38523700    1.00764420085
  9091.03194600    1.00775720353
  9092.69084800    1.00705781471
  9094.36194200    1.00541397619
  9096.04522700    1.00277393486
  9097.74070400    0.99961358437
  9099.44837400    0.99535166959
  9101.16823500    0.99089853161
  9102.90028800    0.98728851810
  9104.64453300    0.98428819021
  9106.40097000    0.98167253318
  9108.16959800    0.97909278189
  9109.95041900    0.97767674725
  9111.74343200    0.97765913256
  9113.54863600    0.97846788984
  9115.36603200    0.97929294273
  9117.19562100    0.97986871650
  9119.03740100    0.98086514354
  9120.89137300    0.98252270712
  9122.75753700    0.98462401281
  9124.63589300    0.98740137980
  9126.52644100    0.99023140201
  9128.42918100    0.99252253067
  9130.34411200    0.99565638328
  9132.27123600    0.99834234301
  9134.21055200    1.00086327454
  9136.16205900    1.00330509233
  9138.12575800    1.00485901329
  9140.10164900    1.00582211187
  9142.08973300    1.00635770231
  9144.09000800    1.00677207391
  9146.10247500    1.00573720807
  9148.12713300    1.00560943742
  9150.16398400    1.00594910928
  9152.21302700    1.00594295236
  9154.27426100    1.00502387792
  9156.34768800    1.00418431202
  9158.43330600    1.00416207515
  9160.53111700    1.00322786162
  9162.64111900    1.00192306543
  9164.76331300    1.00153552650
  9166.89769900    1.00093362497
  9169.04427700    1.00016347706
  9171.20304700    1.00058479734
  9173.37400800    0.99916283120
  9175.55716200    0.99719435560
  9177.75250800    0.99638163153
  9179.96004500    0.99610619544
  9182.17977500    0.99595415926
  9184.41169600    0.99561537935
  9186.65580900    0.99531235866
  9188.91211400    0.99474231654
  9191.18061100    0.99471833268
  9193.46130000    0.99509691679
  9195.75418100    0.99616349050
  9198.05925400    0.99711025297
  9200.37651800    0.99788796795
  9202.70597500    0.99833733162
  9205.04762300    0.99867398270
  9207.40146400    0.99857352247
  9209.76749600    0.99771550570
  9212.14572000    0.99649802299
  9214.53613600    0.99458613782
  9216.93874400    0.99294324027
  9219.35354400    0.99279601667
  9221.78053600    0.99279318495
  9224.21972000    0.99246656621
  9226.67109600    0.99222818855
  9229.13466300    0.99220887467
  9231.61042300    0.99236776748
  9234.09837400    0.99229671082
  9236.59851700    0.99272236074
  9239.11085200    0.99288478282
  9241.63538000    0.99317307651
  9244.17209900    0.99384916947
  9246.72100900    0.99536771773
  9249.28211200    0.99678393373
  9251.85540700    0.99823519257
  9254.44089400    0.99946865437
  9257.03857200    1.00113327834
  9259.64844300    1.00249358637
  9262.27050500    1.00289256703
  9264.90475900    1.00370218616
  9267.55120500    1.00438417009
  9270.20984400    1.00468776303
  9272.88067400    1.00490645086
  9275.56369600    1.00446060983
  9278.25890900    1.00419138009
  9280.96631500    1.00399517469
  9283.68591300    1.00294243785
  9286.41770200    1.00310259139
  9289.16168400    1.00435913628
  9291.91785700    1.00478381300
  9294.68622200    1.00399839756
  9297.46678000    1.00316285813
  9300.25952900    1.00215647568
  9303.06447000    1.00157101116
  9305.88160200    1.00196478633
  9308.71092700    1.00187239463
  9311.55244400    1.00073602441
  9314.40615300    1.00104002113
  9317.27205300    1.00209596974
  9320.15014600    1.00281496820
  9323.04043000    1.00291302426
  9325.94290600    1.00375123247
  9328.85757400    1.00510667593
  9331.78443500    1.00609713080
  9334.72348700    1.00336746614
  9337.67473000    1.00216085226
  9340.63816600    1.00305425941
  9343.61379400    1.00209748812
  9346.60161400    1.00103523857
  9349.60162500    1.00056980666
  9352.61382900    1.00017966403
  9355.63822400    1.00030143262
  9358.67481100    1.00085960862
  9361.72359000    1.00091611765
  9364.78456100    1.00072931503
  9367.85772400    1.00062364109
  9370.94307900    1.00059519867
  9374.04062600    1.00065851849
  9377.15036500    1.00087973492
  9380.27229500    1.00105825862
  9383.40641800    1.00104536232
  9386.55273200    1.00123656249
  9389.71123900    1.00138833823
  9392.88193700    1.00198940825
  9396.06482700    1.00281546851
  9399.25990900    1.00351661998
  9402.46718300    1.00295069272
  9405.68664900    1.00339419466
  9408.91830700    1.00509596175
  9412.16215700    1.00636799626
  9415.41819800    1.00793938892
  9418.68643200    1.00828011334
  9421.96685700    1.00778065382
  9425.25947400    1.00797631336
  9428.56428400    1.00729572204
  9431.88128500    1.00714279682
  9435.21047800    1.00667523950
  9438.55186300    1.00602495946
  9441.90544000    1.00474249870
  9445.27120900    1.00298266949
  9448.64916900    1.00212567958
  9452.03932200    1.00204670989
  9455.44166600    1.00193426112
  9458.85620300    1.00132701378
  9462.28293100    1.00154197809
  9465.72185100    1.00119944423
  9469.17296400    1.00064799860
  9472.63626800    0.99999689195
  9476.11176400    0.99977954394
  9479.59945100    0.99886716665
  9483.09933100    0.99683107908
  9486.61140300    0.99565548061
  9490.13566600    0.99533586850
  9493.67212200    0.99483823286
  9497.22076900    0.99520705581
  9500.78160900    0.99523928738
  9504.35464000    0.99447623127
  9507.93986300    0.99383334542
  9511.53727800    0.99371871074
  9515.14688500    0.99247455990
  9518.76868400    0.99265618025
  9522.40267500    0.99355631487
  9526.04885700    0.99331050717
  9529.70723200    0.99318413623
  9533.37779900    0.99408765863
  9537.06055700    0.99554920878
  9540.75550700    0.99609137704
  9544.46265000    0.99662698690
  9548.18198400    0.99667285359
  9551.91351000    0.99624052743
  9555.65722800    0.99620597336
  9559.41313800    0.99638090056
  9563.18123900    0.99644695097
  9566.96153300    0.99691778863
  9570.75401900    0.99767068918
  9574.55869600    0.99758186487
  9578.37556500    0.99705097670
  9582.20462700    0.99722677420
  9586.04588000    0.99740017274
  9589.89932500    0.99764118736
  9593.76496200    0.99809540373
  9597.64279100    0.99956850148
  9601.53281200    1.00042116341
  9605.43502500    1.00116338839
  9609.34942900    1.00164219151
  9613.27602600    1.00148867954
  9617.21481400    1.00063070781
  9621.16579500    1.00018940062
  9625.12896700    0.99966791737
  9629.10433100    0.99922555756
  9633.09188800    0.99938234441
  9637.09163600    0.99892316667
  9641.10357500    0.99965295827
  9645.12770700    1.00055671591
  9649.16403100    1.00065894083
  9653.21254700    1.00140991486
  9657.27325400    1.00245448160
  9661.34615400    1.00256490918
  9665.43124500    1.00263198564
  9669.52852900    1.00304649084
  9673.63800400    1.00256597060
  9677.75967100    1.00137031425
  9681.89353000    1.00087429319
  9686.03958100    1.00150267847
  9690.19782400    1.00100459771
  9694.36825800    1.00072638412
  9698.55088500    1.00103410761
  9702.74570400    1.00099683698
  9706.95271400    1.00061072537
  9711.17191600    1.00054518577
  9715.40331100    1.00005966956
  9719.64689700    0.99927726366
  9723.90267500    0.99913702183
  9728.17064500    0.99966330519
  9732.45080700    0.99949026161
  9736.74316100    0.99956118370
  9741.04770700    0.99995706671
  9745.36444400    1.00025390823
  9749.69337400    1.00089817693
  9754.03449500    1.00090453595
  9758.38780900    1.00065707062
  9762.75331400    1.00022050152
  9767.13101100    1.00061691015
  9771.52090000    1.00122750775
  9775.92298100    1.00039032343
  9780.33725400    1.00130179902
  9784.76371900    1.00250509550
  9789.20237600    1.00306155839
  9793.65322400    1.00234824275
  9798.11626500    1.00174618170
  9802.59149700    1.00156874899
  9807.07892200    1.00078017592
  9811.57853800    1.00042925653
  9816.09034600    1.00112060524
  9820.61434600    1.00166736196
  9825.15053800    1.00112070265
  9829.69892200    1.00097734256
  9834.25949800    1.00018053250
  9838.83226600    1.00048504939
  9843.41722600    1.00003979823
  9848.01437700    0.99988183301
  9852.62372100    0.99973435218
  9857.24525600    1.00015734376
  9861.87898300    0.99986560243
  9866.52490200    0.99952367375
  9871.18301300    0.99997042392
  9875.85331600    0.99981959191
  9880.53581100    0.99978895990
  9885.23049800    0.99987120064
  9889.93737700    0.99958427564
  9894.65644800    0.99823842110
  9899.38771000    0.99744197166
  9904.13116500    0.99807604107
  9908.88681100    0.99826686819
  9913.65464900    0.99913073379
  9918.43467900    0.99937790986
  9923.22690100    1.00001623981
  9928.03131500    0.99995746030
  9932.84792100    0.99930660212
  9937.67671900    0.99873744411
