#---------------------------------
#  energy flat
  8794.00000000    0.00527163117
  8799.00000000    0.00397713180
  8804.00000000    0.00269834039
  8809.00000000    0.00092719031
  8814.00000000   -0.00071116813
  8819.00000000   -0.00201939546
  8824.00000000   -0.00318770317
  8829.00000000   -0.00348402123
  8834.00000000   -0.00246535884
  8839.00000000   -0.00154926017
  8844.00000000   -0.00095194064
  8849.00000000   -0.00025311339
  8854.00000000    0.00085794876
  8859.00000000    0.00172811155
  8864.00000000    0.00237308295
  8869.00000000    0.00217985661
  8874.00000000    0.00186373860
  8879.00000000    0.00181307188
  8884.00000000    0.00249051519
  8889.00000000    0.00231180881
  8894.00000000    0.00215369438
  8899.00000000    0.00056206381
  8904.00000000   -0.00100422282
  8909.00000000   -0.00190668325
  8914.00000000   -0.00276980778
  8919.00000000   -0.00251185933
  8924.00000000   -0.00143762509
  8929.00000000    0.00009557191
  8934.00000000    0.00155960110
  8939.00000000    0.00303920625
  8944.00000000    0.00432846791
  8949.00000000    0.00490651549
  8953.00000000    0.00597337992
  8956.00000000    0.00636548435
  8958.00000000    0.00748228899
  8959.00000000    0.00811758110
  8959.20000000    0.00944786908
  8959.40000000    0.00976387179
  8959.60000000    0.00999407473
  8959.80000000    0.01046478103
  8960.00000000    0.01148869783
  8960.20000000    0.01157528516
  8960.40000000    0.01212519124
  8960.60000000    0.01211106285
  8960.80000000    0.01256856918
  8961.00000000    0.01288905988
  8961.20000000    0.01297142322
  8961.40000000    0.01288086703
  8961.60000000    0.01319568175
  8961.80000000    0.01341136473
  8962.00000000    0.01344290821
  8962.20000000    0.01393262246
  8962.40000000    0.01403557774
  8962.60000000    0.01398092546
  8962.80000000    0.01399095300
  8963.00000000    0.01416584809
  8963.20000000    0.01423223948
  8963.40000000    0.01411818735
  8963.60000000    0.01404809110
  8963.80000000    0.01420622224
  8964.00000000    0.01493102785
  8964.20000000    0.01533058634
  8964.40000000    0.01585937248
  8964.60000000    0.01610541538
  8964.80000000    0.01588602754
  8965.00000000    0.01590476705
  8965.20000000    0.01611688605
  8965.40000000    0.01601273389
  8965.60000000    0.01639434043
  8965.80000000    0.01616373262
  8966.00000000    0.01632265575
  8966.20000000    0.01607106000
  8966.40000000    0.01637241075
  8966.60000000    0.01667613750
  8966.80000000    0.01718023970
  8967.00000000    0.01773925376
  8967.20000000    0.01846141937
  8967.40000000    0.01874798617
  8967.60000000    0.01850919438
  8967.80000000    0.01873741733
  8968.00000000    0.01861122123
  8968.20000000    0.01849070112
  8968.40000000    0.01986468098
  8968.60000000    0.02047741889
  8968.80000000    0.02062499006
  8969.00000000    0.02122360401
  8969.20000000    0.02143915499
  8969.40000000    0.02130886691
  8969.60000000    0.02139162625
  8969.80000000    0.02138871783
  8970.00000000    0.02157258890
  8970.20000000    0.02219509478
  8970.40000000    0.02225739418
  8970.60000000    0.02317953926
  8970.80000000    0.02404677248
  8971.00000000    0.02489473376
  8971.20000000    0.02532914015
  8971.40000000    0.02594557405
  8971.60000000    0.02653310003
  8971.80000000    0.02701938229
  8972.00000000    0.02712260158
  8972.20000000    0.02775606343
  8972.40000000    0.02824274168
  8972.60000000    0.02968206136
  8972.80000000    0.03071680214
  8973.00000000    0.03213368188
  8973.20000000    0.03307839890
  8973.40000000    0.03409663971
  8973.60000000    0.03534310792
  8973.80000000    0.03610962541
  8974.00000000    0.03726158187
  8974.20000000    0.03861642178
  8974.40000000    0.03981101412
  8974.60000000    0.04139012142
  8974.80000000    0.04283287310
  8975.00000000    0.04456140400
  8975.20000000    0.04641678656
  8975.40000000    0.04782205033
  8975.60000000    0.04981616451
  8975.80000000    0.05190215045
  8976.00000000    0.05440340726
  8976.20000000    0.05722133123
  8976.40000000    0.06048105799
  8976.60000000    0.06362462508
  8976.80000000    0.06743531836
  8977.00000000    0.07105949614
  8977.20000000    0.07646408512
  8977.40000000    0.08204938162
  8977.60000000    0.08892682262
  8977.80000000    0.09658913351
  8978.00000000    0.10559968876
  8978.20000000    0.11662139058
  8978.40000000    0.13038974099
  8978.60000000    0.14733901881
  8978.80000000    0.16768359147
  8979.00000000    0.19286911907
  8979.20000000    0.22332565644
  8979.40000000    0.25935033479
  8979.60000000    0.30346725130
  8979.80000000    0.35438518545
  8980.00000000    0.41190943777
  8980.20000000    0.47516419063
  8980.40000000    0.53913112366
  8980.60000000    0.60078323623
  8980.80000000    0.65379959329
  8981.00000000    0.69271686143
  8981.20000000    0.71522319876
  8981.40000000    0.72069662284
  8981.60000000    0.70931348505
  8981.80000000    0.68448874806
  8982.00000000    0.65056876398
  8982.20000000    0.61198080077
  8982.40000000    0.57381687651
  8982.60000000    0.53843186475
  8982.80000000    0.50910450452
  8983.00000000    0.48638985415
  8983.20000000    0.47184828132
  8983.40000000    0.46361885493
  8983.60000000    0.46109807247
  8983.80000000    0.46311694496
  8984.00000000    0.46921149353
  8984.20000000    0.47916484263
  8984.40000000    0.49103012937
  8984.60000000    0.50365644875
  8984.80000000    0.51661321778
  8985.00000000    0.52840118438
  8985.20000000    0.53916766004
  8985.40000000    0.54881351288
  8985.60000000    0.55807886476
  8985.80000000    0.56793668496
  8986.00000000    0.57824005772
  8986.20000000    0.58898515492
  8986.40000000    0.60020220436
  8986.60000000    0.61347361763
  8986.80000000    0.62827614802
  8987.00000000    0.64442842788
  8987.20000000    0.66197401697
  8987.40000000    0.68046174036
  8987.60000000    0.70010913337
  8987.80000000    0.72150029425
  8988.00000000    0.74457093907
  8988.20000000    0.76774499195
  8988.40000000    0.79140921172
  8988.60000000    0.81475021643
  8988.80000000    0.83922079403
  8989.00000000    0.86357328378
  8989.20000000    0.88768835785
  8989.40000000    0.91158317608
  8989.60000000    0.93403489362
  8989.80000000    0.95725344840
  8990.00000000    0.97934068539
  8990.20000000    1.00142572943
  8990.40000000    1.02136754616
  8990.60000000    1.03992724539
  8990.80000000    1.05586112637
  8991.00000000    1.06973520343
  8991.20000000    1.08100563789
  8991.40000000    1.08898022353
  8991.60000000    1.09465054151
  8991.80000000    1.09740543335
  8992.00000000    1.09835712794
  8992.20000000    1.09760304088
  8992.40000000    1.09598453777
  8992.60000000    1.09361751415
  8992.80000000    1.09148114328
  8993.00000000    1.08893654673
  8993.20000000    1.08619941180
  8993.40000000    1.08523679704
  8993.60000000    1.08599484650
  8993.80000000    1.08857018374
  8994.00000000    1.09275820924
  8994.20000000    1.10102230017
  8994.40000000    1.11080166335
  8994.60000000    1.12060047866
  8994.80000000    1.12967400400
  8995.00000000    1.14372541584
  8995.20000000    1.15973984220
  8995.40000000    1.17671091765
  8995.60000000    1.19281387900
  8995.80000000    1.20803051016
  8996.00000000    1.22160022907
  8996.20000000    1.23378201888
  8996.40000000    1.24512526200
  8996.60000000    1.25366897158
  8996.80000000    1.25939149955
  8997.00000000    1.26317829940
  8997.20000000    1.26438494874
  8997.40000000    1.26259670456
  8997.60000000    1.25743472775
  8997.80000000    1.24961234425
  8998.00000000    1.23977054422
  8998.20000000    1.22833146237
  8998.40000000    1.21526896267
  8998.60000000    1.20101758781
  8998.80000000    1.18630808767
  8999.00000000    1.17208452359
  8999.20000000    1.15782760886
  8999.40000000    1.14365403100
  8999.60000000    1.13147514476
  8999.80000000    1.11990996970
  9000.00000000    1.10533907549
  9000.20000000    1.09457681161
  9000.40000000    1.08601832626
  9000.60000000    1.07925547640
  9000.80000000    1.07309551314
  9001.00000000    1.06826654639
  9001.20000000    1.06459935245
  9001.40000000    1.06134443725
  9001.60000000    1.05963066158
  9001.80000000    1.05791811750
  9002.00000000    1.05671975549
  9002.20000000    1.05517176974
  9002.40000000    1.05338213585
  9002.60000000    1.05074022333
  9002.80000000    1.04718768821
  9003.00000000    1.04419896638
  9003.20000000    1.04147362653
  9003.40000000    1.03932503569
  9003.60000000    1.03682206826
  9003.80000000    1.03499352929
  9004.00000000    1.03258093409
  9004.20000000    1.02982927386
  9004.40000000    1.02712873941
  9004.60000000    1.02445240270
  9004.80000000    1.02259041347
  9005.00000000    1.02123283641
  9005.20000000    1.01830463701
  9005.40000000    1.01678953509
  9005.60000000    1.01517719060
  9005.80000000    1.01364976292
  9006.00000000    1.01242135534
  9006.20000000    1.01050725040
  9006.40000000    1.00906270885
  9006.60000000    1.00664840645
  9006.80000000    1.00347765449
  9007.00000000    1.00084827335
  9007.20000000    0.99942527711
  9007.40000000    0.99712967124
  9007.60000000    0.99496702891
  9007.80000000    0.99308941359
  9008.00000000    0.99049626785
  9008.20000000    0.98869977946
  9008.40000000    0.98642958376
  9008.60000000    0.98417988727
  9008.80000000    0.98163362671
  9009.00000000    0.97957250386
  9009.22786000    0.97807668920
  9009.48358100    0.97690496618
  9009.76716200    0.97538554987
  9010.07860400    0.97499746263
  9010.41790500    0.97565343566
  9010.78506700    0.97773163130
  9011.18009000    0.98133302681
  9011.60297300    0.98720778551
  9012.05371600    0.99570664696
  9012.53231900    1.00810145354
  9013.03878300    1.02577731028
  9013.57310700    1.04586683551
  9014.13529200    1.06413170373
  9014.72533700    1.07460519972
  9015.34324200    1.08235420107
  9015.98900800    1.08698212655
  9016.66263400    1.08499384865
  9017.36412000    1.07531432753
  9018.09346700    1.05472564731
  9018.85067400    1.03471387330
  9019.63574100    1.01279185843
  9020.44866900    0.99120332865
  9021.28945700    0.97053701081
  9022.15810600    0.95189273762
  9023.05461400    0.93484576032
  9023.97898300    0.92621995701
  9024.93121300    0.92033541934
  9025.91130300    0.91782130337
  9026.91925300    0.91910745043
  9027.95506400    0.92095385227
  9029.01873400    0.92383155206
  9030.11026600    0.92792884493
  9031.23272300    0.93287118338
  9032.36737300    0.93914996761
  9033.51421400    0.94718378130
  9034.67324800    0.95680010506
  9035.84447300    0.96873036238
  9037.02789000    0.98142475235
  9038.22349900    0.99346230827
  9039.43130000    1.00403533392
  9040.65129300    1.01167032706
  9041.88347800    1.01452233854
  9043.12785500    1.01838629472
  9044.38442300    1.02273460519
  9045.65318400    1.02595806794
  9046.93413600    1.02950618545
  9048.22728000    1.03396042389
  9049.53261700    1.03822030988
  9050.85014500    1.04083636938
  9052.17986500    1.04218916468
  9053.52177700    1.04262995617
  9054.87588100    1.04199203734
  9056.24217700    1.04001762165
  9057.62066400    1.03764721716
  9059.01134400    1.03450660865
  9060.41421500    1.03049562034
  9061.82927900    1.02653257674
  9063.25653400    1.02249512520
  9064.69598100    1.01865532108
  9066.14762000    1.01550566074
  9067.61145200    1.01348557398
  9069.08747500    1.01252656169
  9070.57568900    1.01248408802
  9072.07609600    1.01268930965
  9073.58869500    1.01221466954
  9075.11348500    1.01073109620
  9076.65046800    1.00946552287
  9078.19964200    1.00832938183
  9079.76100900    1.00727501598
  9081.33456700    1.00634875937
  9082.92031700    1.00525611576
  9084.51825900    1.00552180904
  9086.12839300    1.00600944922
  9087.75071900    1.00620225158
  9089.38523700    1.00591633329
  9091.03194600    1.00502879627
  9092.69084800    1.00422932493
  9094.36194200    1.00271363653
  9096.04522700    1.00012809383
  9097.74070400    0.99747073054
  9099.44837400    0.99403467163
  9101.16823500    0.99049376297
  9102.90028800    0.98767892255
  9104.64453300    0.98460712969
  9106.40097000    0.98186800604
  9108.16959800    0.98004483762
  9109.95041900    0.97932780799
  9111.74343200    0.97870432427
  9113.54863600    0.97861167594
  9115.36603200    0.97945203495
  9117.19562100    0.98047151858
  9119.03740100    0.98246170008
  9120.89137300    0.98434661400
  9122.75753700    0.98573801313
  9124.63589300    0.98742983717
  9126.52644100    0.98970201725
  9128.42918100    0.99208129253
  9130.34411200    0.99452472098
  9132.27123600    0.99726575995
  9134.21055200    1.00046791066
  9136.16205900    1.00260507679
  9138.12575800    1.00458496537
  9140.10164900    1.00612834246
  9142.08973300    1.00732504091
  9144.09000800    1.00769413059
  9146.10247500    1.00731514380
  9148.12713300    1.00699387638
  9150.16398400    1.00604874410
  9152.21302700    1.00599068010
  9154.27426100    1.00526188732
  9156.34768800    1.00415783561
  9158.43330600    1.00379477357
  9160.53111700    1.00284404241
  9162.64111900    1.00147148813
  9164.76331300    1.00120492092
  9166.89769900    1.00050025443
  9169.04427700    0.99993991394
  9171.20304700    1.00010024997
  9173.37400800    0.99943769794
  9175.55716200    0.99866297484
  9177.75250800    0.99902984698
  9179.96004500    0.99863359026
  9182.17977500    0.99849247243
  9184.41169600    0.99830028116
  9186.65580900    0.99808132292
  9188.91211400    0.99761887162
  9191.18061100    0.99727778871
  9193.46130000    0.99712487737
  9195.75418100    0.99720634582
  9198.05925400    0.99778435070
  9200.37651800    0.99789477057
  9202.70597500    0.99785044015
  9205.04762300    0.99769808685
  9207.40146400    0.99728458033
  9209.76749600    0.99608059523
  9212.14572000    0.99466981861
  9214.53613600    0.99315440138
  9216.93874400    0.99275056822
  9219.35354400    0.99282654548
  9221.78053600    0.99211642997
  9224.21972000    0.99139978163
  9226.67109600    0.99146750903
  9229.13466300    0.99166010705
  9231.61042300    0.99131462998
  9234.09837400    0.99120402778
  9236.59851700    0.99131241193
  9239.11085200    0.99209064295
  9241.63538000    0.99299852284
  9244.17209900    0.99431187715
  9246.72100900    0.99628514050
  9249.28211200    0.99788178413
  9251.85540700    0.99880421488
  9254.44089400    0.99963368797
  9257.03857200    1.00112094439
  9259.64844300    1.00253937641
  9262.27050500    1.00388600162
  9264.90475900    1.00475391001
  9267.55120500    1.00531540414
  9270.20984400    1.00570001341
  9272.88067400    1.00607528460
  9275.56369600    1.00663726771
  9278.25890900    1.00640642369
  9280.96631500    1.00584490494
  9283.68591300    1.00498771446
  9286.41770200    1.00488070484
  9289.16168400    1.00477294092
  9291.91785700    1.00376485895
  9294.68622200    1.00294559320
  9297.46678000    1.00255525262
  9300.25952900    1.00204326959
  9303.06447000    1.00163258586
  9305.88160200    1.00162534259
  9308.71092700    1.00190681750
  9311.55244400    1.00194200279
  9314.40615300    1.00182763567
  9317.27205300    1.00154006772
  9320.15014600    1.00108837789
  9323.04043000    1.00007060119
  9325.94290600    0.99941294455
  9328.85757400    0.99902970373
  9331.78443500    0.99861552175
  9334.72348700    0.99900103211
  9337.67473000    0.99957648122
  9340.63816600    0.99998132408
  9343.61379400    1.00044611147
  9346.60161400    1.00083390204
  9349.60162500    1.00057030576
  9352.61382900    0.99991199401
  9355.63822400    0.99979966341
  9358.67481100    1.00024314073
  9361.72359000    1.00045682116
  9364.78456100    1.00006931138
  9367.85772400    0.99984045167
  9370.94307900    0.99991284863
  9374.04062600    0.99993595490
  9377.15036500    0.99985173102
  9380.27229500    1.00046356567
  9383.40641800    1.00114977117
  9386.55273200    1.00176623795
  9389.71123900    1.00295134061
  9392.88193700    1.00428561207
  9396.06482700    1.00442874770
  9399.25990900    1.00403495610
  9402.46718300    1.00417265770
  9405.68664900    1.00535481552
  9408.91830700    1.00665216153
  9412.16215700    1.00739520006
  9415.41819800    1.00841738223
  9418.68643200    1.00857532474
  9421.96685700    1.00853008329
  9425.25947400    1.00915496127
  9428.56428400    1.00884615419
  9431.88128500    1.00815198205
  9435.21047800    1.00733326212
  9438.55186300    1.00619092406
  9441.90544000    1.00521176524
  9445.27120900    1.00430310220
  9448.64916900    1.00330466698
  9452.03932200    1.00249151921
  9455.44166600    1.00144994876
  9458.85620300    1.00020183559
  9462.28293100    0.99973926157
  9465.72185100    0.99964164138
  9469.17296400    0.99924339638
  9472.63626800    0.99844047758
  9476.11176400    0.99746278823
  9479.59945100    0.99623505000
  9483.09933100    0.99517935257
  9486.61140300    0.99501056421
  9490.13566600    0.99419902975
  9493.67212200    0.99438519101
  9497.22076900    0.99415396739
  9500.78160900    0.99362225817
  9504.35464000    0.99298643197
  9507.93986300    0.99393127921
  9511.53727800    0.99431888130
  9515.14688500    0.99342767490
  9518.76868400    0.99302613713
  9522.40267500    0.99344738021
  9526.04885700    0.99320239437
  9529.70723200    0.99348492490
  9533.37779900    0.99431973291
  9537.06055700    0.99551140380
  9540.75550700    0.99662084789
  9544.46265000    0.99732592707
  9548.18198400    0.99732694829
  9551.91351000    0.99714076319
  9555.65722800    0.99793735953
  9559.41313800    0.99819393268
  9563.18123900    0.99794448391
  9566.96153300    0.99842948653
  9570.75401900    0.99922648824
  9574.55869600    0.99896660002
  9578.37556500    0.99851066826
  9582.20462700    0.99882065200
  9586.04588000    0.99922673719
  9589.89932500    0.99947622457
  9593.76496200    1.00000862418
  9597.64279100    1.00016811454
  9601.53281200    0.99968933080
  9605.43502500    0.99901469197
  9609.34942900    0.99897628373
  9613.27602600    0.99803019491
  9617.21481400    0.99742062021
  9621.16579500    0.99797251860
  9625.12896700    0.99795587371
  9629.10433100    0.99811117174
  9633.09188800    0.99938112516
  9637.09163600    1.00071130026
  9641.10357500    1.00104303884
  9645.12770700    1.00123854115
  9649.16403100    1.00207791262
  9653.21254700    1.00284517647
  9657.27325400    1.00376895105
  9661.34615400    1.00431278316
  9665.43124500    1.00421109443
  9669.52852900    1.00485305087
  9673.63800400    1.00538542049
  9677.75967100    1.00452993153
  9681.89353000    1.00385132722
  9686.03958100    1.00347925574
  9690.19782400    1.00336649093
  9694.36825800    1.00363477349
  9698.55088500    1.00312623947
  9702.74570400    1.00210229657
  9706.95271400    1.00094606218
  9711.17191600    1.00034240723
  9715.40331100    0.99946349311
  9719.64689700    0.99882762595
  9723.90267500    0.99849929814
  9728.17064500    0.99829617165
  9732.45080700    0.99844590659
  9736.74316100    0.99844172451
  9741.04770700    0.99880829982
  9745.36444400    0.99883849609
  9749.69337400    0.99924866332
  9754.03449500    0.99990957793
  9758.38780900    0.99969436375
  9762.75331400    0.99971170728
  9767.13101100    1.00031737212
  9771.52090000    1.00044787300
  9775.92298100    1.00090726510
  9780.33725400    1.00259095710
  9784.76371900    1.00352311146
  9789.20237600    1.00327810472
  9793.65322400    1.00324558501
  9798.11626500    1.00291863433
  9802.59149700    1.00142049079
  9807.07892200    0.99953178315
  9811.57853800    0.99822878342
  9816.09034600    0.99819710604
  9820.61434600    0.99779892190
  9825.15053800    0.99807838295
  9829.69892200    0.99728416541
  9834.25949800    0.99642929494
  9838.83226600    0.99768735128
  9843.41722600    0.99780383829
  9848.01437700    0.99873773368
  9852.62372100    1.00014225319
  9857.24525600    1.00145309991
  9861.87898300    1.00157217873
  9866.52490200    1.00098751938
  9871.18301300    1.00032339046
  9875.85331600    0.99904089541
  9880.53581100    0.99772156645
  9885.23049800    0.99738307893
  9889.93737700    0.99818565504
  9894.65644800    0.99896742544
  9899.38771000    1.00051036685
  9904.13116500    1.00177276006
  9908.88681100    1.00189243179
  9913.65464900    1.00214218282
  9918.43467900    1.00155532861
  9923.22690100    0.99992420148
  9928.03131500    0.99866844462
  9932.84792100    0.99850389869
  9937.67671900    0.99832350924
