#---------------------------------
#  energy flat
  8794.00000000    0.00597786740
  8799.00000000    0.00537599764
  8804.00000000    0.00457592392
  8809.00000000    0.00347149847
  8814.00000000    0.00123224014
  8819.00000000   -0.00092971207
  8824.00000000   -0.00238919258
  8829.00000000   -0.00300067622
  8834.00000000   -0.00283975706
  8839.00000000   -0.00268832009
  8844.00000000   -0.00145420223
  8849.00000000   -0.00043777948
  8854.00000000    0.00136605952
  8859.00000000    0.00154014837
  8864.00000000    0.00237970208
  8869.00000000    0.00247332407
  8874.00000000    0.00211404015
  8879.00000000    0.00221793451
  8884.00000000    0.00316956235
  8889.00000000    0.00256637562
  8894.00000000    0.00248602590
  8899.00000000    0.00112531813
  8904.00000000   -0.00038670947
  8909.00000000   -0.00169131433
  8914.00000000   -0.00302318046
  8919.00000000   -0.00354445167
  8924.00000000   -0.00237209969
  8929.00000000   -0.00062805112
  8934.00000000    0.00141666166
  8939.00000000    0.00320851624
  8944.00000000    0.00431712687
  8949.00000000    0.00495255025
  8953.00000000    0.00641777288
  8956.00000000    0.00693791455
  8958.00000000    0.00844878918
  8959.00000000    0.00889789931
  8959.20000000    0.01024674449
  8959.40000000    0.01013888934
  8959.60000000    0.01087402658
  8959.80000000    0.01121196572
  8960.00000000    0.01154239813
  8960.20000000    0.01192485085
  8960.40000000    0.01243175722
  8960.60000000    0.01274730788
  8960.80000000    0.01274783935
  8961.00000000    0.01287229768
  8961.20000000    0.01312871639
  8961.40000000    0.01338618868
  8961.60000000    0.01412527682
  8961.80000000    0.01379577566
  8962.00000000    0.01377497222
  8962.20000000    0.01401176808
  8962.40000000    0.01421432273
  8962.60000000    0.01410791625
  8962.80000000    0.01411898348
  8963.00000000    0.01375221207
  8963.20000000    0.01363474305
  8963.40000000    0.01353729197
  8963.60000000    0.01319738675
  8963.80000000    0.01353111158
  8964.00000000    0.01347053566
  8964.20000000    0.01452714523
  8964.40000000    0.01480805957
  8964.60000000    0.01569359476
  8964.80000000    0.01648615189
  8965.00000000    0.01658901191
  8965.20000000    0.01727015339
  8965.40000000    0.01700254981
  8965.60000000    0.01757135376
  8965.80000000    0.01733522575
  8966.00000000    0.01803006372
  8966.20000000    0.01816887702
  8966.40000000    0.01837762142
  8966.60000000    0.01851999054
  8966.80000000    0.01877114137
  8967.00000000    0.01863971247
  8967.20000000    0.01942212893
  8967.40000000    0.01955040647
  8967.60000000    0.01969540953
  8967.80000000    0.01966183149
  8968.00000000    0.01966842102
  8968.20000000    0.01982316966
  8968.40000000    0.02062836969
  8968.60000000    0.02099936478
  8968.80000000    0.02211997908
  8969.00000000    0.02283918098
  8969.20000000    0.02247780915
  8969.40000000    0.02240946310
  8969.60000000    0.02297207729
  8969.80000000    0.02298643695
  8970.00000000    0.02322468148
  8970.20000000    0.02367061214
  8970.40000000    0.02393493267
  8970.60000000    0.02446343734
  8970.80000000    0.02491924528
  8971.00000000    0.02577817768
  8971.20000000    0.02668610136
  8971.40000000    0.02726109506
  8971.60000000    0.02761523293
  8971.80000000    0.02791353128
  8972.00000000    0.02844111408
  8972.20000000    0.02899846039
  8972.40000000    0.03001358541
  8972.60000000    0.03125773148
  8972.80000000    0.03245012064
  8973.00000000    0.03391512255
  8973.20000000    0.03439687479
  8973.40000000    0.03494803135
  8973.60000000    0.03581552405
  8973.80000000    0.03671699457
  8974.00000000    0.03790121852
  8974.20000000    0.03900813633
  8974.40000000    0.03987681431
  8974.60000000    0.04098965849
  8974.80000000    0.04267828188
  8975.00000000    0.04412287075
  8975.20000000    0.04590618427
  8975.40000000    0.04781395143
  8975.60000000    0.04972369404
  8975.80000000    0.05169691461
  8976.00000000    0.05437089481
  8976.20000000    0.05713166332
  8976.40000000    0.06037681333
  8976.60000000    0.06408474653
  8976.80000000    0.06781638519
  8977.00000000    0.07186659885
  8977.20000000    0.07604166125
  8977.40000000    0.08182671925
  8977.60000000    0.08828988500
  8977.80000000    0.09602023912
  8978.00000000    0.10529210640
  8978.20000000    0.11591808205
  8978.40000000    0.12864278080
  8978.60000000    0.14539134912
  8978.80000000    0.16601022834
  8979.00000000    0.19145817249
  8979.20000000    0.22185686957
  8979.40000000    0.25922707806
  8979.60000000    0.30330777456
  8979.80000000    0.35481539064
  8980.00000000    0.41349917526
  8980.20000000    0.47671610167
  8980.40000000    0.54040881883
  8980.60000000    0.60185009523
  8980.80000000    0.65500807729
  8981.00000000    0.69592777283
  8981.20000000    0.71957058692
  8981.40000000    0.72531504135
  8981.60000000    0.71227942472
  8981.80000000    0.68638575508
  8982.00000000    0.65164539066
  8982.20000000    0.61218150044
  8982.40000000    0.57311235579
  8982.60000000    0.53756088711
  8982.80000000    0.50795308437
  8983.00000000    0.48499049727
  8983.20000000    0.47002025410
  8983.40000000    0.46136782764
  8983.60000000    0.45867197293
  8983.80000000    0.46073358881
  8984.00000000    0.46718089460
  8984.20000000    0.47754544400
  8984.40000000    0.48918104944
  8984.60000000    0.50217647455
  8984.80000000    0.51543191773
  8985.00000000    0.52757114537
  8985.20000000    0.53904363917
  8985.40000000    0.54922989639
  8985.60000000    0.55844954548
  8985.80000000    0.56810831991
  8986.00000000    0.57761871930
  8986.20000000    0.58782044350
  8986.40000000    0.59942333911
  8986.60000000    0.61286819580
  8986.80000000    0.62729858797
  8987.00000000    0.64297448536
  8987.20000000    0.65994540589
  8987.40000000    0.67929244994
  8987.60000000    0.69997586975
  8987.80000000    0.72224878679
  8988.00000000    0.74501021416
  8988.20000000    0.76815637452
  8988.40000000    0.79162089245
  8988.60000000    0.81563292060
  8988.80000000    0.83922448601
  8989.00000000    0.86316417215
  8989.20000000    0.88679296721
  8989.40000000    0.91079569535
  8989.60000000    0.93439639785
  8989.80000000    0.95792747775
  8990.00000000    0.98040305133
  8990.20000000    1.00232567415
  8990.40000000    1.02216608074
  8990.60000000    1.04164080942
  8990.80000000    1.05830951501
  8991.00000000    1.07157455648
  8991.20000000    1.08231277220
  8991.40000000    1.09002160639
  8991.60000000    1.09558500904
  8991.80000000    1.09907251604
  8992.00000000    1.10042381007
  8992.20000000    1.09945003751
  8992.40000000    1.09716921590
  8992.60000000    1.09482667180
  8992.80000000    1.09239264156
  8993.00000000    1.09006993839
  8993.20000000    1.08799816099
  8993.40000000    1.08656370817
  8993.60000000    1.08734220251
  8993.80000000    1.08978920853
  8994.00000000    1.09375143087
  8994.20000000    1.10082134927
  8994.40000000    1.11109852654
  8994.60000000    1.12134927486
  8994.80000000    1.13089667163
  8995.00000000    1.14599605996
  8995.20000000    1.16185893747
  8995.40000000    1.17817976706
  8995.60000000    1.19415361662
  8995.80000000    1.20947679281
  8996.00000000    1.22406606302
  8996.20000000    1.23641771099
  8996.40000000    1.24717389106
  8996.60000000    1.25556496596
  8996.80000000    1.26178479351
  8997.00000000    1.26607753983
  8997.20000000    1.26708119458
  8997.40000000    1.26414859866
  8997.60000000    1.25825747038
  8997.80000000    1.25006945522
  8998.00000000    1.24010633652
  8998.20000000    1.22908217516
  8998.40000000    1.21603452951
  8998.60000000    1.20100975677
  8998.80000000    1.18629727715
  8999.00000000    1.17151674965
  8999.20000000    1.15699609961
  8999.40000000    1.14400989032
  8999.60000000    1.13149954131
  8999.80000000    1.11991045165
  9000.00000000    1.10601288444
  9000.20000000    1.09430929597
  9000.40000000    1.08587327990
  9000.60000000    1.07899172178
  9000.80000000    1.07233395520
  9001.00000000    1.06827763733
  9001.20000000    1.06505723830
  9001.40000000    1.06169556640
  9001.60000000    1.05983382929
  9001.80000000    1.05798622150
  9002.00000000    1.05654151241
  9002.20000000    1.05519679882
  9002.40000000    1.05321194358
  9002.60000000    1.05046604875
  9002.80000000    1.04682162255
  9003.00000000    1.04412716369
  9003.20000000    1.04084971918
  9003.40000000    1.03869002373
  9003.60000000    1.03646175080
  9003.80000000    1.03503647090
  9004.00000000    1.03292495443
  9004.20000000    1.03035003257
  9004.40000000    1.02779740367
  9004.60000000    1.02511482588
  9004.80000000    1.02198648974
  9005.00000000    1.01998195974
  9005.20000000    1.01754220688
  9005.40000000    1.01609719691
  9005.60000000    1.01429071413
  9005.80000000    1.01317501736
  9006.00000000    1.01202103195
  9006.20000000    1.01008677701
  9006.40000000    1.00767146793
  9006.60000000    1.00498871712
  9006.80000000    1.00332810130
  9007.00000000    1.00089221993
  9007.20000000    0.99828213794
  9007.40000000    0.99631859076
  9007.60000000    0.99441763388
  9007.80000000    0.99264195494
  9008.00000000    0.99071103925
  9008.20000000    0.98878424001
  9008.40000000    0.98641168024
  9008.60000000    0.98448916269
  9008.80000000    0.98183747245
  9009.00000000    0.98007595549
  9009.22786000    0.97837887205
  9009.48358100    0.97715719270
  9009.76716200    0.97606385432
  9010.07860400    0.97566551217
  9010.41790500    0.97611873340
  9010.78506700    0.97807394892
  9011.18009000    0.98172435158
  9011.60297300    0.98788501885
  9012.05371600    0.99538925880
  9012.53231900    1.00742639794
  9013.03878300    1.02619988580
  9013.57310700    1.04850017604
  9014.13529200    1.06645960428
  9014.72533700    1.07586906157
  9015.34324200    1.08511547139
  9015.98900800    1.08958094985
  9016.66263400    1.08713143110
  9017.36412000    1.07836635787
  9018.09346700    1.05741622298
  9018.85067400    1.03550421974
  9019.63574100    1.01251364679
  9020.44866900    0.99083874292
  9021.28945700    0.96979521051
  9022.15810600    0.95217028733
  9023.05461400    0.93602962514
  9023.97898300    0.92610958942
  9024.93121300    0.91855833366
  9025.91130300    0.91632116516
  9026.91925300    0.91774611750
  9027.95506400    0.91908645641
  9029.01873400    0.92326380580
  9030.11026600    0.92792347674
  9031.23272300    0.93243683412
  9032.36737300    0.93830486760
  9033.51421400    0.94691896434
  9034.67324800    0.95722225603
  9035.84447300    0.96900127107
  9037.02789000    0.98209916112
  9038.22349900    0.99409705294
  9039.43130000    1.00499297653
  9040.65129300    1.01197349486
  9041.88347800    1.01455410044
  9043.12785500    1.01874900515
  9044.38442300    1.02280203781
  9045.65318400    1.02591103365
  9046.93413600    1.02870380240
  9048.22728000    1.03304478191
  9049.53261700    1.03706348355
  9050.85014500    1.03974782599
  9052.17986500    1.04158311594
  9053.52177700    1.04301383603
  9054.87588100    1.04206519507
  9056.24217700    1.03971741854
  9057.62066400    1.03715038636
  9059.01134400    1.03350978012
  9060.41421500    1.02964465834
  9061.82927900    1.02574874645
  9063.25653400    1.02220937250
  9064.69598100    1.01867503758
  9066.14762000    1.01579329777
  9067.61145200    1.01366885146
  9069.08747500    1.01265399312
  9070.57568900    1.01293244023
  9072.07609600    1.01314520697
  9073.58869500    1.01245088228
  9075.11348500    1.01206489774
  9076.65046800    1.01078709195
  9078.19964200    1.00836605601
  9079.76100900    1.00650185774
  9081.33456700    1.00523624400
  9082.92031700    1.00417451067
  9084.51825900    1.00456158219
  9086.12839300    1.00514567062
  9087.75071900    1.00505137695
  9089.38523700    1.00538560402
  9091.03194600    1.00525425168
  9092.69084800    1.00405584324
  9094.36194200    1.00158584159
  9096.04522700    0.99855789973
  9097.74070400    0.99605415350
  9099.44837400    0.99343466778
  9101.16823500    0.99017171786
  9102.90028800    0.98711222483
  9104.64453300    0.98400449406
  9106.40097000    0.98166067772
  9108.16959800    0.97986200449
  9109.95041900    0.97861963853
  9111.74343200    0.97791709200
  9113.54863600    0.97813454671
  9115.36603200    0.97940090112
  9117.19562100    0.98064660943
  9119.03740100    0.98236036874
  9120.89137300    0.98371942994
  9122.75753700    0.98497516470
  9124.63589300    0.98729423689
  9126.52644100    0.98965871896
  9128.42918100    0.99223200342
  9130.34411200    0.99503867412
  9132.27123600    0.99790312781
  9134.21055200    1.00050753223
  9136.16205900    1.00228277523
  9138.12575800    1.00375045318
  9140.10164900    1.00473996289
  9142.08973300    1.00592698196
  9144.09000800    1.00692097274
  9146.10247500    1.00724051875
  9148.12713300    1.00749281228
  9150.16398400    1.00742110551
  9152.21302700    1.00729570528
  9154.27426100    1.00677162775
  9156.34768800    1.00578465905
  9158.43330600    1.00564998458
  9160.53111700    1.00491767001
  9162.64111900    1.00334017937
  9164.76331300    1.00255903014
  9166.89769900    1.00108108757
  9169.04427700    0.99979087163
  9171.20304700    1.00033226446
  9173.37400800    0.99975819063
  9175.55716200    0.99866026444
  9177.75250800    0.99894654605
  9179.96004500    0.99818488709
  9182.17977500    0.99694950972
  9184.41169600    0.99649525055
  9186.65580900    0.99656690037
  9188.91211400    0.99687527109
  9191.18061100    0.99693547008
  9193.46130000    0.99703408266
  9195.75418100    0.99747191455
  9198.05925400    0.99812438725
  9200.37651800    0.99823266841
  9202.70597500    0.99854979864
  9205.04762300    0.99819314617
  9207.40146400    0.99773637429
  9209.76749600    0.99665321707
  9212.14572000    0.99566562419
  9214.53613600    0.99447146822
  9216.93874400    0.99309944144
  9219.35354400    0.99207420373
  9221.78053600    0.99107965828
  9224.21972000    0.99102027268
  9226.67109600    0.99149565759
  9229.13466300    0.99208619439
  9231.61042300    0.99157706956
  9234.09837400    0.99101681763
  9236.59851700    0.99135150426
  9239.11085200    0.99245913108
  9241.63538000    0.99271634897
  9244.17209900    0.99331680913
  9246.72100900    0.99512096247
  9249.28211200    0.99653810892
  9251.85540700    0.99812342074
  9254.44089400    1.00000404981
  9257.03857200    1.00179115758
  9259.64844300    1.00280958759
  9262.27050500    1.00377780427
  9264.90475900    1.00478238129
  9267.55120500    1.00526641907
  9270.20984400    1.00640746213
  9272.88067400    1.00612460979
  9275.56369600    1.00572446253
  9278.25890900    1.00553800947
  9280.96631500    1.00575268138
  9283.68591300    1.00519179326
  9286.41770200    1.00488484432
  9289.16168400    1.00497948224
  9291.91785700    1.00426661553
  9294.68622200    1.00401489110
  9297.46678000    1.00432769742
  9300.25952900    1.00400409750
  9303.06447000    1.00299865506
  9305.88160200    1.00276016757
  9308.71092700    1.00287891611
  9311.55244400    1.00253007427
  9314.40615300    1.00177460435
  9317.27205300    1.00148498356
  9320.15014600    1.00125911713
  9323.04043000    1.00057427895
  9325.94290600    0.99985568927
  9328.85757400    0.99925331976
  9331.78443500    0.99857288100
  9334.72348700    0.99832044955
  9337.67473000    0.99881245146
  9340.63816600    0.99903569328
  9343.61379400    0.99844951178
  9346.60161400    0.99803670929
  9349.60162500    0.99778682766
  9352.61382900    0.99853120747
  9355.63822400    0.99989379451
  9358.67481100    1.00084688956
  9361.72359000    1.00137843875
  9364.78456100    1.00124143743
  9367.85772400    1.00110601533
  9370.94307900    1.00114843518
  9374.04062600    1.00080587294
  9377.15036500    1.00083299786
  9380.27229500    1.00152327472
  9383.40641800    1.00231149582
  9386.55273200    1.00241647377
  9389.71123900    1.00255414267
  9392.88193700    1.00296422378
  9396.06482700    1.00333435652
  9399.25990900    1.00397800293
  9402.46718300    1.00493758956
  9405.68664900    1.00578485498
  9408.91830700    1.00638495554
  9412.16215700    1.00676634898
  9415.41819800    1.00759727562
  9418.68643200    1.00862408912
  9421.96685700    1.00913326105
  9425.25947400    1.00916798602
  9428.56428400    1.00882518831
  9431.88128500    1.00797553897
  9435.21047800    1.00751614774
  9438.55186300    1.00688544760
  9441.90544000    1.00579711564
  9445.27120900    1.00487906690
  9448.64916900    1.00362451438
  9452.03932200    1.00248910523
  9455.44166600    1.00147492648
  9458.85620300    1.00051715411
  9462.28293100    1.00021261417
  9465.72185100    0.99978110185
  9469.17296400    0.99813502945
  9472.63626800    0.99688212267
  9476.11176400    0.99687942730
  9479.59945100    0.99667560595
  9483.09933100    0.99601301567
  9486.61140300    0.99571050789
  9490.13566600    0.99498918454
  9493.67212200    0.99453303084
  9497.22076900    0.99494280473
  9500.78160900    0.99478374726
  9504.35464000    0.99372893985
  9507.93986300    0.99341005493
  9511.53727800    0.99269365555
  9515.14688500    0.99101128355
  9518.76868400    0.99152334802
  9522.40267500    0.99294205971
  9526.04885700    0.99342228852
  9529.70723200    0.99445135877
  9533.37779900    0.99598101227
  9537.06055700    0.99701187460
  9540.75550700    0.99751938832
  9544.46265000    0.99842089231
  9548.18198400    0.99870858371
  9551.91351000    0.99829258220
  9555.65722800    0.99819163404
  9559.41313800    0.99795659093
  9563.18123900    0.99727816846
  9566.96153300    0.99795844309
  9570.75401900    0.99887529693
  9574.55869600    0.99868404454
  9578.37556500    0.99853644535
  9582.20462700    0.99914649857
  9586.04588000    0.99968524752
  9589.89932500    0.99906270756
  9593.76496200    0.99892424302
  9597.64279100    0.99888366161
  9601.53281200    0.99852685241
  9605.43502500    0.99846220110
  9609.34942900    0.99806198870
  9613.27602600    0.99761431314
  9617.21481400    0.99697162761
  9621.16579500    0.99738131424
  9625.12896700    0.99823594407
  9629.10433100    0.99852851609
  9633.09188800    0.99914478049
  9637.09163600    0.99966537817
  9641.10357500    0.99986665060
  9645.12770700    1.00007990927
  9649.16403100    1.00125360598
  9653.21254700    1.00255354329
  9657.27325400    1.00374870086
  9661.34615400    1.00382999025
  9665.43124500    1.00410962484
  9669.52852900    1.00442902221
  9673.63800400    1.00494673742
  9677.75967100    1.00389433362
  9681.89353000    1.00318957831
  9686.03958100    1.00374750245
  9690.19782400    1.00345042323
  9694.36825800    1.00289256856
  9698.55088500    1.00234129349
  9702.74570400    1.00197493647
  9706.95271400    1.00103468537
  9711.17191600    1.00044587048
  9715.40331100    0.99919524798
  9719.64689700    0.99810438779
  9723.90267500    0.99742803614
  9728.17064500    0.99812052150
  9732.45080700    0.99842822529
  9736.74316100    0.99791845604
  9741.04770700    0.99813740776
  9745.36444400    0.99861263194
  9749.69337400    0.99901681124
  9754.03449500    0.99949622580
  9758.38780900    0.99952313017
  9762.75331400    0.99952301723
  9767.13101100    1.00014974434
  9771.52090000    1.00110869731
  9775.92298100    1.00187954166
  9780.33725400    1.00280456664
  9784.76371900    1.00340480794
  9789.20237600    1.00442451178
  9793.65322400    1.00376091034
  9798.11626500    1.00302614764
  9802.59149700    1.00257151859
  9807.07892200    1.00114899181
  9811.57853800    1.00001859160
  9816.09034600    0.99998309462
  9820.61434600    0.99972602249
  9825.15053800    0.99912882345
  9829.69892200    0.99829973922
  9834.25949800    0.99776739969
  9838.83226600    0.99831567527
  9843.41722600    0.99842638508
  9848.01437700    0.99820492300
  9852.62372100    0.99902308731
  9857.24525600    1.00078901726
  9861.87898300    1.00109562589
  9866.52490200    1.00105215116
  9871.18301300    1.00047642401
  9875.85331600    0.99979077849
  9880.53581100    0.99940123241
  9885.23049800    0.99959292027
  9889.93737700    0.99989294355
  9894.65644800    0.99990875397
  9899.38771000    1.00007066355
  9904.13116500    1.00042496516
  9908.88681100    0.99994675304
  9913.65464900    0.99978571189
  9918.43467900    0.99909844302
  9923.22690100    0.99868698682
  9928.03131500    0.99846154899
  9932.84792100    0.99777896213
  9937.67671900    0.99654209243
