#---------------------------------
#  energy flat
  10182.0000000    0.00270086459
  10187.0000000    0.00203340971
  10192.0000000    0.00209898087
  10197.0000000    0.00171623502
  10202.0000000    0.00158230559
  10207.0000000    0.00130519486
  10212.0000000    0.00088247107
  10217.0000000    0.00020859638
  10222.0000000    1.90905885e-6
  10227.0000000    0.00009024138
  10232.0000000   -0.00052877309
  10237.0000000   -0.00021419095
  10242.0000000   -0.00016982463
  10247.0000000   -0.00013304536
  10252.0000000    0.00003660460
  10257.0000000   -0.00007971897
  10262.0000000    0.00031258183
  10267.0000000    0.00048271814
  10272.0000000    0.00050062705
  10277.0000000    0.00061852942
  10282.0000000    0.00053848753
  10287.0000000   -0.00018606479
  10292.0000000   -0.00067395942
  10297.0000000   -0.00062346509
  10302.0000000   -0.00078647822
  10307.0000000   -0.00041956487
  10312.0000000    0.00016416310
  10317.0000000    0.00086062690
  10322.0000000    0.00196397074
  10327.0000000    0.00322032015
  10332.0000000    0.00476137859
  10337.0000000    0.00654775174
  10341.0000000    0.00846049571
  10344.0000000    0.01070271007
  10346.0000000    0.01237027101
  10347.0000000    0.01362143666
  10347.2000000    0.01482326133
  10347.4000000    0.01518525759
  10347.6000000    0.01566874396
  10347.8000000    0.01603502010
  10348.0000000    0.01623515922
  10348.2000000    0.01646992644
  10348.4000000    0.01647630390
  10348.6000000    0.01666525699
  10348.8000000    0.01670606801
  10349.0000000    0.01673900016
  10349.2000000    0.01722433466
  10349.4000000    0.01747466506
  10349.6000000    0.01781409470
  10349.8000000    0.01800382595
  10350.0000000    0.01841027455
  10350.2000000    0.01879960366
  10350.4000000    0.01949620841
  10350.6000000    0.01952554157
  10350.8000000    0.01997070360
  10351.0000000    0.02016383930
  10351.2000000    0.02039500753
  10351.4000000    0.02051674710
  10351.6000000    0.02110849489
  10351.8000000    0.02161989773
  10352.0000000    0.02226349038
  10352.2000000    0.02250915183
  10352.4000000    0.02256542876
  10352.6000000    0.02301788603
  10352.8000000    0.02357228217
  10353.0000000    0.02411150421
  10353.2000000    0.02447457044
  10353.4000000    0.02478190100
  10353.6000000    0.02530166906
  10353.8000000    0.02581997806
  10354.0000000    0.02626183292
  10354.2000000    0.02672829706
  10354.4000000    0.02688485927
  10354.6000000    0.02743974176
  10354.8000000    0.02828721214
  10355.0000000    0.02888207256
  10355.2000000    0.02962536687
  10355.4000000    0.03023423416
  10355.6000000    0.03108491445
  10355.8000000    0.03196604022
  10356.0000000    0.03288821389
  10356.2000000    0.03364639050
  10356.4000000    0.03483450011
  10356.6000000    0.03552400415
  10356.8000000    0.03655794095
  10357.0000000    0.03717313079
  10357.2000000    0.03788559054
  10357.4000000    0.03907904999
  10357.6000000    0.04010783149
  10357.8000000    0.04117328374
  10358.0000000    0.04200110560
  10358.2000000    0.04301714473
  10358.4000000    0.04418132594
  10358.6000000    0.04512723348
  10358.8000000    0.04651542729
  10359.0000000    0.04732379517
  10359.2000000    0.04848768457
  10359.4000000    0.04976518523
  10359.6000000    0.05115386539
  10359.8000000    0.05242455715
  10360.0000000    0.05393764553
  10360.2000000    0.05517973994
  10360.4000000    0.05665722754
  10360.6000000    0.05828295447
  10360.8000000    0.05979565377
  10361.0000000    0.06145454975
  10361.2000000    0.06308747466
  10361.4000000    0.06477331440
  10361.6000000    0.06675845366
  10361.8000000    0.06894455255
  10362.0000000    0.07108678271
  10362.2000000    0.07327842599
  10362.4000000    0.07542075342
  10362.6000000    0.07776092785
  10362.8000000    0.08031995958
  10363.0000000    0.08280642795
  10363.2000000    0.08565386497
  10363.4000000    0.08849206134
  10363.6000000    0.09134416731
  10363.8000000    0.09476423229
  10364.0000000    0.09804160230
  10364.2000000    0.10154142861
  10364.4000000    0.10510681483
  10364.6000000    0.10922333237
  10364.8000000    0.11332555123
  10365.0000000    0.11800010624
  10365.2000000    0.12298835672
  10365.4000000    0.12843873654
  10365.6000000    0.13441252575
  10365.8000000    0.14082626677
  10366.0000000    0.14780670228
  10366.2000000    0.15511231111
  10366.4000000    0.16342281538
  10366.6000000    0.17228231103
  10366.8000000    0.18188835324
  10367.0000000    0.19259685261
  10367.2000000    0.20489338055
  10367.4000000    0.21824314708
  10367.6000000    0.23347158467
  10367.8000000    0.25023961040
  10368.0000000    0.26915010317
  10368.2000000    0.28996572442
  10368.4000000    0.31349284170
  10368.6000000    0.33921553539
  10368.8000000    0.36732659448
  10369.0000000    0.39802814582
  10369.2000000    0.43123400828
  10369.4000000    0.46742255527
  10369.6000000    0.50616657736
  10369.8000000    0.54836708572
  10370.0000000    0.59365591375
  10370.2000000    0.64249801160
  10370.4000000    0.69542243034
  10370.6000000    0.75169770022
  10370.8000000    0.81224185467
  10371.0000000    0.88000635459
  10371.2000000    0.94749713332
  10371.4000000    1.00058804497
  10371.6000000    1.05005367725
  10371.8000000    1.11400529826
  10372.0000000    1.17365678077
  10372.2000000    1.22988588821
  10372.4000000    1.28132656174
  10372.6000000    1.32605966576
  10372.8000000    1.36431164434
  10373.0000000    1.39738027238
  10373.2000000    1.42574567393
  10373.4000000    1.44951776374
  10373.6000000    1.46970912133
  10373.8000000    1.48675201388
  10374.0000000    1.50079896039
  10374.2000000    1.51277966646
  10374.4000000    1.52256768092
  10374.6000000    1.53107033721
  10374.8000000    1.53816916035
  10375.0000000    1.54479229955
  10375.2000000    1.55135256816
  10375.4000000    1.55770483913
  10375.6000000    1.56416173773
  10375.8000000    1.56991747976
  10376.0000000    1.57532943465
  10376.2000000    1.57950641515
  10376.4000000    1.58205895239
  10376.6000000    1.58244739258
  10376.8000000    1.58093728239
  10377.0000000    1.57703565762
  10377.2000000    1.57139617182
  10377.4000000    1.56330603081
  10377.6000000    1.55255201877
  10377.8000000    1.53979343088
  10378.0000000    1.52519796014
  10378.2000000    1.50864090633
  10378.4000000    1.49120702330
  10378.6000000    1.47260547369
  10378.8000000    1.45376732482
  10379.0000000    1.43494100388
  10379.2000000    1.41646792795
  10379.4000000    1.39838972830
  10379.6000000    1.38089744276
  10379.8000000    1.36398037149
  10380.0000000    1.34799549469
  10380.2000000    1.33294164498
  10380.4000000    1.31840561944
  10380.6000000    1.30555913120
  10380.8000000    1.29360242681
  10381.0000000    1.28246197002
  10381.2000000    1.27181034998
  10381.4000000    1.26184385712
  10381.6000000    1.25242339528
  10381.8000000    1.24321474481
  10382.0000000    1.23413230785
  10382.2000000    1.22466444450
  10382.4000000    1.21570214684
  10382.6000000    1.20685069339
  10382.8000000    1.19819101239
  10383.0000000    1.18964801128
  10383.2000000    1.18090089360
  10383.4000000    1.17266770564
  10383.6000000    1.16448485871
  10383.8000000    1.15619360810
  10384.0000000    1.14868825309
  10384.2000000    1.14127020096
  10384.4000000    1.13370600367
  10384.6000000    1.12645691488
  10384.8000000    1.11931730577
  10385.0000000    1.11250214254
  10385.2000000    1.10609818979
  10385.4000000    1.10024785035
  10385.6000000    1.09436555916
  10385.8000000    1.08882580509
  10386.0000000    1.08359590524
  10386.2000000    1.07901786033
  10386.4000000    1.07441039169
  10386.6000000    1.07048921106
  10386.8000000    1.06710880243
  10387.0000000    1.06423084117
  10387.2000000    1.06157324433
  10387.4000000    1.05866191807
  10387.6000000    1.05649037708
  10387.8000000    1.05450029180
  10388.0000000    1.05289981956
  10388.2000000    1.05138878517
  10388.4000000    1.05003741735
  10388.6000000    1.04861557514
  10388.8000000    1.04723764772
  10389.0000000    1.04634018225
  10389.2000000    1.04576365582
  10389.4000000    1.04556098304
  10389.6000000    1.04531643200
  10389.8000000    1.04496171901
  10390.0000000    1.04424160756
  10390.2000000    1.04352222145
  10390.4000000    1.04322376628
  10390.6000000    1.04265251294
  10390.8000000    1.04194716800
  10391.0000000    1.04160302967
  10391.2000000    1.04112946817
  10391.4000000    1.04052667790
  10391.6000000    1.04019190886
  10391.8000000    1.04007808223
  10392.0000000    1.03990428223
  10392.2000000    1.04000764614
  10392.4000000    1.04006037407
  10392.6000000    1.04027704325
  10392.8000000    1.04053159161
  10393.0000000    1.04076001530
  10393.2000000    1.04108039977
  10393.4000000    1.04146181292
  10393.6000000    1.04201806032
  10393.8000000    1.04269291969
  10394.0000000    1.04361614889
  10394.2000000    1.04468522519
  10394.4000000    1.04530816363
  10394.6000000    1.04598240228
  10394.8000000    1.04649783794
  10395.0000000    1.04689940905
  10395.2000000    1.04699257552
  10395.4000000    1.04687888692
  10395.6000000    1.04644803889
  10395.8000000    1.04584963234
  10396.0000000    1.04480177887
  10396.2000000    1.04350816138
  10396.4000000    1.04166899372
  10396.6000000    1.03935294829
  10396.8000000    1.03659173481
  10397.0000000    1.03340422336
  10397.2278600    1.02945112341
  10397.4835810    1.02419585331
  10397.7671620    1.01779889005
  10398.0786040    1.01060651117
  10398.4179050    1.00163494934
  10398.7850670    0.99144684572
  10399.1800900    0.98083500389
  10399.6029730    0.96996874726
  10400.0537160    0.95851394656
  10400.5323190    0.94365513505
  10401.0387830    0.92992210194
  10401.5731070    0.91935999503
  10402.1352920    0.91005645242
  10402.7253370    0.90277561180
  10403.3432420    0.89671635886
  10403.9890080    0.89323659721
  10404.6626340    0.89209844044
  10405.3641200    0.89251677636
  10406.0934670    0.89473912453
  10406.8506740    0.89731838758
  10407.6357410    0.90176837813
  10408.4486690    0.90682936827
  10409.2894570    0.91420740839
  10410.1581060    0.92268676657
  10411.0546140    0.92981134491
  10411.9789830    0.94022361643
  10412.9312130    0.95395975778
  10413.9113030    0.96912632040
  10414.9192530    0.98529689232
  10415.9550640    1.00202075547
  10417.0187340    1.01819375018
  10418.1102660    1.03241718772
  10419.2327230    1.04442900895
  10420.3673730    1.05455730797
  10421.5142140    1.06289554175
  10422.6732480    1.06936596617
  10423.8444730    1.07380777585
  10425.0278900    1.07695757322
  10426.2234990    1.07907300568
  10427.4313000    1.07993957286
  10428.6512930    1.08037344676
  10429.8834780    1.08101629735
  10431.1278550    1.08170128725
  10432.3844230    1.08247985446
  10433.6531840    1.08283245800
  10434.9341360    1.08296111117
  10436.2272800    1.08217663572
  10437.5326170    1.08014099762
  10438.8501450    1.07687645482
  10440.1798650    1.07246770778
  10441.5217770    1.06772839873
  10442.8758810    1.06272630390
  10444.2421770    1.05753620234
  10445.6206640    1.05230660453
  10447.0113440    1.04702260260
  10448.4142150    1.04192472443
  10449.8292790    1.03684651408
  10451.2565340    1.03150596378
  10452.6959810    1.02643306974
  10454.1476200    1.02131702754
  10455.6114520    1.01656741127
  10457.0874750    1.01232650010
  10458.5756890    1.00838795402
  10460.0760960    1.00513488465
  10461.5886950    1.00263641900
  10463.1134850    1.00071383881
  10464.6504680    0.99928452322
  10466.1996420    0.99818473169
  10467.7610090    0.99730518806
  10469.3345670    0.99606602784
  10470.9203170    0.99476631167
  10472.5182590    0.99362942369
  10474.1283930    0.99232197319
  10475.7507190    0.99110177375
  10477.3852370    0.98958523923
  10479.0319460    0.98830273063
  10480.6908480    0.98710565904
  10482.3619420    0.98601585378
  10484.0452270    0.98531349064
  10485.7407040    0.98469609386
  10487.4483740    0.98451834067
  10489.1682350    0.98449973671
  10490.9002880    0.98489846226
  10492.6445330    0.98569411498
  10494.4009700    0.98729038652
  10496.1695980    0.98923538070
  10497.9504190    0.99193861737
  10499.7434320    0.99490889732
  10501.5486360    0.99842364515
  10503.3660320    1.00214650693
  10505.1956210    1.00580824176
  10507.0374010    1.00904798055
  10508.8913730    1.01135660818
  10510.7575370    1.01309070942
  10512.6358930    1.01416584390
  10514.5264410    1.01444640360
  10516.4291810    1.01375164365
  10518.3441120    1.01309529120
  10520.2712360    1.01237615871
  10522.2105520    1.01138722829
  10524.1620590    1.00980650515
  10526.1257580    1.00837339781
  10528.1016490    1.00687445585
  10530.0897330    1.00501918589
  10532.0900080    1.00289002638
  10534.1024750    1.00099136536
  10536.1271330    0.99876695755
  10538.1639840    0.99649823913
  10540.2130270    0.99428883512
  10542.2742610    0.99260245955
  10544.3476880    0.99120889548
  10546.4333060    0.98995963194
  10548.5311170    0.98919950273
  10550.6411190    0.98861093258
  10552.7633130    0.98829868465
  10554.8976990    0.98841887686
  10557.0442770    0.98849770244
  10559.2030470    0.98845626546
  10561.3740080    0.98843238344
  10563.5571620    0.98865646735
  10565.7525080    0.98862901218
  10567.9600450    0.98870531593
  10570.1797750    0.98887376692
  10572.4116960    0.98875137509
  10574.6558090    0.98845394277
  10576.9121140    0.98807995388
  10579.1806110    0.98772788711
  10581.4613000    0.98718067218
  10583.7541810    0.98670505408
  10586.0592540    0.98584992030
  10588.3765180    0.98507284925
  10590.7059750    0.98425518469
  10593.0476230    0.98350549023
  10595.4014640    0.98271346384
  10597.7674960    0.98226390455
  10600.1457200    0.98178270383
  10602.5361360    0.98143287253
  10604.9387440    0.98116089318
  10607.3535440    0.98122353350
  10609.7805360    0.98164916570
  10612.2197200    0.98303148903
  10614.6710960    0.98395265514
  10617.1346630    0.98519155413
  10619.6104230    0.98659775159
  10622.0983740    0.98739497531
  10624.5985170    0.98876109769
  10627.1108520    0.99006807272
  10629.6353800    0.99118878791
  10632.1720990    0.99166638161
  10634.7210090    0.99200578993
  10637.2821120    0.99235204313
  10639.8554070    0.99257644975
  10642.4408940    0.99243942395
  10645.0385720    0.99247953398
  10647.6484430    0.99280054365
  10650.2705050    0.99257144925
  10652.9047590    0.99280197522
  10655.5512050    0.99313539275
  10658.2098440    0.99311964197
  10660.8806740    0.99287207677
  10663.5636960    0.99313471067
  10666.2589090    0.99320217595
  10668.9663150    0.99300212999
  10671.6859130    0.99320050434
  10674.4177020    0.99324093084
  10677.1616840    0.99344032307
  10679.9178570    0.99377572969
  10682.6862220    0.99420259788
  10685.4667800    0.99469173766
  10688.2595290    0.99480989537
  10691.0644700    0.99505799016
  10693.8816020    0.99572099723
  10696.7109270    0.99614270073
  10699.5524440    0.99686485672
  10702.4061530    0.99740535193
  10705.2720530    0.99769449230
  10708.1501460    0.99780711962
  10711.0404300    0.99818186142
  10713.9429060    0.99843210033
  10716.8575740    0.99825583865
  10719.7844350    0.99828894906
  10722.7234870    0.99859185151
  10725.6747300    0.99890260695
  10728.6381660    0.99940282089
  10731.6137940    0.99974008306
  10734.6016140    1.00001525514
  10737.6016250    1.00068889829
  10740.6138290    1.00124050273
  10743.6382240    1.00156839967
  10746.6748110    1.00215219885
  10749.7235900    1.00229064881
  10752.7845610    1.00259213532
  10755.8577240    1.00305184970
  10758.9430790    1.00283857339
  10762.0406260    1.00311783987
  10765.1503650    1.00367102723
  10768.2722950    1.00414235890
  10771.4064180    1.00442525807
  10774.5527320    1.00467382861
  10777.7112390    1.00500540056
  10780.8819370    1.00565830517
  10784.0648270    1.00601275331
  10787.2599090    1.00621971891
  10790.4671830    1.00664474964
  10793.6866490    1.00705303944
  10796.9183070    1.00722631459
  10800.1621570    1.00752349741
  10803.4181980    1.00759907852
  10806.6864320    1.00797752622
  10809.9668570    1.00818843057
  10813.2594740    1.00828410570
  10816.5642840    1.00896740424
  10819.8812850    1.00914810358
  10823.2104780    1.00943139184
  10826.5518630    1.00969001251
  10829.9054400    1.00900882050
  10833.2712090    1.00855249364
  10836.6491690    1.00859957942
  10840.0393220    1.00843296704
  10843.4416660    1.00849597585
  10846.8562030    1.00829618522
  10850.2829310    1.00808528960
  10853.7218510    1.00800409321
  10857.1729640    1.00776696777
  10860.6362680    1.00769486061
  10864.1117640    1.00759221360
  10867.5994510    1.00740665031
  10871.0993310    1.00695155996
  10874.6114030    1.00724414538
  10878.1356660    1.00700156499
  10881.6721220    1.00620159396
  10885.2207690    1.00578848366
  10888.7816090    1.00553671595
  10892.3546400    1.00548534966
  10895.9398630    1.00548221042
  10899.5372780    1.00533174304
  10903.1468850    1.00535450796
  10906.7686840    1.00526546476
  10910.4026750    1.00524257951
  10914.0488570    1.00520099761
  10917.7072320    1.00518737406
  10921.3777990    1.00524739531
  10925.0605570    1.00525788994
  10928.7555070    1.00495756522
  10932.4626500    1.00479150571
  10936.1819840    1.00475346871
  10939.9135100    1.00451019220
  10943.6572280    1.00385876055
  10947.4131380    1.00316820920
  10951.1812390    1.00278968124
  10954.9615330    1.00247086036
  10958.7540190    1.00234871109
  10962.5586960    1.00233862267
  10966.3755650    1.00238594785
  10970.2046270    1.00237651624
  10974.0458800    1.00228682099
  10977.8993250    1.00220930579
  10981.7649620    1.00164054625
  10985.6427910    1.00101052725
  10989.5328120    1.00035024007
  10993.4350250    0.99980935295
  10997.3494290    0.99910196836
  11001.2760260    0.99891956334
  11005.2148140    0.99889260601
  11009.1657950    0.99863717529
  11013.1289670    0.99854168503
  11017.1043310    0.99873484657
  11021.0918880    0.99861994218
  11025.0916360    0.99866790129
  11029.1035750    0.99847656819
  11033.1277070    0.99812003062
  11037.1640310    0.99824141887
  11041.2125470    0.99823765257
  11045.2732540    0.99815270388
  11049.3461540    0.99816284270
  11053.4312450    0.99797668120
  11057.5285290    0.99763103106
  11061.6380040    0.99723158782
  11065.7596710    0.99663524290
  11069.8935300    0.99587146011
  11074.0395810    0.99504364359
  11078.1978240    0.99455947343
  11082.3682580    0.99436169638
  11086.5508850    0.99426039743
  11090.7457040    0.99435554501
  11094.9527140    0.99480548702
  11099.1719160    0.99507758232
  11103.4033110    0.99558369887
  11107.6468970    0.99560681116
  11111.9026750    0.99585141323
  11116.1706450    0.99582579419
  11120.4508070    0.99544718619
  11124.7431610    0.99523319202
  11129.0477070    0.99490362774
  11133.3644440    0.99482809519
  11137.6933740    0.99488558645
  11142.0344950    0.99506425650
  11146.3878090    0.99567443827
  11150.7533140    0.99612265983
  11155.1310110    0.99603919174
  11159.5209000    0.99557880975
  11163.9229810    0.99737669791
  11168.3372540    0.99664890071
  11172.7637190    0.99582249707
  11177.2023760    0.99762223868
  11181.6532240    0.99755664572
  11186.1162650    0.99769687053
  11190.5914970    0.99799808779
  11195.0789220    0.99826920440
  11199.5785380    0.99844736241
  11204.0903460    0.99895433056
  11208.6143460    0.99893339397
  11213.1505380    0.99873207116
  11217.6989220    0.99816487394
  11222.2594980    0.99796593699
  11226.8322660    0.99760219629
  11231.4172260    0.99765144456
  11236.0143770    0.99772056222
  11240.6237210    0.99802050878
  11245.2452560    0.99836814610
  11249.8789830    0.99845236308
  11254.5249020    0.99853636881
  11259.1830130    0.99916510432
  11263.8533160    0.99945776752
  11268.5358110    0.99985899576
  11273.2304980    1.00038139401
  11277.9373770    1.00121502866
  11282.6564480    1.00190802671
  11287.3877100    1.00303047630
  11292.1311650    1.00358743346
  11296.8868110    1.00431015373
  11301.6546490    1.00538405604
  11306.4346790    1.00651915068
  11311.2269010    1.00763870987
  11316.0313150    1.00838533204
  11320.8479210    1.01007801322
  11325.6767190    1.01216918869
