#---------------------------------
#  energy flat
  8794.00000000    0.00749688764
  8799.00000000    0.00576492473
  8804.00000000    0.00430410026
  8809.00000000    0.00249168969
  8814.00000000   -0.00061980176
  8819.00000000   -0.00238943460
  8824.00000000   -0.00392453483
  8829.00000000   -0.00361210539
  8834.00000000   -0.00245646520
  8839.00000000   -0.00151407519
  8844.00000000   -0.00076578113
  8849.00000000    0.00159572278
  8854.00000000    0.00210884574
  8859.00000000    0.00288033767
  8864.00000000    0.00309082416
  8869.00000000    0.00218121520
  8874.00000000    0.00189752315
  8879.00000000    0.00267497417
  8884.00000000    0.00315234261
  8889.00000000    0.00234148422
  8894.00000000    0.00242491448
  8899.00000000    0.00025581001
  8904.00000000   -0.00152297429
  8909.00000000   -0.00258475278
  8914.00000000   -0.00307382049
  8919.00000000   -0.00315234970
  8924.00000000   -0.00199713516
  8929.00000000    0.00007577870
  8934.00000000    0.00243174918
  8939.00000000    0.00472578773
  8944.00000000    0.00755082345
  8949.00000000    0.00793965689
  8953.00000000    0.00872608849
  8956.00000000    0.01024084755
  8958.00000000    0.01119357902
  8959.00000000    0.01159385998
  8959.20000000    0.01231485850
  8959.40000000    0.01254763757
  8959.60000000    0.01282362001
  8959.80000000    0.01350418187
  8960.00000000    0.01367226229
  8960.20000000    0.01393973175
  8960.40000000    0.01455602061
  8960.60000000    0.01444955739
  8960.80000000    0.01505414090
  8961.00000000    0.01562871615
  8961.20000000    0.01578721946
  8961.40000000    0.01616429355
  8961.60000000    0.01603186574
  8961.80000000    0.01579217438
  8962.00000000    0.01578595151
  8962.20000000    0.01616281278
  8962.40000000    0.01675569094
  8962.60000000    0.01643278518
  8962.80000000    0.01639123345
  8963.00000000    0.01603491424
  8963.20000000    0.01581182319
  8963.40000000    0.01597266757
  8963.60000000    0.01649467516
  8963.80000000    0.01655825874
  8964.00000000    0.01740078006
  8964.20000000    0.01809815505
  8964.40000000    0.01796338618
  8964.60000000    0.01808868886
  8964.80000000    0.01861218622
  8965.00000000    0.01800473409
  8965.20000000    0.01838563902
  8965.40000000    0.01918112612
  8965.60000000    0.01981976155
  8965.80000000    0.01994719248
  8966.00000000    0.02108724248
  8966.20000000    0.02187400378
  8966.40000000    0.02313132009
  8966.60000000    0.02376804009
  8966.80000000    0.02411489311
  8967.00000000    0.02393521826
  8967.20000000    0.02397198594
  8967.40000000    0.02396874262
  8967.60000000    0.02404913933
  8967.80000000    0.02437768943
  8968.00000000    0.02427463141
  8968.20000000    0.02408091014
  8968.40000000    0.02426516522
  8968.60000000    0.02488209254
  8968.80000000    0.02558755487
  8969.00000000    0.02640389878
  8969.20000000    0.02718746770
  8969.40000000    0.02760731953
  8969.60000000    0.02816848683
  8969.80000000    0.02841658926
  8970.00000000    0.02904713736
  8970.20000000    0.02908092550
  8970.40000000    0.02997558883
  8970.60000000    0.03007939624
  8970.80000000    0.03034558876
  8971.00000000    0.03099890908
  8971.20000000    0.03251225329
  8971.40000000    0.03304809447
  8971.60000000    0.03472254684
  8971.80000000    0.03547844858
  8972.00000000    0.03702329082
  8972.20000000    0.03849875226
  8972.40000000    0.04049499530
  8972.60000000    0.04157524161
  8972.80000000    0.04258993797
  8973.00000000    0.04324283264
  8973.20000000    0.04376271199
  8973.40000000    0.04517326195
  8973.60000000    0.04685644012
  8973.80000000    0.04858878076
  8974.00000000    0.05048116544
  8974.20000000    0.05261787267
  8974.40000000    0.05469137101
  8974.60000000    0.05649373092
  8974.80000000    0.05891434605
  8975.00000000    0.06139795725
  8975.20000000    0.06420080522
  8975.40000000    0.06766255791
  8975.60000000    0.07173469133
  8975.80000000    0.07634314253
  8976.00000000    0.08201401374
  8976.20000000    0.08829675545
  8976.40000000    0.09564681212
  8976.60000000    0.10345061067
  8976.80000000    0.11372700450
  8977.00000000    0.12501708152
  8977.20000000    0.13903748431
  8977.40000000    0.15650841104
  8977.60000000    0.17692610608
  8977.80000000    0.20133681477
  8978.00000000    0.23108516243
  8978.20000000    0.26436448170
  8978.40000000    0.30272839159
  8978.60000000    0.34250311522
  8978.80000000    0.38214430719
  8979.00000000    0.42120823803
  8979.20000000    0.45761497358
  8979.40000000    0.48952656116
  8979.60000000    0.51767894788
  8979.80000000    0.54076794495
  8980.00000000    0.55885739961
  8980.20000000    0.57449248021
  8980.40000000    0.58527742100
  8980.60000000    0.59181536656
  8980.80000000    0.59598896249
  8981.00000000    0.59757623272
  8981.20000000    0.59618323893
  8981.40000000    0.59383011136
  8981.60000000    0.59112254850
  8981.80000000    0.58826252070
  8982.00000000    0.58554436416
  8982.20000000    0.58381533318
  8982.40000000    0.58182785032
  8982.60000000    0.58179401355
  8982.80000000    0.58296659585
  8983.00000000    0.58520194055
  8983.20000000    0.58886312619
  8983.40000000    0.59350556224
  8983.60000000    0.59870572779
  8983.80000000    0.60471262741
  8984.00000000    0.61224943872
  8984.20000000    0.61892976026
  8984.40000000    0.62598563309
  8984.60000000    0.63439179336
  8984.80000000    0.64187697773
  8985.00000000    0.65016400054
  8985.20000000    0.65775457708
  8985.40000000    0.66565813394
  8985.60000000    0.67341113920
  8985.80000000    0.68228436798
  8986.00000000    0.68966476068
  8986.20000000    0.69799298880
  8986.40000000    0.70706942284
  8986.60000000    0.71809801101
  8986.80000000    0.72896774677
  8987.00000000    0.73939195538
  8987.20000000    0.74955792232
  8987.40000000    0.76026033422
  8987.60000000    0.77234963778
  8987.80000000    0.78451398253
  8988.00000000    0.79825080170
  8988.20000000    0.81121072529
  8988.40000000    0.82506102049
  8988.60000000    0.83806823148
  8988.80000000    0.85256512769
  8989.00000000    0.86551236208
  8989.20000000    0.87960088774
  8989.40000000    0.89337221814
  8989.60000000    0.90780598444
  8989.80000000    0.92173229013
  8990.00000000    0.93675263963
  8990.20000000    0.94971744274
  8990.40000000    0.96315867271
  8990.60000000    0.97516750626
  8990.80000000    0.98649244715
  8991.00000000    0.99749253022
  8991.20000000    1.00857573999
  8991.40000000    1.01932004531
  8991.60000000    1.02795666148
  8991.80000000    1.03450921192
  8992.00000000    1.04134834886
  8992.20000000    1.04843001751
  8992.40000000    1.05284639634
  8992.60000000    1.05618281511
  8992.80000000    1.05918032866
  8993.00000000    1.06237546753
  8993.20000000    1.06462217154
  8993.40000000    1.06505956543
  8993.60000000    1.06280996075
  8993.80000000    1.06055388222
  8994.00000000    1.05855501933
  8994.20000000    1.05698639830
  8994.40000000    1.05379660347
  8994.60000000    1.04997995090
  8994.80000000    1.04528403058
  8995.00000000    1.04130779304
  8995.20000000    1.03613049688
  8995.40000000    1.03053874142
  8995.60000000    1.02567326596
  8995.80000000    1.02162068999
  8996.00000000    1.01757930344
  8996.20000000    1.01535449659
  8996.40000000    1.01260456115
  8996.60000000    1.01099655148
  8996.80000000    1.01052557250
  8997.00000000    1.00846087269
  8997.20000000    1.00290256746
  8997.40000000    1.00000171096
  8997.60000000    0.99789076794
  8997.80000000    0.99740443606
  8998.00000000    0.99752051902
  8998.20000000    0.99816516664
  8998.40000000    0.99906213256
  8998.60000000    1.00082605390
  8998.80000000    1.00400899734
  8999.00000000    1.00738594486
  8999.20000000    1.01016178393
  8999.40000000    1.01355919132
  8999.60000000    1.01822238674
  8999.80000000    1.02259008940
  9000.00000000    1.02802416330
  9000.20000000    1.03301121318
  9000.40000000    1.03768872357
  9000.60000000    1.04117517519
  9000.80000000    1.04470899383
  9001.00000000    1.04886054909
  9001.20000000    1.05279854829
  9001.40000000    1.05673006958
  9001.60000000    1.06109502112
  9001.80000000    1.06401522645
  9002.00000000    1.06505396952
  9002.20000000    1.06547266117
  9002.40000000    1.06348080859
  9002.60000000    1.06129583036
  9002.80000000    1.05873788965
  9003.00000000    1.05583167401
  9003.20000000    1.05305029222
  9003.40000000    1.04867731443
  9003.60000000    1.04624435064
  9003.80000000    1.04365891003
  9004.00000000    1.03937929169
  9004.20000000    1.03420273616
  9004.40000000    1.02877729400
  9004.60000000    1.02510819773
  9004.80000000    1.02247354647
  9005.00000000    1.01889832857
  9005.20000000    1.01613643080
  9005.40000000    1.01229179940
  9005.60000000    1.01028289691
  9005.80000000    1.00641359978
  9006.00000000    1.00382413370
  9006.20000000    1.00127011359
  9006.40000000    0.99778531604
  9006.60000000    0.99418805120
  9006.80000000    0.99011715577
  9007.00000000    0.98675614680
  9007.20000000    0.98451641399
  9007.40000000    0.98189115961
  9007.60000000    0.97855774159
  9007.80000000    0.97574245471
  9008.00000000    0.97396906003
  9008.20000000    0.97134980391
  9008.40000000    0.96798811900
  9008.60000000    0.96494408411
  9008.80000000    0.96310687998
  9009.00000000    0.96182505065
  9009.22786000    0.96026270842
  9009.48358100    0.95938868266
  9009.76716200    0.95995899014
  9010.07860400    0.95862745621
  9010.41790500    0.95919541939
  9010.78506700    0.96025341854
  9011.18009000    0.96168214638
  9011.60297300    0.96263465769
  9012.05371600    0.96224485662
  9012.53231900    0.96529522918
  9013.03878300    0.96761346037
  9013.57310700    0.97009183166
  9014.13529200    0.97398634238
  9014.72533700    0.97741533115
  9015.34324200    0.98253569788
  9015.98900800    0.98985729668
  9016.66263400    0.99704750827
  9017.36412000    1.00483434574
  9018.09346700    1.01257331970
  9018.85067400    1.02040208148
  9019.63574100    1.02708535407
  9020.44866900    1.03275866570
  9021.28945700    1.03858890254
  9022.15810600    1.04461327783
  9023.05461400    1.04929837252
  9023.97898300    1.05346694202
  9024.93121300    1.05443248798
  9025.91130300    1.04964493958
  9026.91925300    1.04196188589
  9027.95506400    1.03273348141
  9029.01873400    1.02400582860
  9030.11026600    1.01535646915
  9031.23272300    1.00701287208
  9032.36737300    1.00019849113
  9033.51421400    0.99589326468
  9034.67324800    0.99260303571
  9035.84447300    0.99107448687
  9037.02789000    0.99054643124
  9038.22349900    0.99157059886
  9039.43130000    0.99285140280
  9040.65129300    0.99542857942
  9041.88347800    0.99695348572
  9043.12785500    0.99645232487
  9044.38442300    0.99883845421
  9045.65318400    0.99844507779
  9046.93413600    0.99822991040
  9048.22728000    0.99836095503
  9049.53261700    0.99783312554
  9050.85014500    0.99810542536
  9052.17986500    0.99967594709
  9053.52177700    1.00123931048
  9054.87588100    1.00391080085
  9056.24217700    1.00662169778
  9057.62066400    1.01177508922
  9059.01134400    1.01705190453
  9060.41421500    1.02148366692
  9061.82927900    1.02436451435
  9063.25653400    1.02846827508
  9064.69598100    1.03099319233
  9066.14762000    1.03440725906
  9067.61145200    1.03617091679
  9069.08747500    1.03753501849
  9070.57568900    1.03867224225
  9072.07609600    1.03742100097
  9073.58869500    1.03437430192
  9075.11348500    1.03072510374
  9076.65046800    1.02519142034
  9078.19964200    1.01890853547
  9079.76100900    1.01295553625
  9081.33456700    1.00677064162
  9082.92031700    1.00155680295
  9084.51825900    0.99710488226
  9086.12839300    0.99228655133
  9087.75071900    0.98718636772
  9089.38523700    0.98311645960
  9091.03194600    0.97948034607
  9092.69084800    0.97490323833
  9094.36194200    0.97081218845
  9096.04522700    0.96831011544
  9097.74070400    0.96737515442
  9099.44837400    0.96786923697
  9101.16823500    0.96902923499
  9102.90028800    0.97097587177
  9104.64453300    0.97394713792
  9106.40097000    0.97728141327
  9108.16959800    0.98100130935
  9109.95041900    0.98473825743
  9111.74343200    0.98776785182
  9113.54863600    0.99041469721
  9115.36603200    0.99413923634
  9117.19562100    0.99848244585
  9119.03740100    1.00290762698
  9120.89137300    1.00774724732
  9122.75753700    1.01189018637
  9124.63589300    1.01584151122
  9126.52644100    1.01980045830
  9128.42918100    1.02284850779
  9130.34411200    1.02514658633
  9132.27123600    1.02599196958
  9134.21055200    1.02507353554
  9136.16205900    1.02265372226
  9138.12575800    1.01873914601
  9140.10164900    1.01377377776
  9142.08973300    1.00801600108
  9144.09000800    1.00195107553
  9146.10247500    0.99599316801
  9148.12713300    0.99058964868
  9150.16398400    0.98565262475
  9152.21302700    0.98117933817
  9154.27426100    0.97717554162
  9156.34768800    0.97419606575
  9158.43330600    0.97413037092
  9160.53111700    0.97477273639
  9162.64111900    0.97575540104
  9164.76331300    0.97978973954
  9166.89769900    0.98308320921
  9169.04427700    0.98466531814
  9171.20304700    0.98669409243
  9173.37400800    0.98738264279
  9175.55716200    0.98716936364
  9177.75250800    0.98775512906
  9179.96004500    0.98892751810
  9182.17977500    0.99031831282
  9184.41169600    0.99211179448
  9186.65580900    0.99333191554
  9188.91211400    0.99465074128
  9191.18061100    0.99644578527
  9193.46130000    0.99799510699
  9195.75418100    0.99978943737
  9198.05925400    1.00124814612
  9200.37651800    1.00362727816
  9202.70597500    1.00569111932
  9205.04762300    1.00746047795
  9207.40146400    1.00934519366
  9209.76749600    1.01063991207
  9212.14572000    1.01068311100
  9214.53613600    1.01008808667
  9216.93874400    1.00963583829
  9219.35354400    1.00782716034
  9221.78053600    1.00583123832
  9224.21972000    1.00421538722
  9226.67109600    1.00231253694
  9229.13466300    1.00013452711
  9231.61042300    0.99761827335
  9234.09837400    0.99528766768
  9236.59851700    0.99300300546
  9239.11085200    0.99126943982
  9241.63538000    0.99029373871
  9244.17209900    0.99017243098
  9246.72100900    0.99117953363
  9249.28211200    0.99232019642
  9251.85540700    0.99350280032
  9254.44089400    0.99544190035
  9257.03857200    0.99658632114
  9259.64844300    0.99719346023
  9262.27050500    0.99734918487
  9264.90475900    0.99794553179
  9267.55120500    0.99817704872
  9270.20984400    0.99888468864
  9272.88067400    0.99922085878
  9275.56369600    0.99982900509
  9278.25890900    1.00148239821
  9280.96631500    1.00186791774
  9283.68591300    1.00249818088
  9286.41770200    1.00271711996
  9289.16168400    1.00243902733
  9291.91785700    1.00223540368
  9294.68622200    1.00284799954
  9297.46678000    1.00287882489
  9300.25952900    1.00281381624
  9303.06447000    1.00264429630
  9305.88160200    1.00244629355
  9308.71092700    1.00223581034
  9311.55244400    1.00207567438
  9314.40615300    1.00232453434
  9317.27205300    1.00253783868
  9320.15014600    1.00259068859
  9323.04043000    1.00296431587
  9325.94290600    1.00271784926
  9328.85757400    1.00224738068
  9331.78443500    1.00179150687
  9334.72348700    1.00156116156
  9337.67473000    1.00145824997
  9340.63816600    1.00118035860
  9343.61379400    1.00051361312
  9346.60161400    1.00001285649
  9349.60162500    1.00028188097
  9352.61382900    1.00049854511
  9355.63822400    1.00157182875
  9358.67481100    1.00253188743
  9361.72359000    1.00313545943
  9364.78456100    1.00356237572
  9367.85772400    1.00486547102
  9370.94307900    1.00531468423
  9374.04062600    1.00595262973
  9377.15036500    1.00672076551
  9380.27229500    1.00633084950
  9383.40641800    1.00609449479
  9386.55273200    1.00639540659
  9389.71123900    1.00660763915
  9392.88193700    1.00600990845
  9396.06482700    1.00550860337
  9399.25990900    1.00581771967
  9402.46718300    1.00617765416
  9405.68664900    1.00658986212
  9408.91830700    1.00645350357
  9412.16215700    1.00664005665
  9415.41819800    1.00671383184
  9418.68643200    1.00691080501
  9421.96685700    1.00636963644
  9425.25947400    1.00593114827
  9428.56428400    1.00528861117
  9431.88128500    1.00379648466
  9435.21047800    1.00248202050
  9438.55186300    1.00099038887
  9441.90544000    0.99996745950
  9445.27120900    0.99961174363
  9448.64916900    0.99972079224
  9452.03932200    0.99942430470
  9455.44166600    0.99903273911
  9458.85620300    0.99875353600
  9462.28293100    0.99729841367
  9465.72185100    0.99675533055
  9469.17296400    0.99639146807
  9472.63626800    0.99612653396
  9476.11176400    0.99625820449
  9479.59945100    0.99747575718
  9483.09933100    0.99840491530
  9486.61140300    0.99857123089
  9490.13566600    0.99857118860
  9493.67212200    0.99912512945
  9497.22076900    0.99974328364
  9500.78160900    0.99923099680
  9504.35464000    0.99870064195
  9507.93986300    0.99809915787
  9511.53727800    0.99756375096
  9515.14688500    0.99694942258
  9518.76868400    0.99653341828
  9522.40267500    0.99680240330
  9526.04885700    0.99678477225
  9529.70723200    0.99684459976
  9533.37779900    0.99686583632
  9537.06055700    0.99587645308
  9540.75550700    0.99443675374
  9544.46265000    0.99470535518
  9548.18198400    0.99492406030
  9551.91351000    0.99441624015
  9555.65722800    0.99514344228
  9559.41313800    0.99591911547
  9563.18123900    0.99614070301
  9566.96153300    0.99635702314
  9570.75401900    0.99603149834
  9574.55869600    0.99529241680
  9578.37556500    0.99486056733
  9582.20462700    0.99466673624
  9586.04588000    0.99484858517
  9589.89932500    0.99521772353
  9593.76496200    0.99630128180
  9597.64279100    0.99634619136
  9601.53281200    0.99574806274
  9605.43502500    0.99626628903
  9609.34942900    0.99758863507
  9613.27602600    0.99924664820
  9617.21481400    1.00014959042
  9621.16579500    1.00063774919
  9625.12896700    1.00051297987
  9629.10433100    0.99994659737
  9633.09188800    0.99973264513
  9637.09163600    0.99989815891
  9641.10357500    1.00034886370
  9645.12770700    1.00079213135
  9649.16403100    1.00233488011
  9653.21254700    1.00454445788
  9657.27325400    1.00582151616
  9661.34615400    1.00688521407
  9665.43124500    1.00769324030
  9669.52852900    1.00798279244
  9673.63800400    1.00759919900
  9677.75967100    1.00526024220
  9681.89353000    1.00306889965
  9686.03958100    1.00153580216
  9690.19782400    0.99949836050
  9694.36825800    0.99835725317
  9698.55088500    0.99833155575
  9702.74570400    0.99828679477
  9706.95271400    0.99915162475
  9711.17191600    1.00009123834
  9715.40331100    0.99995032187
  9719.64689700    0.99949921377
  9723.90267500    0.99990282898
  9728.17064500    1.00024509512
  9732.45080700    1.00010455236
  9736.74316100    1.00074404261
  9741.04770700    1.00153823748
  9745.36444400    1.00200271009
  9749.69337400    1.00322963866
  9754.03449500    1.00413147296
  9758.38780900    1.00478438602
  9762.75331400    1.00492830891
  9767.13101100    1.00705669821
  9771.52090000    1.00619713948
  9775.92298100    1.00499209013
  9780.33725400    1.00439461735
  9784.76371900    1.00175042374
  9789.20237600    0.99959260808
  9793.65322400    0.99909646301
  9798.11626500    0.99899065395
  9802.59149700    0.99839546655
  9807.07892200    0.99752638265
  9811.57853800    0.99669978657
  9816.09034600    0.99605669969
  9820.61434600    0.99655881058
  9825.15053800    0.99720770732
  9829.69892200    0.99716375866
  9834.25949800    0.99757385132
  9838.83226600    0.99705014614
  9843.41722600    0.99636839243
  9848.01437700    0.99611324061
  9852.62372100    0.99628365456
  9857.24525600    0.99630655241
  9861.87898300    0.99659551383
  9866.52490200    0.99731087602
  9871.18301300    0.99830226849
  9875.85331600    0.99934101783
  9880.53581100    1.00010865539
  9885.23049800    0.99936903023
  9889.93737700    0.99954446232
  9894.65644800    0.99918430864
  9899.38771000    0.99867292007
  9904.13116500    0.99931278213
  9908.88681100    0.99968310792
  9913.65464900    1.00131372000
  9918.43467900    1.00278045874
  9923.22690100    1.00368116744
  9928.03131500    1.00460206644
  9932.84792100    1.00434081906
  9937.67671900    1.00531227482
