#---------------------------------
#  energy flat
  10182.0000000    0.00575143029
  10187.0000000    0.00508568197
  10192.0000000    0.00514806340
  10197.0000000    0.00491675849
  10202.0000000    0.00450196437
  10207.0000000    0.00395444164
  10212.0000000    0.00328118282
  10217.0000000    0.00240384568
  10222.0000000    0.00167283373
  10227.0000000    0.00115107977
  10232.0000000   -0.00035843404
  10237.0000000   -0.00061874501
  10242.0000000   -0.00045471289
  10247.0000000   -0.00033548477
  10252.0000000   -0.00028799485
  10257.0000000   -0.00029618620
  10262.0000000   -0.00038323777
  10267.0000000   -0.00064328975
  10272.0000000   -0.00091719730
  10277.0000000   -0.00051399470
  10282.0000000    0.00010118521
  10287.0000000    0.00031843826
  10292.0000000    0.00046667244
  10297.0000000    0.00015663680
  10302.0000000   -0.00009189045
  10307.0000000   -0.00020794808
  10312.0000000    0.00043364806
  10317.0000000    0.00080862155
  10322.0000000    0.00158942087
  10327.0000000    0.00291550817
  10332.0000000    0.00400125957
  10337.0000000    0.00519435928
  10341.0000000    0.00717940873
  10344.0000000    0.00889354311
  10346.0000000    0.01014330236
  10347.0000000    0.01110168690
  10347.2000000    0.01194392825
  10347.4000000    0.01250854018
  10347.6000000    0.01265178733
  10347.8000000    0.01286392387
  10348.0000000    0.01298334462
  10348.2000000    0.01282306410
  10348.4000000    0.01298534647
  10348.6000000    0.01314141327
  10348.8000000    0.01299550628
  10349.0000000    0.01338491645
  10349.2000000    0.01368433014
  10349.4000000    0.01392404833
  10349.6000000    0.01440539735
  10349.8000000    0.01506104168
  10350.0000000    0.01544604915
  10350.2000000    0.01551639268
  10350.4000000    0.01542072833
  10350.6000000    0.01569294885
  10350.8000000    0.01616536296
  10351.0000000    0.01650945116
  10351.2000000    0.01666189219
  10351.4000000    0.01701245496
  10351.6000000    0.01719778680
  10351.8000000    0.01742118908
  10352.0000000    0.01743559236
  10352.2000000    0.01744546344
  10352.4000000    0.01767857758
  10352.6000000    0.01796348824
  10352.8000000    0.01827248430
  10353.0000000    0.01857396985
  10353.2000000    0.01897257390
  10353.4000000    0.01935758136
  10353.6000000    0.01981691685
  10353.8000000    0.01985941975
  10354.0000000    0.02001393265
  10354.2000000    0.02065429701
  10354.4000000    0.02121075099
  10354.6000000    0.02182728895
  10354.8000000    0.02260025243
  10355.0000000    0.02322274699
  10355.2000000    0.02350532681
  10355.4000000    0.02343361836
  10355.6000000    0.02362322341
  10355.8000000    0.02432975784
  10356.0000000    0.02526562141
  10356.2000000    0.02615435014
  10356.4000000    0.02688807775
  10356.6000000    0.02750953638
  10356.8000000    0.02809901065
  10357.0000000    0.02871490115
  10357.2000000    0.02902221382
  10357.4000000    0.02943506192
  10357.6000000    0.02991291466
  10357.8000000    0.03032550378
  10358.0000000    0.03095512036
  10358.2000000    0.03163497958
  10358.4000000    0.03250298970
  10358.6000000    0.03376180465
  10358.8000000    0.03467280589
  10359.0000000    0.03564389110
  10359.2000000    0.03657884824
  10359.4000000    0.03752364671
  10359.6000000    0.03860298668
  10359.8000000    0.03973360522
  10360.0000000    0.04080465774
  10360.2000000    0.04194434066
  10360.4000000    0.04316508516
  10360.6000000    0.04445096380
  10360.8000000    0.04579938675
  10361.0000000    0.04690773277
  10361.2000000    0.04820254631
  10361.4000000    0.04941280201
  10361.6000000    0.05072548535
  10361.8000000    0.05215121462
  10362.0000000    0.05348358065
  10362.2000000    0.05482811885
  10362.4000000    0.05668557222
  10362.6000000    0.05850417818
  10362.8000000    0.06044385853
  10363.0000000    0.06227450719
  10363.2000000    0.06411952938
  10363.4000000    0.06605040433
  10363.6000000    0.06832999942
  10363.8000000    0.07089123816
  10364.0000000    0.07351696357
  10364.2000000    0.07632073956
  10364.4000000    0.07927278313
  10364.6000000    0.08233295195
  10364.8000000    0.08573394195
  10365.0000000    0.08929096900
  10365.2000000    0.09320383822
  10365.4000000    0.09740495514
  10365.6000000    0.10161578391
  10365.8000000    0.10604998522
  10366.0000000    0.11083225923
  10366.2000000    0.11622637976
  10366.4000000    0.12224697934
  10366.6000000    0.12903598047
  10366.8000000    0.13639642682
  10367.0000000    0.14451776423
  10367.2000000    0.15357959716
  10367.4000000    0.16348661999
  10367.6000000    0.17504983691
  10367.8000000    0.18795665586
  10368.0000000    0.20246605950
  10368.2000000    0.21901275021
  10368.4000000    0.23765538757
  10368.6000000    0.25853628254
  10368.8000000    0.28187233311
  10369.0000000    0.30797755574
  10369.2000000    0.33668348222
  10369.4000000    0.36814109943
  10369.6000000    0.40270132889
  10369.8000000    0.44022781620
  10370.0000000    0.48054121590
  10370.2000000    0.52392653839
  10370.4000000    0.57123700203
  10370.6000000    0.62214499377
  10370.8000000    0.67749557401
  10371.0000000    0.73814260858
  10371.2000000    0.80306674175
  10371.4000000    0.87643293259
  10371.6000000    0.96161676108
  10371.8000000    1.04668534229
  10372.0000000    1.10789333330
  10372.2000000    1.19650091252
  10372.4000000    1.29207227642
  10372.6000000    1.38820459675
  10372.8000000    1.48399914523
  10373.0000000    1.57662359293
  10373.2000000    1.66521293744
  10373.4000000    1.74383466251
  10373.6000000    1.81439384401
  10373.8000000    1.87621350094
  10374.0000000    1.92947647454
  10374.2000000    1.97479240943
  10374.4000000    2.01279166900
  10374.6000000    2.04503876710
  10374.8000000    2.07314379831
  10375.0000000    2.09797513102
  10375.2000000    2.11959440266
  10375.4000000    2.13762246209
  10375.6000000    2.15330682853
  10375.8000000    2.16659958947
  10376.0000000    2.17786901786
  10376.2000000    2.18653758189
  10376.4000000    2.19237245572
  10376.6000000    2.19515350354
  10376.8000000    2.19368215330
  10377.0000000    2.18782658220
  10377.2000000    2.17758937968
  10377.4000000    2.16381068499
  10377.6000000    2.14589872230
  10377.8000000    2.12312574994
  10378.0000000    2.09673099924
  10378.2000000    2.06709646934
  10378.4000000    2.03421180043
  10378.6000000    1.99930793670
  10378.8000000    1.96320378063
  10379.0000000    1.92553831013
  10379.2000000    1.88738500770
  10379.4000000    1.84859003733
  10379.6000000    1.80822546354
  10379.8000000    1.76663391999
  10380.0000000    1.72485055986
  10380.2000000    1.68215981373
  10380.4000000    1.63926663178
  10380.6000000    1.59665738300
  10380.8000000    1.55400600778
  10381.0000000    1.51133710903
  10381.2000000    1.46837461084
  10381.4000000    1.42683530858
  10381.6000000    1.38710612198
  10381.8000000    1.34856885910
  10382.0000000    1.31164410707
  10382.2000000    1.27650357110
  10382.4000000    1.24340390249
  10382.6000000    1.21284441932
  10382.8000000    1.18437216052
  10383.0000000    1.15792367476
  10383.2000000    1.13374551322
  10383.4000000    1.11214016700
  10383.6000000    1.09277406616
  10383.8000000    1.07626436579
  10384.0000000    1.06121592588
  10384.2000000    1.04410010729
  10384.4000000    1.03082870661
  10384.6000000    1.02109301611
  10384.8000000    1.01233480461
  10385.0000000    1.00502049944
  10385.2000000    0.99820429543
  10385.4000000    0.99148606397
  10385.6000000    0.98639535607
  10385.8000000    0.98246056400
  10386.0000000    0.97927068166
  10386.2000000    0.97638595619
  10386.4000000    0.97355387892
  10386.6000000    0.97159982722
  10386.8000000    0.97050282290
  10387.0000000    0.97017429354
  10387.2000000    0.97075849203
  10387.4000000    0.97200161478
  10387.6000000    0.97392593396
  10387.8000000    0.97632659377
  10388.0000000    0.97894124439
  10388.2000000    0.98186286002
  10388.4000000    0.98533954569
  10388.6000000    0.98906026267
  10388.8000000    0.99277845910
  10389.0000000    0.99679507239
  10389.2000000    1.00081667461
  10389.4000000    1.00456019733
  10389.6000000    1.00878083355
  10389.8000000    1.01389632177
  10390.0000000    1.02040364929
  10390.2000000    1.02636303558
  10390.4000000    1.03104932857
  10390.6000000    1.03605035073
  10390.8000000    1.04148186667
  10391.0000000    1.04717527820
  10391.2000000    1.05283016519
  10391.4000000    1.05809405160
  10391.6000000    1.06333365646
  10391.8000000    1.06796834021
  10392.0000000    1.07162620336
  10392.2000000    1.07509843736
  10392.4000000    1.07804655141
  10392.6000000    1.08040269172
  10392.8000000    1.08243438690
  10393.0000000    1.08359000331
  10393.2000000    1.08490857896
  10393.4000000    1.08577917338
  10393.6000000    1.08596714781
  10393.8000000    1.08672856758
  10394.0000000    1.08809502830
  10394.2000000    1.08895057303
  10394.4000000    1.08906030423
  10394.6000000    1.08861871729
  10394.8000000    1.08823338517
  10395.0000000    1.08715377560
  10395.2000000    1.08525013789
  10395.4000000    1.08291457120
  10395.6000000    1.08036125385
  10395.8000000    1.07692097424
  10396.0000000    1.07311817164
  10396.2000000    1.06884070617
  10396.4000000    1.06444571458
  10396.6000000    1.05931215586
  10396.8000000    1.05320150655
  10397.0000000    1.04587420727
  10397.2278600    1.03781144523
  10397.4835810    1.02889047051
  10397.7671620    1.01779025854
  10398.0786040    1.00196611849
  10398.4179050    0.98733798890
  10398.7850670    0.97155392342
  10399.1800900    0.95397518313
  10399.6029730    0.93563220631
  10400.0537160    0.91614529951
  10400.5323190    0.89676742656
  10401.0387830    0.87761335070
  10401.5731070    0.85962480217
  10402.1352920    0.84413330513
  10402.7253370    0.83200787564
  10403.3432420    0.82476345877
  10403.9890080    0.82200295745
  10404.6626340    0.82353157337
  10405.3641200    0.82906699793
  10406.0934670    0.83704446522
  10406.8506740    0.84703850664
  10407.6357410    0.85760276796
  10408.4486690    0.86891603510
  10409.2894570    0.88162795510
  10410.1581060    0.89804827411
  10411.0546140    0.92036012826
  10411.9789830    0.94764690409
  10412.9312130    0.97163509693
  10413.9113030    0.99301487597
  10414.9192530    1.02488636169
  10415.9550640    1.05432737542
  10417.0187340    1.08159047397
  10418.1102660    1.10588452255
  10419.2327230    1.12451439667
  10420.3673730    1.13898078174
  10421.5142140    1.15078986534
  10422.6732480    1.15953135443
  10423.8444730    1.16611810875
  10425.0278900    1.17057311672
  10426.2234990    1.17361214848
  10427.4313000    1.17450921765
  10428.6512930    1.17355121959
  10429.8834780    1.17066765321
  10431.1278550    1.16562952002
  10432.3844230    1.15825236877
  10433.6531840    1.14889612256
  10434.9341360    1.13824806707
  10436.2272800    1.12650859311
  10437.5326170    1.11480965186
  10438.8501450    1.10368676266
  10440.1798650    1.09330975410
  10441.5217770    1.08367234763
  10442.8758810    1.07417752383
  10444.2421770    1.06529889667
  10445.6206640    1.05765148470
  10447.0113440    1.05124298470
  10448.4142150    1.04472532552
  10449.8292790    1.03754291317
  10451.2565340    1.02975861006
  10452.6959810    1.02246887023
  10454.1476200    1.01546513417
  10455.6114520    1.00922902670
  10457.0874750    1.00392233217
  10458.5756890    0.99957474752
  10460.0760960    0.99632007393
  10461.5886950    0.99318522374
  10463.1134850    0.98932400752
  10464.6504680    0.98545163378
  10466.1996420    0.98258399384
  10467.7610090    0.98094448150
  10469.3345670    0.98005672303
  10470.9203170    0.97953523863
  10472.5182590    0.98005456255
  10474.1283930    0.98074568836
  10475.7507190    0.98178563666
  10477.3852370    0.98313776319
  10479.0319460    0.98408481470
  10480.6908480    0.98407553635
  10482.3619420    0.98399758133
  10484.0452270    0.98390001234
  10485.7407040    0.98430375061
  10487.4483740    0.98463266168
  10489.1682350    0.98520617321
  10490.9002880    0.98578507704
  10492.6445330    0.98693378469
  10494.4009700    0.98983592966
  10496.1695980    0.99402749395
  10497.9504190    0.99933943068
  10499.7434320    1.00561900743
  10501.5486360    1.01218982327
  10503.3660320    1.01787485452
  10505.1956210    1.02205906412
  10507.0374010    1.02566369801
  10508.8913730    1.02821640600
  10510.7575370    1.02961440087
  10512.6358930    1.03135799196
  10514.5264410    1.03272152553
  10516.4291810    1.03289517189
  10518.3441120    1.03251344237
  10520.2712360    1.03102340147
  10522.2105520    1.02772733934
  10524.1620590    1.02316469916
  10526.1257580    1.01826623696
  10528.1016490    1.01226455344
  10530.0897330    1.00535720982
  10532.0900080    0.99868212967
  10534.1024750    0.99200383997
  10536.1271330    0.98500968538
  10538.1639840    0.97861561320
  10540.2130270    0.97368732325
  10542.2742610    0.96973939507
  10544.3476880    0.96693204014
  10546.4333060    0.96559199206
  10548.5311170    0.96466533519
  10550.6411190    0.96477713450
  10552.7633130    0.96565221931
  10554.8976990    0.96635733647
  10557.0442770    0.96788735016
  10559.2030470    0.97005952156
  10561.3740080    0.97260253219
  10563.5571620    0.97523365603
  10565.7525080    0.97767534105
  10567.9600450    0.97985151470
  10570.1797750    0.98114093353
  10572.4116960    0.98311463741
  10574.6558090    0.98532566097
  10576.9121140    0.98654179503
  10579.1806110    0.98733800231
  10581.4613000    0.98787253270
  10583.7541810    0.98806795256
  10586.0592540    0.98743840314
  10588.3765180    0.98620840623
  10590.7059750    0.98461982329
  10593.0476230    0.98252240982
  10595.4014640    0.98039290524
  10597.7674960    0.97791374282
  10600.1457200    0.97517316923
  10602.5361360    0.97230733400
  10604.9387440    0.96973207815
  10607.3535440    0.96809165536
  10609.7805360    0.96797773599
  10612.2197200    0.96971471046
  10614.6710960    0.97195781593
  10617.1346630    0.97437101757
  10619.6104230    0.97701554816
  10622.0983740    0.97902443918
  10624.5985170    0.98049075884
  10627.1108520    0.98222676094
  10629.6353800    0.98428276126
  10632.1720990    0.98604063395
  10634.7210090    0.98828592720
  10637.2821120    0.98995763192
  10639.8554070    0.99098171369
  10642.4408940    0.99176764814
  10645.0385720    0.99325737007
  10647.6484430    0.99420077302
  10650.2705050    0.99408118204
  10652.9047590    0.99429527449
  10655.5512050    0.99429916117
  10658.2098440    0.99366289510
  10660.8806740    0.99247863014
  10663.5636960    0.99085611951
  10666.2589090    0.98855159665
  10668.9663150    0.98462798701
  10671.6859130    0.98095480324
  10674.4177020    0.97775856249
  10677.1616840    0.97502880164
  10679.9178570    0.97375316956
  10682.6862220    0.97338172407
  10685.4667800    0.97443929192
  10688.2595290    0.97687341988
  10691.0644700    0.97985987563
  10693.8816020    0.98203547608
  10696.7109270    0.98492183555
  10699.5524440    0.98762554779
  10702.4061530    0.98959790324
  10705.2720530    0.99126810289
  10708.1501460    0.99205349219
  10711.0404300    0.99331352157
  10713.9429060    0.99523728876
  10716.8575740    0.99701964977
  10719.7844350    0.99842081100
  10722.7234870    0.99995642492
  10725.6747300    1.00165809690
  10728.6381660    1.00303816345
  10731.6137940    1.00439833423
  10734.6016140    1.00445663209
  10737.6016250    1.00451572053
  10740.6138290    1.00384239163
  10743.6382240    1.00284735931
  10746.6748110    1.00203482205
  10749.7235900    1.00066119395
  10752.7845610    0.99912473765
  10755.8577240    0.99800111270
  10758.9430790    0.99765490178
  10762.0406260    0.99828648753
  10765.1503650    0.99936462051
  10768.2722950    1.00078614529
  10771.4064180    1.00232617817
  10774.5527320    1.00485222127
  10777.7112390    1.00726997689
  10780.8819370    1.00901813110
  10784.0648270    1.01028227077
  10787.2599090    1.01200783418
  10790.4671830    1.01329578186
  10793.6866490    1.01379844518
  10796.9183070    1.01405827592
  10800.1621570    1.01382679007
  10803.4181980    1.01400926927
  10806.6864320    1.01552601298
  10809.9668570    1.01660312378
  10813.2594740    1.01698796554
  10816.5642840    1.01694457138
  10819.8812850    1.01683979089
  10823.2104780    1.01619463460
  10826.5518630    1.01500482799
  10829.9054400    1.01362219837
  10833.2712090    1.01275648690
  10836.6491690    1.01275719150
  10840.0393220    1.01251081669
  10843.4416660    1.01197062001
  10846.8562030    1.01226615798
  10850.2829310    1.01269572508
  10853.7218510    1.01288445313
  10857.1729640    1.01257945768
  10860.6362680    1.01238560983
  10864.1117640    1.01216372585
  10867.5994510    1.01166404165
  10871.0993310    1.01201121734
  10874.6114030    1.01234637131
  10878.1356660    1.01247336440
  10881.6721220    1.01268268998
  10885.2207690    1.01290615932
  10888.7816090    1.01301213744
  10892.3546400    1.01301998603
  10895.9398630    1.01303091152
  10899.5372780    1.01313084910
  10903.1468850    1.01357459965
  10906.7686840    1.01392833833
  10910.4026750    1.01426041781
  10914.0488570    1.01423000912
  10917.7072320    1.01389486647
  10921.3777990    1.01392058982
  10925.0605570    1.01354217105
  10928.7555070    1.01299014259
  10932.4626500    1.01234276810
  10936.1819840    1.01144835031
  10939.9135100    1.01037016006
  10943.6572280    1.00918702256
  10947.4131380    1.00833672839
  10951.1812390    1.00701474509
  10954.9615330    1.00639984442
  10958.7540190    1.00625962052
  10962.5586960    1.00567512274
  10966.3755650    1.00548383806
  10970.2046270    1.00575927376
  10974.0458800    1.00560999004
  10977.8993250    1.00472675836
  10981.7649620    1.00404348895
  10985.6427910    1.00392202163
  10989.5328120    1.00319596201
  10993.4350250    1.00188818759
  10997.3494290    1.00091690383
  11001.2760260    1.00080072843
  11005.2148140    0.99997064871
  11009.1657950    0.99969249949
  11013.1289670    0.99999343161
  11017.1043310    0.99958913362
  11021.0918880    0.99958832208
  11025.0916360    0.99979913510
  11029.1035750    1.00033378473
  11033.1277070    1.00029396232
  11037.1640310    0.99959408136
  11041.2125470    0.99871057946
  11045.2732540    0.99779697758
  11049.3461540    0.99630472650
  11053.4312450    0.99526666412
  11057.5285290    0.99490815298
  11061.6380040    0.99431895752
  11065.7596710    0.99466384670
  11069.8935300    0.99493916749
  11074.0395810    0.99426173376
  11078.1978240    0.99378814767
  11082.3682580    0.99354200497
  11086.5508850    0.99310796585
  11090.7457040    0.99275393343
  11094.9527140    0.99216566225
  11099.1719160    0.99205659433
  11103.4033110    0.99260464199
  11107.6468970    0.99248074820
  11111.9026750    0.99222938267
  11116.1706450    0.99218762044
  11120.4508070    0.99210832290
  11124.7431610    0.99170244833
  11129.0477070    0.99082785091
  11133.3644440    0.99097843385
  11137.6933740    0.99073692852
  11142.0344950    0.99044461871
  11146.3878090    0.99124413449
  11150.7533140    0.99122450397
  11155.1310110    0.99059095935
  11159.5209000    0.98943639657
  11163.9229810    0.99080617613
  11168.3372540    0.98915915180
  11172.7637190    0.98786117368
  11177.2023760    0.98865951618
  11181.6532240    0.98864164674
  11186.1162650    0.98830797200
  11190.5914970    0.98904210258
  11195.0789220    0.99006987311
  11199.5785380    0.99074046978
  11204.0903460    0.99161596542
  11208.6143460    0.99224614524
  11213.1505380    0.99285344885
  11217.6989220    0.99281766371
  11222.2594980    0.99326186874
  11226.8322660    0.99400136038
  11231.4172260    0.99359363820
  11236.0143770    0.99346503677
  11240.6237210    0.99432588537
  11245.2452560    0.99554533161
  11249.8789830    0.99658843150
  11254.5249020    0.99786509974
  11259.1830130    0.99899337215
  11263.8533160    0.99979286504
  11268.5358110    1.00110911869
  11273.2304980    1.00259256306
  11277.9373770    1.00398177864
  11282.6564480    1.00602262788
  11287.3877100    1.00716104827
  11292.1311650    1.00859968768
  11296.8868110    1.01050588739
  11301.6546490    1.01282876812
  11306.4346790    1.01568952211
  11311.2269010    1.01873965489
  11316.0313150    1.02053217665
  11320.8479210    1.02378309606
  11325.6767190    1.02706662490
