#---------------------------------
#  energy flat
  10182.0000000    0.00122956878
  10187.0000000    0.00092929460
  10192.0000000    0.00079270600
  10197.0000000    0.00057160582
  10202.0000000    0.00036730912
  10207.0000000    0.00007672165
  10212.0000000    0.00019663309
  10217.0000000    0.00001259939
  10222.0000000   -0.00019782564
  10227.0000000   -0.00036881193
  10232.0000000   -0.00024316754
  10237.0000000    0.00028664976
  10242.0000000    0.00024831204
  10247.0000000    0.00057263277
  10252.0000000    0.00059498524
  10257.0000000    0.00083785856
  10262.0000000    0.00049438957
  10267.0000000   -0.00007068754
  10272.0000000   -0.00033557559
  10277.0000000   -0.00067795729
  10282.0000000   -0.00081306323
  10287.0000000   -0.00084042927
  10292.0000000   -0.00063343631
  10297.0000000   -0.00046509133
  10302.0000000   -0.00028320473
  10307.0000000   -0.00001651002
  10312.0000000    0.00051874369
  10317.0000000    0.00137958937
  10322.0000000    0.00262296113
  10327.0000000    0.00438506592
  10332.0000000    0.00660442282
  10337.0000000    0.00903115433
  10341.0000000    0.01194781299
  10344.0000000    0.01439314143
  10346.0000000    0.01667029403
  10347.0000000    0.01777432437
  10347.2000000    0.01860054962
  10347.4000000    0.01911304418
  10347.6000000    0.01918686930
  10347.8000000    0.01960753783
  10348.0000000    0.01984050170
  10348.2000000    0.02008858870
  10348.4000000    0.02031127280
  10348.6000000    0.02056173205
  10348.8000000    0.02081980229
  10349.0000000    0.02089817423
  10349.2000000    0.02125568148
  10349.4000000    0.02151908929
  10349.6000000    0.02181254566
  10349.8000000    0.02188459158
  10350.0000000    0.02240756360
  10350.2000000    0.02270329338
  10350.4000000    0.02292261679
  10350.6000000    0.02333320324
  10350.8000000    0.02355203243
  10351.0000000    0.02396904373
  10351.2000000    0.02436480359
  10351.4000000    0.02457691139
  10351.6000000    0.02514386896
  10351.8000000    0.02538345538
  10352.0000000    0.02566218400
  10352.2000000    0.02575498715
  10352.4000000    0.02617792910
  10352.6000000    0.02673757222
  10352.8000000    0.02737658703
  10353.0000000    0.02806097121
  10353.2000000    0.02856486635
  10353.4000000    0.02880929612
  10353.6000000    0.02930192304
  10353.8000000    0.02992116907
  10354.0000000    0.03051777983
  10354.2000000    0.03113366515
  10354.4000000    0.03186549443
  10354.6000000    0.03255254740
  10354.8000000    0.03301077663
  10355.0000000    0.03349114691
  10355.2000000    0.03405810448
  10355.4000000    0.03430994755
  10355.6000000    0.03500767567
  10355.8000000    0.03562682285
  10356.0000000    0.03646975272
  10356.2000000    0.03716738199
  10356.4000000    0.03779137253
  10356.6000000    0.03864003535
  10356.8000000    0.03935931145
  10357.0000000    0.04016902976
  10357.2000000    0.04146792677
  10357.4000000    0.04255391391
  10357.6000000    0.04351041549
  10357.8000000    0.04436065981
  10358.0000000    0.04535531515
  10358.2000000    0.04600905771
  10358.4000000    0.04700825987
  10358.6000000    0.04778911575
  10358.8000000    0.04884465895
  10359.0000000    0.05016846464
  10359.2000000    0.05142298071
  10359.4000000    0.05280085404
  10359.6000000    0.05410073948
  10359.8000000    0.05548395038
  10360.0000000    0.05684037457
  10360.2000000    0.05795047963
  10360.4000000    0.05930028128
  10360.6000000    0.06111761479
  10360.8000000    0.06300858705
  10361.0000000    0.06461518527
  10361.2000000    0.06652404828
  10361.4000000    0.06818995287
  10361.6000000    0.07013390548
  10361.8000000    0.07200688814
  10362.0000000    0.07408319280
  10362.2000000    0.07637527379
  10362.4000000    0.07869335075
  10362.6000000    0.08130786071
  10362.8000000    0.08336993184
  10363.0000000    0.08591149496
  10363.2000000    0.08884457896
  10363.4000000    0.09158768489
  10363.6000000    0.09483489496
  10363.8000000    0.09810454260
  10364.0000000    0.10161793942
  10364.2000000    0.10523611083
  10364.4000000    0.10911957939
  10364.6000000    0.11314518554
  10364.8000000    0.11762616577
  10365.0000000    0.12225126047
  10365.2000000    0.12735960323
  10365.4000000    0.13272652176
  10365.6000000    0.13852983633
  10365.8000000    0.14451393647
  10366.0000000    0.15107034307
  10366.2000000    0.15832616945
  10366.4000000    0.16623525548
  10366.6000000    0.17518368562
  10366.8000000    0.18497930724
  10367.0000000    0.19569496833
  10367.2000000    0.20759339610
  10367.4000000    0.22075277611
  10367.6000000    0.23570301077
  10367.8000000    0.25246525269
  10368.0000000    0.27095765907
  10368.2000000    0.29200557689
  10368.4000000    0.31476734992
  10368.6000000    0.34056145758
  10368.8000000    0.36869668415
  10369.0000000    0.39937299094
  10369.2000000    0.43258859875
  10369.4000000    0.46859911803
  10369.6000000    0.50729216322
  10369.8000000    0.54943614716
  10370.0000000    0.59459714492
  10370.2000000    0.64287400046
  10370.4000000    0.69517251971
  10370.6000000    0.75106263265
  10370.8000000    0.81019077449
  10371.0000000    0.87726260905
  10371.2000000    0.94539459225
  10371.4000000    1.00095577657
  10371.6000000    1.04791395549
  10371.8000000    1.11177086731
  10372.0000000    1.17208795555
  10372.2000000    1.22781529957
  10372.4000000    1.27903889333
  10372.6000000    1.32413512588
  10372.8000000    1.36218672512
  10373.0000000    1.39514684714
  10373.2000000    1.42362871960
  10373.4000000    1.44790712842
  10373.6000000    1.46821633342
  10373.8000000    1.48527908131
  10374.0000000    1.49910387247
  10374.2000000    1.51075130211
  10374.4000000    1.52054656660
  10374.6000000    1.52872096048
  10374.8000000    1.53632598545
  10375.0000000    1.54268772317
  10375.2000000    1.54904152506
  10375.4000000    1.55516657346
  10375.6000000    1.56120322655
  10375.8000000    1.56686088281
  10376.0000000    1.57180426330
  10376.2000000    1.57562850298
  10376.4000000    1.57772017605
  10376.6000000    1.57863004072
  10376.8000000    1.57717196934
  10377.0000000    1.57345548071
  10377.2000000    1.56750864632
  10377.4000000    1.55904659759
  10377.6000000    1.54843901063
  10377.8000000    1.53551112912
  10378.0000000    1.52073779908
  10378.2000000    1.50462371743
  10378.4000000    1.48736696723
  10378.6000000    1.46904978637
  10378.8000000    1.45087787303
  10379.0000000    1.43235246043
  10379.2000000    1.41399445590
  10379.4000000    1.39566784986
  10379.6000000    1.37791806302
  10379.8000000    1.36094080610
  10380.0000000    1.34355093988
  10380.2000000    1.33019209268
  10380.4000000    1.31380621323
  10380.6000000    1.30033975325
  10380.8000000    1.29069199464
  10381.0000000    1.27955699404
  10381.2000000    1.26914846027
  10381.4000000    1.25941677340
  10381.6000000    1.24998098856
  10381.8000000    1.24093994949
  10382.0000000    1.23191844423
  10382.2000000    1.22339448191
  10382.4000000    1.21465085058
  10382.6000000    1.20593465980
  10382.8000000    1.19786111410
  10383.0000000    1.18951195293
  10383.2000000    1.18127444658
  10383.4000000    1.17284356238
  10383.6000000    1.16465717877
  10383.8000000    1.15660893943
  10384.0000000    1.14882496895
  10384.2000000    1.14133492023
  10384.4000000    1.13412515258
  10384.6000000    1.12718578132
  10384.8000000    1.12087679589
  10385.0000000    1.11436929060
  10385.2000000    1.10792203872
  10385.4000000    1.10208026320
  10385.6000000    1.09647270590
  10385.8000000    1.09137435043
  10386.0000000    1.08626784723
  10386.2000000    1.08144854189
  10386.4000000    1.07710878437
  10386.6000000    1.07285992006
  10386.8000000    1.06910819731
  10387.0000000    1.06560848290
  10387.2000000    1.06273341821
  10387.4000000    1.06025249890
  10387.6000000    1.05837566924
  10387.8000000    1.05645332663
  10388.0000000    1.05469758984
  10388.2000000    1.05312269216
  10388.4000000    1.05175077440
  10388.6000000    1.05036240270
  10388.8000000    1.04902973290
  10389.0000000    1.04825686886
  10389.2000000    1.04759762877
  10389.4000000    1.04683218349
  10389.6000000    1.04636856044
  10389.8000000    1.04571174894
  10390.0000000    1.04539174998
  10390.2000000    1.04460772966
  10390.4000000    1.04389680568
  10390.6000000    1.04312870154
  10390.8000000    1.04227633362
  10391.0000000    1.04172380935
  10391.2000000    1.04138671572
  10391.4000000    1.04109780849
  10391.6000000    1.04085629662
  10391.8000000    1.04053763656
  10392.0000000    1.04027882576
  10392.2000000    1.03987802453
  10392.4000000    1.03984645357
  10392.6000000    1.03965233219
  10392.8000000    1.03980767179
  10393.0000000    1.04021303503
  10393.2000000    1.04037835346
  10393.4000000    1.04117582576
  10393.6000000    1.04194497644
  10393.8000000    1.04233530456
  10394.0000000    1.04275246548
  10394.2000000    1.04302684271
  10394.4000000    1.04345793317
  10394.6000000    1.04371915615
  10394.8000000    1.04406987793
  10395.0000000    1.04434878496
  10395.2000000    1.04452068856
  10395.4000000    1.04456838956
  10395.6000000    1.04465063110
  10395.8000000    1.04413026489
  10396.0000000    1.04323996928
  10396.2000000    1.04225453020
  10396.4000000    1.04048974956
  10396.6000000    1.03851338682
  10396.8000000    1.03568592130
  10397.0000000    1.03255316907
  10397.2278600    1.02840321408
  10397.4835810    1.02345821873
  10397.7671620    1.01733267588
  10398.0786040    1.00997597728
  10398.4179050    1.00137075088
  10398.7850670    0.99170562722
  10399.1800900    0.98130368726
  10399.6029730    0.97064855491
  10400.0537160    0.95918680056
  10400.5323190    0.94406412339
  10401.0387830    0.93100866158
  10401.5731070    0.92066858920
  10402.1352920    0.91147462951
  10402.7253370    0.90416098651
  10403.3432420    0.89817216421
  10403.9890080    0.89452212640
  10404.6626340    0.89286891619
  10405.3641200    0.89321338280
  10406.0934670    0.89502698198
  10406.8506740    0.89821807981
  10407.6357410    0.90255074451
  10408.4486690    0.90757318328
  10409.2894570    0.91452484241
  10410.1581060    0.92309866749
  10411.0546140    0.93064423210
  10411.9789830    0.94002226074
  10412.9312130    0.95383749000
  10413.9113030    0.96900738909
  10414.9192530    0.98520461545
  10415.9550640    1.00174916302
  10417.0187340    1.01775169237
  10418.1102660    1.03226909735
  10419.2327230    1.04411525121
  10420.3673730    1.05430753241
  10421.5142140    1.06262718270
  10422.6732480    1.06886334564
  10423.8444730    1.07360521451
  10425.0278900    1.07670934702
  10426.2234990    1.07847373990
  10427.4313000    1.07934426082
  10428.6512930    1.07976282396
  10429.8834780    1.08011282801
  10431.1278550    1.08056851797
  10432.3844230    1.08117465506
  10433.6531840    1.08176644643
  10434.9341360    1.08178333428
  10436.2272800    1.08100517460
  10437.5326170    1.07910665315
  10438.8501450    1.07601668657
  10440.1798650    1.07211728723
  10441.5217770    1.06775962933
  10442.8758810    1.06294517648
  10444.2421770    1.05772263931
  10445.6206640    1.05264404244
  10447.0113440    1.04750445852
  10448.4142150    1.04239055482
  10449.8292790    1.03706755138
  10451.2565340    1.03176108818
  10452.6959810    1.02676658359
  10454.1476200    1.02177749673
  10455.6114520    1.01710150046
  10457.0874750    1.01274202882
  10458.5756890    1.00861394747
  10460.0760960    1.00513978057
  10461.5886950    1.00231089750
  10463.1134850    1.00011708456
  10464.6504680    0.99852301612
  10466.1996420    0.99733304514
  10467.7610090    0.99609887244
  10469.3345670    0.99506924974
  10470.9203170    0.99437767087
  10472.5182590    0.99344456862
  10474.1283930    0.99210887917
  10475.7507190    0.99066698608
  10477.3852370    0.98959496908
  10479.0319460    0.98864991601
  10480.6908480    0.98766916981
  10482.3619420    0.98681368978
  10484.0452270    0.98617840485
  10485.7407040    0.98579873503
  10487.4483740    0.98559069399
  10489.1682350    0.98540782688
  10490.9002880    0.98554036513
  10492.6445330    0.98618167128
  10494.4009700    0.98717460427
  10496.1695980    0.98858461775
  10497.9504190    0.99098580987
  10499.7434320    0.99400614445
  10501.5486360    0.99744122174
  10503.3660320    1.00090318180
  10505.1956210    1.00408244583
  10507.0374010    1.00706164758
  10508.8913730    1.00935763123
  10510.7575370    1.01114751617
  10512.6358930    1.01243801095
  10514.5264410    1.01338033022
  10516.4291810    1.01399422253
  10518.3441120    1.01401515830
  10520.2712360    1.01349094788
  10522.2105520    1.01321092788
  10524.1620590    1.01205694033
  10526.1257580    1.01007164442
  10528.1016490    1.00812679928
  10530.0897330    1.00580503595
  10532.0900080    1.00342813916
  10534.1024750    1.00146041923
  10536.1271330    0.99924509591
  10538.1639840    0.99695329858
  10540.2130270    0.99441375938
  10542.2742610    0.99243119094
  10544.3476880    0.99068841964
  10546.4333060    0.98997986987
  10548.5311170    0.98997768325
  10550.6411190    0.98980363723
  10552.7633130    0.98971600924
  10554.8976990    0.98966309802
  10557.0442770    0.98935636728
  10559.2030470    0.98881863397
  10561.3740080    0.98892276878
  10563.5571620    0.98949210964
  10565.7525080    0.98974368306
  10567.9600450    0.98983095767
  10570.1797750    0.98987596208
  10572.4116960    0.98994616081
  10574.6558090    0.98994512744
  10576.9121140    0.98971020525
  10579.1806110    0.98965874847
  10581.4613000    0.98916708116
  10583.7541810    0.98820834174
  10586.0592540    0.98704586870
  10588.3765180    0.98597462565
  10590.7059750    0.98504562150
  10593.0476230    0.98396469925
  10595.4014640    0.98313058927
  10597.7674960    0.98216273343
  10600.1457200    0.98128489727
  10602.5361360    0.98109664611
  10604.9387440    0.98108653324
  10607.3535440    0.98099812347
  10609.7805360    0.98137205315
  10612.2197200    0.98226916429
  10614.6710960    0.98355319800
  10617.1346630    0.98492796030
  10619.6104230    0.98637757089
  10622.0983740    0.98773254242
  10624.5985170    0.98921381302
  10627.1108520    0.99054236284
  10629.6353800    0.99148997090
  10632.1720990    0.99194761782
  10634.7210090    0.99243670349
  10637.2821120    0.99318228638
  10639.8554070    0.99363072785
  10642.4408940    0.99416087635
  10645.0385720    0.99416254220
  10647.6484430    0.99420117765
  10650.2705050    0.99436639637
  10652.9047590    0.99500341466
  10655.5512050    0.99547434096
  10658.2098440    0.99488981838
  10660.8806740    0.99439568226
  10663.5636960    0.99395202796
  10666.2589090    0.99326689388
  10668.9663150    0.99208567362
  10671.6859130    0.99142706400
  10674.4177020    0.99092198670
  10677.1616840    0.99073392687
  10679.9178570    0.99076640615
  10682.6862220    0.99058113611
  10685.4667800    0.99121714406
  10688.2595290    0.99188444429
  10691.0644700    0.99263124033
  10693.8816020    0.99309987751
  10696.7109270    0.99386024537
  10699.5524440    0.99431191664
  10702.4061530    0.99437852844
  10705.2720530    0.99437177383
  10708.1501460    0.99464089937
  10711.0404300    0.99546655011
  10713.9429060    0.99646948183
  10716.8575740    0.99729653998
  10719.7844350    0.99826373738
  10722.7234870    0.99936821233
  10725.6747300    1.00000078782
  10728.6381660    1.00017756740
  10731.6137940    1.00057057910
  10734.6016140    1.00102511428
  10737.6016250    1.00115575810
  10740.6138290    1.00133364046
  10743.6382240    1.00174010775
  10746.6748110    1.00233983417
  10749.7235900    1.00232057580
  10752.7845610    1.00217561504
  10755.8577240    1.00226419685
  10758.9430790    1.00194723782
  10762.0406260    1.00240437863
  10765.1503650    1.00315388625
  10768.2722950    1.00369781338
  10771.4064180    1.00407275521
  10774.5527320    1.00456261193
  10777.7112390    1.00510255655
  10780.8819370    1.00551310082
  10784.0648270    1.00603187278
  10787.2599090    1.00678124512
  10790.4671830    1.00708670688
  10793.6866490    1.00726989297
  10796.9183070    1.00740532499
  10800.1621570    1.00708931429
  10803.4181980    1.00697876495
  10806.6864320    1.00743602187
  10809.9668570    1.00760784593
  10813.2594740    1.00755866105
  10816.5642840    1.00741081127
  10819.8812850    1.00763496545
  10823.2104780    1.00809725924
  10826.5518630    1.00835385197
  10829.9054400    1.00854447572
  10833.2712090    1.00933905946
  10836.6491690    1.00991063841
  10840.0393220    1.00989167144
  10843.4416660    1.00922894175
  10846.8562030    1.00922062389
  10850.2829310    1.00932619823
  10853.7218510    1.00887308742
  10857.1729640    1.00831652286
  10860.6362680    1.00805025611
  10864.1117640    1.00783998249
  10867.5994510    1.00732665727
  10871.0993310    1.00674093739
  10874.6114030    1.00643248969
  10878.1356660    1.00622453872
  10881.6721220    1.00663122757
  10885.2207690    1.00702208936
  10888.7816090    1.00700803334
  10892.3546400    1.00699784064
  10895.9398630    1.00658799288
  10899.5372780    1.00631379396
  10903.1468850    1.00614852323
  10906.7686840    1.00581973634
  10910.4026750    1.00539382866
  10914.0488570    1.00533593551
  10917.7072320    1.00529276570
  10921.3777990    1.00516110835
  10925.0605570    1.00475868107
  10928.7555070    1.00474436635
  10932.4626500    1.00474689909
  10936.1819840    1.00441478919
  10939.9135100    1.00446505279
  10943.6572280    1.00454324324
  10947.4131380    1.00453550522
  10951.1812390    1.00400911913
  10954.9615330    1.00311257215
  10958.7540190    1.00237115228
  10962.5586960    1.00257584676
  10966.3755650    1.00221201455
  10970.2046270    1.00190835392
  10974.0458800    1.00161925909
  10977.8993250    1.00159704597
  10981.7649620    1.00081559143
  10985.6427910    1.00032885316
  10989.5328120    1.00005171983
  10993.4350250    0.99888000832
  10997.3494290    0.99887551726
  11001.2760260    0.99843926896
  11005.2148140    0.99808063982
  11009.1657950    0.99768115771
  11013.1289670    0.99775713975
  11017.1043310    0.99819586981
  11021.0918880    0.99837500404
  11025.0916360    0.99903013101
  11029.1035750    0.99997661323
  11033.1277070    1.00061290125
  11037.1640310    1.00092479168
  11041.2125470    1.00076030572
  11045.2732540    1.00059296413
  11049.3461540    1.00066480760
  11053.4312450    1.00013199516
  11057.5285290    0.99984448835
  11061.6380040    0.99905158862
  11065.7596710    0.99757867427
  11069.8935300    0.99663436335
  11074.0395810    0.99612749324
  11078.1978240    0.99545727979
  11082.3682580    0.99467176955
  11086.5508850    0.99434625900
  11090.7457040    0.99448652743
  11094.9527140    0.99495544542
  11099.1719160    0.99492320392
  11103.4033110    0.99491813017
  11107.6468970    0.99489528036
  11111.9026750    0.99434140725
  11116.1706450    0.99396578852
  11120.4508070    0.99433024965
  11124.7431610    0.99424374070
  11129.0477070    0.99398385897
  11133.3644440    0.99416884321
  11137.6933740    0.99461256256
  11142.0344950    0.99521649082
  11146.3878090    0.99590881224
  11150.7533140    0.99653313075
  11155.1310110    0.99687396626
  11159.5209000    0.99689339092
  11163.9229810    0.99885518571
  11168.3372540    0.99805169665
  11172.7637190    0.99679737136
  11177.2023760    0.99772377891
  11181.6532240    0.99737926809
  11186.1162650    0.99704703954
  11190.5914970    0.99665735324
  11195.0789220    0.99665211488
  11199.5785380    0.99659968416
  11204.0903460    0.99652372742
  11208.6143460    0.99631747246
  11213.1505380    0.99633677225
  11217.6989220    0.99596647278
  11222.2594980    0.99570681188
  11226.8322660    0.99624112375
  11231.4172260    0.99656413081
  11236.0143770    0.99674977328
  11240.6237210    0.99700052540
  11245.2452560    0.99699384627
  11249.8789830    0.99693169921
  11254.5249020    0.99764117923
  11259.1830130    0.99859348257
  11263.8533160    0.99943677936
  11268.5358110    1.00034928500
  11273.2304980    1.00139894966
  11277.9373770    1.00264348934
  11282.6564480    1.00328566611
  11287.3877100    1.00401510078
  11292.1311650    1.00467891352
  11296.8868110    1.00517448947
  11301.6546490    1.00614434625
  11306.4346790    1.00745018560
  11311.2269010    1.00886717304
  11316.0313150    1.00943730176
  11320.8479210    1.01124167372
  11325.6767190    1.01309544295
