#---------------------------------
#  energy flat
  10182.0000000    0.00473593620
  10187.0000000    0.00434789315
  10192.0000000    0.00423942594
  10197.0000000    0.00392329993
  10202.0000000    0.00362923195
  10207.0000000    0.00295430390
  10212.0000000    0.00246967536
  10217.0000000    0.00192135261
  10222.0000000    0.00123311142
  10227.0000000    0.00060373517
  10232.0000000    0.00020498940
  10237.0000000   -0.00017691916
  10242.0000000   -0.00029896055
  10247.0000000   -0.00046733687
  10252.0000000   -0.00041787375
  10257.0000000   -0.00026542962
  10262.0000000   -0.00024115705
  10267.0000000   -0.00033931311
  10272.0000000   -0.00041997936
  10277.0000000   -0.00049411957
  10282.0000000   -0.00051396307
  10287.0000000   -0.00014446263
  10292.0000000    0.00025283877
  10297.0000000    0.00028076593
  10302.0000000    0.00001710933
  10307.0000000    0.00007048807
  10312.0000000    0.00035776033
  10317.0000000    0.00075871631
  10322.0000000    0.00177429536
  10327.0000000    0.00320962973
  10332.0000000    0.00449617023
  10337.0000000    0.00596204650
  10341.0000000    0.00759337196
  10344.0000000    0.00940176298
  10346.0000000    0.01095167121
  10347.0000000    0.01208020653
  10347.2000000    0.01318758248
  10347.4000000    0.01373528468
  10347.6000000    0.01390251837
  10347.8000000    0.01415276337
  10348.0000000    0.01442075921
  10348.2000000    0.01457885644
  10348.4000000    0.01453033902
  10348.6000000    0.01464588642
  10348.8000000    0.01502456402
  10349.0000000    0.01513214964
  10349.2000000    0.01569786373
  10349.4000000    0.01591665318
  10349.6000000    0.01626518044
  10349.8000000    0.01669658849
  10350.0000000    0.01711272560
  10350.2000000    0.01745577098
  10350.4000000    0.01758893870
  10350.6000000    0.01786319955
  10350.8000000    0.01830622397
  10351.0000000    0.01852553550
  10351.2000000    0.01884234618
  10351.4000000    0.01915289185
  10351.6000000    0.01959735199
  10351.8000000    0.02010681156
  10352.0000000    0.02047113185
  10352.2000000    0.02070101559
  10352.4000000    0.02107016515
  10352.6000000    0.02148095090
  10352.8000000    0.02179815314
  10353.0000000    0.02196851933
  10353.2000000    0.02213588353
  10353.4000000    0.02226565771
  10353.6000000    0.02266078094
  10353.8000000    0.02308853441
  10354.0000000    0.02360817461
  10354.2000000    0.02419881820
  10354.4000000    0.02464641085
  10354.6000000    0.02501960656
  10354.8000000    0.02543430794
  10355.0000000    0.02562621008
  10355.2000000    0.02605200573
  10355.4000000    0.02656472832
  10355.6000000    0.02723994948
  10355.8000000    0.02806513918
  10356.0000000    0.02863098379
  10356.2000000    0.02915506170
  10356.4000000    0.02954261472
  10356.6000000    0.03005990555
  10356.8000000    0.03079790727
  10357.0000000    0.03144584954
  10357.2000000    0.03216779719
  10357.4000000    0.03278741642
  10357.6000000    0.03344136266
  10357.8000000    0.03381586359
  10358.0000000    0.03442726001
  10358.2000000    0.03501320484
  10358.4000000    0.03580041295
  10358.6000000    0.03674424618
  10358.8000000    0.03760337133
  10359.0000000    0.03843691437
  10359.2000000    0.03934185236
  10359.4000000    0.04004317770
  10359.6000000    0.04072022614
  10359.8000000    0.04201124505
  10360.0000000    0.04305453523
  10360.2000000    0.04422756321
  10360.4000000    0.04534055157
  10360.6000000    0.04625462603
  10360.8000000    0.04749500281
  10361.0000000    0.04873981731
  10361.2000000    0.04988426121
  10361.4000000    0.05105768076
  10361.6000000    0.05230458359
  10361.8000000    0.05391146315
  10362.0000000    0.05555671587
  10362.2000000    0.05729685730
  10362.4000000    0.05899797297
  10362.6000000    0.06060915972
  10362.8000000    0.06227425162
  10363.0000000    0.06439969084
  10363.2000000    0.06626434924
  10363.4000000    0.06867837025
  10363.6000000    0.07100781368
  10363.8000000    0.07322970788
  10364.0000000    0.07544089935
  10364.2000000    0.07811948628
  10364.4000000    0.08083905678
  10364.6000000    0.08375271191
  10364.8000000    0.08658100635
  10365.0000000    0.09029501583
  10365.2000000    0.09411944602
  10365.4000000    0.09786765198
  10365.6000000    0.10201368574
  10365.8000000    0.10631778036
  10366.0000000    0.11079103010
  10366.2000000    0.11591988647
  10366.4000000    0.12116673377
  10366.6000000    0.12729068173
  10366.8000000    0.13455146701
  10367.0000000    0.14213985982
  10367.2000000    0.15043202149
  10367.4000000    0.15976339082
  10367.6000000    0.17016072460
  10367.8000000    0.18191417086
  10368.0000000    0.19512684113
  10368.2000000    0.21019264759
  10368.4000000    0.22710976294
  10368.6000000    0.24618412825
  10368.8000000    0.26760147480
  10369.0000000    0.29172843589
  10369.2000000    0.31875505000
  10369.4000000    0.34852299522
  10369.6000000    0.38122857506
  10369.8000000    0.41662288608
  10370.0000000    0.45498994185
  10370.2000000    0.49640975167
  10370.4000000    0.54149811333
  10370.6000000    0.58991045154
  10370.8000000    0.64250520249
  10371.0000000    0.69982755209
  10371.2000000    0.76225979617
  10371.4000000    0.83086098155
  10371.6000000    0.91256203075
  10371.8000000    1.00257413079
  10372.0000000    1.08149221269
  10372.2000000    1.15162571381
  10372.4000000    1.25329046157
  10372.6000000    1.35441563580
  10372.8000000    1.45555336051
  10373.0000000    1.55532360335
  10373.2000000    1.65079147020
  10373.4000000    1.73783145505
  10373.6000000    1.81411610809
  10373.8000000    1.88210653155
  10374.0000000    1.94182726287
  10374.2000000    1.99230383230
  10374.4000000    2.03445771713
  10374.6000000    2.07029815617
  10374.8000000    2.10115620130
  10375.0000000    2.12731586563
  10375.2000000    2.14991790164
  10375.4000000    2.16932306872
  10375.6000000    2.18703079075
  10375.8000000    2.20240621365
  10376.0000000    2.21528696859
  10376.2000000    2.22544307751
  10376.4000000    2.23251221368
  10376.6000000    2.23682981543
  10376.8000000    2.23757281735
  10377.0000000    2.23407242968
  10377.2000000    2.22634379234
  10377.4000000    2.21369540491
  10377.6000000    2.19590355413
  10377.8000000    2.17291081039
  10378.0000000    2.14457098953
  10378.2000000    2.11250698852
  10378.4000000    2.07779351622
  10378.6000000    2.04090488517
  10378.8000000    2.00242922222
  10379.0000000    1.96225897765
  10379.2000000    1.92180847587
  10379.4000000    1.88053005047
  10379.6000000    1.83801334315
  10379.8000000    1.79446535972
  10380.0000000    1.75035884653
  10380.2000000    1.70571233706
  10380.4000000    1.65929554042
  10380.6000000    1.61264782016
  10380.8000000    1.56647973163
  10381.0000000    1.52038457126
  10381.2000000    1.47575891248
  10381.4000000    1.43302616474
  10381.6000000    1.39165171378
  10381.8000000    1.35177678279
  10382.0000000    1.31379319521
  10382.2000000    1.27708436954
  10382.4000000    1.24167144981
  10382.6000000    1.20869440534
  10382.8000000    1.17792351887
  10383.0000000    1.14982762102
  10383.2000000    1.12402585131
  10383.4000000    1.10166731550
  10383.6000000    1.08274157146
  10383.8000000    1.06461940512
  10384.0000000    1.04304922709
  10384.2000000    1.02760396417
  10384.4000000    1.01613210881
  10384.6000000    1.00498768893
  10384.8000000    0.99567952594
  10385.0000000    0.98731798868
  10385.2000000    0.97946296017
  10385.4000000    0.97355774047
  10385.6000000    0.96914707187
  10385.8000000    0.96556451421
  10386.0000000    0.96186326809
  10386.2000000    0.95834561955
  10386.4000000    0.95486616791
  10386.6000000    0.95261709074
  10386.8000000    0.95151407108
  10387.0000000    0.95171973761
  10387.2000000    0.95265353267
  10387.4000000    0.95445955095
  10387.6000000    0.95673448222
  10387.8000000    0.95956081544
  10388.0000000    0.96258066156
  10388.2000000    0.96590470200
  10388.4000000    0.96960341742
  10388.6000000    0.97409891223
  10388.8000000    0.97885578891
  10389.0000000    0.98329636151
  10389.2000000    0.98831208744
  10389.4000000    0.99380768612
  10389.6000000    0.99945737659
  10389.8000000    1.00503196373
  10390.0000000    1.01057295276
  10390.2000000    1.01658467613
  10390.4000000    1.02301962363
  10390.6000000    1.02847417281
  10390.8000000    1.03213857119
  10391.0000000    1.03836255907
  10391.2000000    1.04487585476
  10391.4000000    1.05074653840
  10391.6000000    1.05615577265
  10391.8000000    1.06111739210
  10392.0000000    1.06535965189
  10392.2000000    1.06935033835
  10392.4000000    1.07257363244
  10392.6000000    1.07505615996
  10392.8000000    1.07786062199
  10393.0000000    1.08044170132
  10393.2000000    1.08187635363
  10393.4000000    1.08322493048
  10393.6000000    1.08465345407
  10393.8000000    1.08593011881
  10394.0000000    1.08711992347
  10394.2000000    1.08797070141
  10394.4000000    1.08817546666
  10394.6000000    1.08811455692
  10394.8000000    1.08793624340
  10395.0000000    1.08759406034
  10395.2000000    1.08673246818
  10395.4000000    1.08523347548
  10395.6000000    1.08302268486
  10395.8000000    1.08021730376
  10396.0000000    1.07677974162
  10396.2000000    1.07249829297
  10396.4000000    1.06761572634
  10396.6000000    1.06170341054
  10396.8000000    1.05552280432
  10397.0000000    1.04880868850
  10397.2278600    1.04078677175
  10397.4835810    1.03223340485
  10397.7671620    1.02193140084
  10398.0786040    1.00538778574
  10398.4179050    0.98794907781
  10398.7850670    0.97182696537
  10399.1800900    0.95410474601
  10399.6029730    0.93467064732
  10400.0537160    0.91452365930
  10400.5323190    0.89378309222
  10401.0387830    0.87341693252
  10401.5731070    0.85324331350
  10402.1352920    0.83548798298
  10402.7253370    0.82142809831
  10403.3432420    0.81244447788
  10403.9890080    0.80888267513
  10404.6626340    0.81009553559
  10405.3641200    0.81547430435
  10406.0934670    0.82364174471
  10406.8506740    0.83370149268
  10407.6357410    0.84541372892
  10408.4486690    0.85848749454
  10409.2894570    0.87235907346
  10410.1581060    0.88965078626
  10411.0546140    0.91231410920
  10411.9789830    0.94115090460
  10412.9312130    0.96915686848
  10413.9113030    0.99219030798
  10414.9192530    1.02662639722
  10415.9550640    1.05899541415
  10417.0187340    1.08843781510
  10418.1102660    1.11381553396
  10419.2327230    1.13339553734
  10420.3673730    1.14953869995
  10421.5142140    1.16223766443
  10422.6732480    1.17211104337
  10423.8444730    1.17963545282
  10425.0278900    1.18462576093
  10426.2234990    1.18738054942
  10427.4313000    1.18829655194
  10428.6512930    1.18720299754
  10429.8834780    1.18395391400
  10431.1278550    1.17792249013
  10432.3844230    1.16897841845
  10433.6531840    1.15793426747
  10434.9341360    1.14551594848
  10436.2272800    1.13243553022
  10437.5326170    1.11980708532
  10438.8501450    1.10862539578
  10440.1798650    1.09758963423
  10441.5217770    1.08701769494
  10442.8758810    1.07742768992
  10444.2421770    1.06869896059
  10445.6206640    1.06120108545
  10447.0113440    1.05440147455
  10448.4142150    1.04762162208
  10449.8292790    1.04051140292
  10451.2565340    1.03234740801
  10452.6959810    1.02335667370
  10454.1476200    1.01430424339
  10455.6114520    1.00640232084
  10457.0874750    0.99971766137
  10458.5756890    0.99493489990
  10460.0760960    0.99090432360
  10461.5886950    0.98729746014
  10463.1134850    0.98423769751
  10464.6504680    0.98167090670
  10466.1996420    0.97886738634
  10467.7610090    0.97662895686
  10469.3345670    0.97544079869
  10470.9203170    0.97481361387
  10472.5182590    0.97503444097
  10474.1283930    0.97632322677
  10475.7507190    0.97806092560
  10477.3852370    0.98029179464
  10479.0319460    0.98224276687
  10480.6908480    0.98365005799
  10482.3619420    0.98527760610
  10484.0452270    0.98657421576
  10485.7407040    0.98716723612
  10487.4483740    0.98717398652
  10489.1682350    0.98718244519
  10490.9002880    0.98713241281
  10492.6445330    0.98785749412
  10494.4009700    0.99038106555
  10496.1695980    0.99450482371
  10497.9504190    1.00027061335
  10499.7434320    1.00738275098
  10501.5486360    1.01483603528
  10503.3660320    1.02185653906
  10505.1956210    1.02713936969
  10507.0374010    1.03055928089
  10508.8913730    1.03216408656
  10510.7575370    1.03332351125
  10512.6358930    1.03434248325
  10514.5264410    1.03563007987
  10516.4291810    1.03688533742
  10518.3441120    1.03788559958
  10520.2712360    1.03758983235
  10522.2105520    1.03472780401
  10524.1620590    1.03035411421
  10526.1257580    1.02430115459
  10528.1016490    1.01636711431
  10530.0897330    1.00682422537
  10532.0900080    0.99680223872
  10534.1024750    0.98814510416
  10536.1271330    0.97993050520
  10538.1639840    0.97279087931
  10540.2130270    0.96754399921
  10542.2742610    0.96358234071
  10544.3476880    0.96030724325
  10546.4333060    0.95796268580
  10548.5311170    0.95680020435
  10550.6411190    0.95650774174
  10552.7633130    0.95726189874
  10554.8976990    0.95831648603
  10557.0442770    0.96031195964
  10559.2030470    0.96326748691
  10561.3740080    0.96727766871
  10563.5571620    0.97170565430
  10565.7525080    0.97542852678
  10567.9600450    0.97907625658
  10570.1797750    0.98193756858
  10572.4116960    0.98436544984
  10574.6558090    0.98671235337
  10576.9121140    0.98823643573
  10579.1806110    0.98918023326
  10581.4613000    0.98992775732
  10583.7541810    0.98990681322
  10586.0592540    0.98918814288
  10588.3765180    0.98839249437
  10590.7059750    0.98728047048
  10593.0476230    0.98507570465
  10595.4014640    0.98233104210
  10597.7674960    0.97868619721
  10600.1457200    0.97502003742
  10602.5361360    0.97120980352
  10604.9387440    0.96762870589
  10607.3535440    0.96513600472
  10609.7805360    0.96444868239
  10612.2197200    0.96541940165
  10614.6710960    0.96701718823
  10617.1346630    0.97008533907
  10619.6104230    0.97386408082
  10622.0983740    0.97694076708
  10624.5985170    0.97949796608
  10627.1108520    0.98187199015
  10629.6353800    0.98397808009
  10632.1720990    0.98593090484
  10634.7210090    0.98818317080
  10637.2821120    0.99008702055
  10639.8554070    0.99147777680
  10642.4408940    0.99335473730
  10645.0385720    0.99462467871
  10647.6484430    0.99495086486
  10650.2705050    0.99504071973
  10652.9047590    0.99527744124
  10655.5512050    0.99517755880
  10658.2098440    0.99465672451
  10660.8806740    0.99337737164
  10663.5636960    0.99115071547
  10666.2589090    0.98760079584
  10668.9663150    0.98284788138
  10671.6859130    0.97829212114
  10674.4177020    0.97455757723
  10677.1616840    0.97120664262
  10679.9178570    0.96917452270
  10682.6862220    0.96887328344
  10685.4667800    0.96958649770
  10688.2595290    0.97196532891
  10691.0644700    0.97534736683
  10693.8816020    0.97864626126
  10696.7109270    0.98195216729
  10699.5524440    0.98477441401
  10702.4061530    0.98674501112
  10705.2720530    0.98825741929
  10708.1501460    0.99001390140
  10711.0404300    0.99272402293
  10713.9429060    0.99576524301
  10716.8575740    0.99860324527
  10719.7844350    1.00125711313
  10722.7234870    1.00348618708
  10725.6747300    1.00554656135
  10728.6381660    1.00801253168
  10731.6137940    1.00966346370
  10734.6016140    1.01031740083
  10737.6016250    1.01031890107
  10740.6138290    1.00969169372
  10743.6382240    1.00851745399
  10746.6748110    1.00681023963
  10749.7235900    1.00478693144
  10752.7845610    1.00275994544
  10755.8577240    1.00090464444
  10758.9430790    0.99930267144
  10762.0406260    0.99837867247
  10765.1503650    0.99814797448
  10768.2722950    0.99866662236
  10771.4064180    1.00019739944
  10774.5527320    1.00219490055
  10777.7112390    1.00399624520
  10780.8819370    1.00614038698
  10784.0648270    1.00747811669
  10787.2599090    1.00803334342
  10790.4671830    1.00935497942
  10793.6866490    1.01094849790
  10796.9183070    1.01197087817
  10800.1621570    1.01346695142
  10803.4181980    1.01499099780
  10806.6864320    1.01641106633
  10809.9668570    1.01764767522
  10813.2594740    1.01854198306
  10816.5642840    1.01958383636
  10819.8812850    1.02023379367
  10823.2104780    1.02049563994
  10826.5518630    1.02011498968
  10829.9054400    1.01969524132
  10833.2712090    1.01910130579
  10836.6491690    1.01821114775
  10840.0393220    1.01709616342
  10843.4416660    1.01662601852
  10846.8562030    1.01592870730
  10850.2829310    1.01520380503
  10853.7218510    1.01411157581
  10857.1729640    1.01336793988
  10860.6362680    1.01264648257
  10864.1117640    1.01202201259
  10867.5994510    1.01174319802
  10871.0993310    1.01153427704
  10874.6114030    1.01138523504
  10878.1356660    1.01241167551
  10881.6721220    1.01277290746
  10885.2207690    1.01241012035
  10888.7816090    1.01268614214
  10892.3546400    1.01270971433
  10895.9398630    1.01262670394
  10899.5372780    1.01259134008
  10903.1468850    1.01292492807
  10906.7686840    1.01267280960
  10910.4026750    1.01273425599
  10914.0488570    1.01317634826
  10917.7072320    1.01361274655
  10921.3777990    1.01392103808
  10925.0605570    1.01425604886
  10928.7555070    1.01396155886
  10932.4626500    1.01323288020
  10936.1819840    1.01248200549
  10939.9135100    1.01112845860
  10943.6572280    1.00953153018
  10947.4131380    1.00774093033
  10951.1812390    1.00646525629
  10954.9615330    1.00489046289
  10958.7540190    1.00357221114
  10962.5586960    1.00339457081
  10966.3755650    1.00301911918
  10970.2046270    1.00258025078
  10974.0458800    1.00194768630
  10977.8993250    1.00266940324
  10981.7649620    1.00309172295
  10985.6427910    1.00293041482
  10989.5328120    1.00292951493
  10993.4350250    1.00265030273
  10997.3494290    1.00232365508
  11001.2760260    1.00177272441
  11005.2148140    1.00122060841
  11009.1657950    1.00055237922
  11013.1289670    0.99954480718
  11017.1043310    0.99864843781
  11021.0918880    0.99899177125
  11025.0916360    0.99909735927
  11029.1035750    0.99892246861
  11033.1277070    0.99870945390
  11037.1640310    0.99816269734
  11041.2125470    0.99796343220
  11045.2732540    0.99782654965
  11049.3461540    0.99755024590
  11053.4312450    0.99646888507
  11057.5285290    0.99586528090
  11061.6380040    0.99569750091
  11065.7596710    0.99526164687
  11069.8935300    0.99446391533
  11074.0395810    0.99410878855
  11078.1978240    0.99328731173
  11082.3682580    0.99282049738
  11086.5508850    0.99221453126
  11090.7457040    0.99226884746
  11094.9527140    0.99276172975
  11099.1719160    0.99201071630
  11103.4033110    0.99138601618
  11107.6468970    0.99132649238
  11111.9026750    0.99067843825
  11116.1706450    0.98962290580
  11120.4508070    0.98935410216
  11124.7431610    0.98907740943
  11129.0477070    0.98939614234
  11133.3644440    0.99032319551
  11137.6933740    0.99045849672
  11142.0344950    0.99079187334
  11146.3878090    0.99123458222
  11150.7533140    0.99052403861
  11155.1310110    0.98996062434
  11159.5209000    0.98887887818
  11163.9229810    0.99002469714
  11168.3372540    0.98866675927
  11172.7637190    0.98870855124
  11177.2023760    0.99047187104
  11181.6532240    0.98934541664
  11186.1162650    0.98947799561
  11190.5914970    0.99074549548
  11195.0789220    0.99158892510
  11199.5785380    0.99232495600
  11204.0903460    0.99397879950
  11208.6143460    0.99580718485
  11213.1505380    0.99556305674
  11217.6989220    0.99527426001
  11222.2594980    0.99519050266
  11226.8322660    0.99453202482
  11231.4172260    0.99365468194
  11236.0143770    0.99318563704
  11240.6237210    0.99368243817
  11245.2452560    0.99461365762
  11249.8789830    0.99601702505
  11254.5249020    0.99741219306
  11259.1830130    0.99839565251
  11263.8533160    0.99924608969
  11268.5358110    1.00032660251
  11273.2304980    1.00174143136
  11277.9373770    1.00312399549
  11282.6564480    1.00490216371
  11287.3877100    1.00653022086
  11292.1311650    1.00842005356
  11296.8868110    1.01048402183
  11301.6546490    1.01319791764
  11306.4346790    1.01548626999
  11311.2269010    1.01855078492
  11316.0313150    1.02067979168
  11320.8479210    1.02465817813
  11325.6767190    1.02867086723
