#---------------------------------
#  energy flat
  8794.00000000    0.00492744956
  8799.00000000    0.00375796059
  8804.00000000    0.00256555916
  8809.00000000    0.00116284000
  8814.00000000   -0.00080858470
  8819.00000000   -0.00243128986
  8824.00000000   -0.00341456552
  8829.00000000   -0.00310759218
  8834.00000000   -0.00294418586
  8839.00000000   -0.00186494379
  8844.00000000   -0.00089205257
  8849.00000000   -0.00017689329
  8854.00000000    0.00064289510
  8859.00000000    0.00143447336
  8864.00000000    0.00179495323
  8869.00000000    0.00225675115
  8874.00000000    0.00211845482
  8879.00000000    0.00208995282
  8884.00000000    0.00304085869
  8889.00000000    0.00271846812
  8894.00000000    0.00256785469
  8899.00000000    0.00120367612
  8904.00000000   -0.00060325573
  8909.00000000   -0.00219417484
  8914.00000000   -0.00294461764
  8919.00000000   -0.00323350042
  8924.00000000   -0.00190712176
  8929.00000000   -0.00017679530
  8934.00000000    0.00138360820
  8939.00000000    0.00271382767
  8944.00000000    0.00366777970
  8949.00000000    0.00511415072
  8953.00000000    0.00603875903
  8956.00000000    0.00724407009
  8958.00000000    0.00872650799
  8959.00000000    0.00931025352
  8959.20000000    0.01081846373
  8959.40000000    0.01039315462
  8959.60000000    0.01109452877
  8959.80000000    0.01144890513
  8960.00000000    0.01168117007
  8960.20000000    0.01157425129
  8960.40000000    0.01150097275
  8960.60000000    0.01166900336
  8960.80000000    0.01198867995
  8961.00000000    0.01237192865
  8961.20000000    0.01262061638
  8961.40000000    0.01238854000
  8961.60000000    0.01184681446
  8961.80000000    0.01156917807
  8962.00000000    0.01181720359
  8962.20000000    0.01196152710
  8962.40000000    0.01253734633
  8962.60000000    0.01299171633
  8962.80000000    0.01298227479
  8963.00000000    0.01333651871
  8963.20000000    0.01324085750
  8963.40000000    0.01385270092
  8963.60000000    0.01395689453
  8963.80000000    0.01451841003
  8964.00000000    0.01459863166
  8964.20000000    0.01447754160
  8964.40000000    0.01439817074
  8964.60000000    0.01476698327
  8964.80000000    0.01478866558
  8965.00000000    0.01511509670
  8965.20000000    0.01566098406
  8965.40000000    0.01553817225
  8965.60000000    0.01609982019
  8965.80000000    0.01615037484
  8966.00000000    0.01690287156
  8966.20000000    0.01702891809
  8966.40000000    0.01723191336
  8966.60000000    0.01738669978
  8966.80000000    0.01735328625
  8967.00000000    0.01766766517
  8967.20000000    0.01790588998
  8967.40000000    0.01880380791
  8967.60000000    0.01910785636
  8967.80000000    0.01935111397
  8968.00000000    0.01945954572
  8968.20000000    0.01967962600
  8968.40000000    0.01965707271
  8968.60000000    0.02018243157
  8968.80000000    0.02045813745
  8969.00000000    0.02088231069
  8969.20000000    0.02105206305
  8969.40000000    0.02161530029
  8969.60000000    0.02228647769
  8969.80000000    0.02242484131
  8970.00000000    0.02287192701
  8970.20000000    0.02332735654
  8970.40000000    0.02354796659
  8970.60000000    0.02367745661
  8970.80000000    0.02413606475
  8971.00000000    0.02491981776
  8971.20000000    0.02512175349
  8971.40000000    0.02575147657
  8971.60000000    0.02656092331
  8971.80000000    0.02744917298
  8972.00000000    0.02807002245
  8972.20000000    0.02869669937
  8972.40000000    0.02924165963
  8972.60000000    0.03006064219
  8972.80000000    0.03068678934
  8973.00000000    0.03113546433
  8973.20000000    0.03199987446
  8973.40000000    0.03277210503
  8973.60000000    0.03406628913
  8973.80000000    0.03503148754
  8974.00000000    0.03594145768
  8974.20000000    0.03710359721
  8974.40000000    0.03813501657
  8974.60000000    0.03988294663
  8974.80000000    0.04143380313
  8975.00000000    0.04321921424
  8975.20000000    0.04502488897
  8975.40000000    0.04683069613
  8975.60000000    0.04886430337
  8975.80000000    0.05115312615
  8976.00000000    0.05347214568
  8976.20000000    0.05605101622
  8976.40000000    0.05964836499
  8976.60000000    0.06320002130
  8976.80000000    0.06704874480
  8977.00000000    0.07109957464
  8977.20000000    0.07583605620
  8977.40000000    0.08116124202
  8977.60000000    0.08726704040
  8977.80000000    0.09472573281
  8978.00000000    0.10437845776
  8978.20000000    0.11484358133
  8978.40000000    0.12821659929
  8978.60000000    0.14416375806
  8978.80000000    0.16376684307
  8979.00000000    0.18804989512
  8979.20000000    0.21766532301
  8979.40000000    0.25420693258
  8979.60000000    0.29814012468
  8979.80000000    0.34945748256
  8980.00000000    0.40803451084
  8980.20000000    0.47151082994
  8980.40000000    0.53692340142
  8980.60000000    0.59939119749
  8980.80000000    0.65299313789
  8981.00000000    0.69414203359
  8981.20000000    0.71801951561
  8981.40000000    0.72482067072
  8981.60000000    0.71296268563
  8981.80000000    0.68733571252
  8982.00000000    0.65193486118
  8982.20000000    0.61253565795
  8982.40000000    0.57301878282
  8982.60000000    0.53728769580
  8982.80000000    0.50710758242
  8983.00000000    0.48413621783
  8983.20000000    0.46843174386
  8983.40000000    0.45968954400
  8983.60000000    0.45679101383
  8983.80000000    0.45870681469
  8984.00000000    0.46565997864
  8984.20000000    0.47540283401
  8984.40000000    0.48698855351
  8984.60000000    0.50008457536
  8984.80000000    0.51417397869
  8985.00000000    0.52727556494
  8985.20000000    0.53896830118
  8985.40000000    0.55000061643
  8985.60000000    0.55996790055
  8985.80000000    0.56917000186
  8986.00000000    0.57852858340
  8986.20000000    0.58867976347
  8986.40000000    0.59925694277
  8986.60000000    0.61098709474
  8986.80000000    0.62456567165
  8987.00000000    0.64012617481
  8987.20000000    0.65697023793
  8987.40000000    0.67536420150
  8987.60000000    0.69585306383
  8987.80000000    0.71711518704
  8988.00000000    0.74013924977
  8988.20000000    0.76426476412
  8988.40000000    0.78892527592
  8988.60000000    0.81345274810
  8988.80000000    0.83867918052
  8989.00000000    0.86324015656
  8989.20000000    0.88752002250
  8989.40000000    0.91109099084
  8989.60000000    0.93457898187
  8989.80000000    0.95801816545
  8990.00000000    0.98144085725
  8990.20000000    1.00443224911
  8990.40000000    1.02572593144
  8990.60000000    1.04463823895
  8990.80000000    1.06153153259
  8991.00000000    1.07543368861
  8991.20000000    1.08717829624
  8991.40000000    1.09560993218
  8991.60000000    1.10081839187
  8991.80000000    1.10462713528
  8992.00000000    1.10577981840
  8992.20000000    1.10505493459
  8992.40000000    1.10347493515
  8992.60000000    1.10105094509
  8992.80000000    1.09867191430
  8993.00000000    1.09601786301
  8993.20000000    1.09458061665
  8993.40000000    1.09363333390
  8993.60000000    1.09375558042
  8993.80000000    1.09678273592
  8994.00000000    1.10097159995
  8994.20000000    1.10764288301
  8994.40000000    1.11734860280
  8994.60000000    1.12588213949
  8994.80000000    1.13691504735
  8995.00000000    1.15179876340
  8995.20000000    1.16773293592
  8995.40000000    1.18420289556
  8995.60000000    1.20054484333
  8995.80000000    1.21649627928
  8996.00000000    1.23077357634
  8996.20000000    1.24349725648
  8996.40000000    1.25414761755
  8996.60000000    1.26314820863
  8996.80000000    1.26999045264
  8997.00000000    1.27397452647
  8997.20000000    1.27499950922
  8997.40000000    1.27339332690
  8997.60000000    1.26793036200
  8997.80000000    1.25972604010
  8998.00000000    1.24954614013
  8998.20000000    1.23766322735
  8998.40000000    1.22396207720
  8998.60000000    1.20922118303
  8998.80000000    1.19438220660
  8999.00000000    1.17903775649
  8999.20000000    1.16382011020
  8999.40000000    1.14871655317
  8999.60000000    1.13560934954
  8999.80000000    1.12424341610
  9000.00000000    1.11116837625
  9000.20000000    1.09824106534
  9000.40000000    1.09019628121
  9000.60000000    1.08295799174
  9000.80000000    1.07709463743
  9001.00000000    1.07151145339
  9001.20000000    1.06690879225
  9001.40000000    1.06350385860
  9001.60000000    1.06176576149
  9001.80000000    1.06014122218
  9002.00000000    1.05871367891
  9002.20000000    1.05737373455
  9002.40000000    1.05521972446
  9002.60000000    1.05325741233
  9002.80000000    1.04974783584
  9003.00000000    1.04613540623
  9003.20000000    1.04367991071
  9003.40000000    1.04139783561
  9003.60000000    1.03945420339
  9003.80000000    1.03757247519
  9004.00000000    1.03487456111
  9004.20000000    1.03196148231
  9004.40000000    1.02914474204
  9004.60000000    1.02669558114
  9004.80000000    1.02463519022
  9005.00000000    1.02231354423
  9005.20000000    1.01996400571
  9005.40000000    1.01691482918
  9005.60000000    1.01444116509
  9005.80000000    1.01160241098
  9006.00000000    1.00956061192
  9006.20000000    1.00682553148
  9006.40000000    1.00463523646
  9006.60000000    1.00250445953
  9006.80000000    1.00007163421
  9007.00000000    0.99859442864
  9007.20000000    0.99706787355
  9007.40000000    0.99480591970
  9007.60000000    0.99317430789
  9007.80000000    0.99071246866
  9008.00000000    0.98902771681
  9008.20000000    0.98574457423
  9008.40000000    0.98441672191
  9008.60000000    0.98298071487
  9008.80000000    0.98114809450
  9009.00000000    0.97962239206
  9009.22786000    0.97787045888
  9009.48358100    0.97585926869
  9009.76716200    0.97450012114
  9010.07860400    0.97378464496
  9010.41790500    0.97485302247
  9010.78506700    0.97624586718
  9011.18009000    0.97973221129
  9011.60297300    0.98589336050
  9012.05371600    0.99607852635
  9012.53231900    1.00971572810
  9013.03878300    1.02814253989
  9013.57310700    1.05117982563
  9014.13529200    1.06939394393
  9014.72533700    1.07921102712
  9015.34324200    1.09135988047
  9015.98900800    1.09630729465
  9016.66263400    1.09400741732
  9017.36412000    1.08510416038
  9018.09346700    1.06703449410
  9018.85067400    1.04035811738
  9019.63574100    1.01722816978
  9020.44866900    0.99298323813
  9021.28945700    0.97061679923
  9022.15810600    0.95179659011
  9023.05461400    0.93502950429
  9023.97898300    0.92236843345
  9024.93121300    0.91561623126
  9025.91130300    0.91207935865
  9026.91925300    0.91273345207
  9027.95506400    0.91539726766
  9029.01873400    0.91904420388
  9030.11026600    0.92369182650
  9031.23272300    0.92832036662
  9032.36737300    0.93518840398
  9033.51421400    0.94344899313
  9034.67324800    0.95378064567
  9035.84447300    0.96650005128
  9037.02789000    0.98018731482
  9038.22349900    0.99339764456
  9039.43130000    1.00442374904
  9040.65129300    1.01167144231
  9041.88347800    1.01464289255
  9043.12785500    1.01889895517
  9044.38442300    1.02258956878
  9045.65318400    1.02636437375
  9046.93413600    1.03052390233
  9048.22728000    1.03464422282
  9049.53261700    1.03902639032
  9050.85014500    1.04330581337
  9052.17986500    1.04490902757
  9053.52177700    1.04448143844
  9054.87588100    1.04343476002
  9056.24217700    1.04050167114
  9057.62066400    1.03594164270
  9059.01134400    1.03151417557
  9060.41421500    1.02752536138
  9061.82927900    1.02279237073
  9063.25653400    1.01834336737
  9064.69598100    1.01511353373
  9066.14762000    1.01318618747
  9067.61145200    1.01191038549
  9069.08747500    1.01095834858
  9070.57568900    1.01096302603
  9072.07609600    1.01197329330
  9073.58869500    1.01319543594
  9075.11348500    1.01360052180
  9076.65046800    1.01284672002
  9078.19964200    1.01238255678
  9079.76100900    1.01082706008
  9081.33456700    1.00882642093
  9082.92031700    1.00741964564
  9084.51825900    1.00728867811
  9086.12839300    1.00770389521
  9087.75071900    1.00801725683
  9089.38523700    1.00882594029
  9091.03194600    1.00836250594
  9092.69084800    1.00662787088
  9094.36194200    1.00439933140
  9096.04522700    1.00160655412
  9097.74070400    0.99853705814
  9099.44837400    0.99484581849
  9101.16823500    0.99093478707
  9102.90028800    0.98740721977
  9104.64453300    0.98468413274
  9106.40097000    0.98227984325
  9108.16959800    0.97991766210
  9109.95041900    0.97850147946
  9111.74343200    0.97811113616
  9113.54863600    0.97851417314
  9115.36603200    0.97856321681
  9117.19562100    0.97927234352
  9119.03740100    0.98044458479
  9120.89137300    0.98172641789
  9122.75753700    0.98372796729
  9124.63589300    0.98636138651
  9126.52644100    0.98909329240
  9128.42918100    0.99266756936
  9130.34411200    0.99613734816
  9132.27123600    0.99927570572
  9134.21055200    1.00194604786
  9136.16205900    1.00451797098
  9138.12575800    1.00654734224
  9140.10164900    1.00768088350
  9142.08973300    1.00874563446
  9144.09000800    1.00914674186
  9146.10247500    1.00916690422
  9148.12713300    1.00854951791
  9150.16398400    1.00808664600
  9152.21302700    1.00744089014
  9154.27426100    1.00617154457
  9156.34768800    1.00494034164
  9158.43330600    1.00451841550
  9160.53111700    1.00300315294
  9162.64111900    1.00124408815
  9164.76331300    1.00007591345
  9166.89769900    0.99918531375
  9169.04427700    0.99789369630
  9171.20304700    0.99812018093
  9173.37400800    0.99794148188
  9175.55716200    0.99762780775
  9177.75250800    0.99788589810
  9179.96004500    0.99791318154
  9182.17977500    0.99806488528
  9184.41169600    0.99773709644
  9186.65580900    0.99730569880
  9188.91211400    0.99791367826
  9191.18061100    0.99907180362
  9193.46130000    0.99919157264
  9195.75418100    0.99942973560
  9198.05925400    1.00070994184
  9200.37651800    1.00101192057
  9202.70597500    1.00103071626
  9205.04762300    1.00063997248
  9207.40146400    1.00016521412
  9209.76749600    0.99933253778
  9212.14572000    0.99810775121
  9214.53613600    0.99728707120
  9216.93874400    0.99654519315
  9219.35354400    0.99771110893
  9221.78053600    0.99859181134
  9224.21972000    0.99875179370
  9226.67109600    0.99742682502
  9229.13466300    0.99607769653
  9231.61042300    0.99240834367
  9234.09837400    0.99029370332
  9236.59851700    0.99068385656
  9239.11085200    0.99170124811
  9241.63538000    0.99236706806
  9244.17209900    0.99356755501
  9246.72100900    0.99461791456
  9249.28211200    0.99561422282
  9251.85540700    0.99620119537
  9254.44089400    0.99705288089
  9257.03857200    0.99817396479
  9259.64844300    0.99916941403
  9262.27050500    0.99972710738
  9264.90475900    0.99999448822
  9267.55120500    1.00053698461
  9270.20984400    1.00107239111
  9272.88067400    1.00157464632
  9275.56369600    1.00188152979
  9278.25890900    1.00247157473
  9280.96631500    1.00202421483
  9283.68591300    1.00159621731
  9286.41770200    1.00171537273
  9289.16168400    1.00152650467
  9291.91785700    1.00090763810
  9294.68622200    1.00007637036
  9297.46678000    0.99941876128
  9300.25952900    0.99930948201
  9303.06447000    0.99998625018
  9305.88160200    1.00007178661
  9308.71092700    0.99999451639
  9311.55244400    1.00031848652
  9314.40615300    1.00080620039
  9317.27205300    1.00147391819
  9320.15014600    1.00161343434
  9323.04043000    1.00103730798
  9325.94290600    1.00066397962
  9328.85757400    1.00038519836
  9331.78443500    0.99993271831
  9334.72348700    0.99970315352
  9337.67473000    0.99919197655
  9340.63816600    0.99905299018
  9343.61379400    0.99878828398
  9346.60161400    0.99883630681
  9349.60162500    0.99905594007
  9352.61382900    0.99931214930
  9355.63822400    0.99975730232
  9358.67481100    0.99967838337
  9361.72359000    0.99912179704
  9364.78456100    0.99873231734
  9367.85772400    0.99923788864
  9370.94307900    0.99906434711
  9374.04062600    0.99841092299
  9377.15036500    0.99774914411
  9380.27229500    0.99742074386
  9383.40641800    0.99778228137
  9386.55273200    0.99798801191
  9389.71123900    0.99904928171
  9392.88193700    0.99990551973
  9396.06482700    1.00076043764
  9399.25990900    1.00200554884
  9402.46718300    1.00347716755
  9405.68664900    1.00508550815
  9408.91830700    1.00585818969
  9412.16215700    1.00638458365
  9415.41819800    1.00649463900
  9418.68643200    1.00654435669
  9421.96685700    1.00630487860
  9425.25947400    1.00639973554
  9428.56428400    1.00595904141
  9431.88128500    1.00521006169
  9435.21047800    1.00474347561
  9438.55186300    1.00470601683
  9441.90544000    1.00426990974
  9445.27120900    1.00440567313
  9448.64916900    1.00434115527
  9452.03932200    1.00511494357
  9455.44166600    1.00562881291
  9458.85620300    1.00599875751
  9462.28293100    1.00586027773
  9465.72185100    1.00532486384
  9469.17296400    1.00494106329
  9472.63626800    1.00412054622
  9476.11176400    1.00310989052
  9479.59945100    1.00216786126
  9483.09933100    1.00078637906
  9486.61140300    0.99891085003
  9490.13566600    0.99772209780
  9493.67212200    0.99740497735
  9497.22076900    0.99697621252
  9500.78160900    0.99643417953
  9504.35464000    0.99563025071
  9507.93986300    0.99579027538
  9511.53727800    0.99536412237
  9515.14688500    0.99481053949
  9518.76868400    0.99512360509
  9522.40267500    0.99524428359
  9526.04885700    0.99558152775
  9529.70723200    0.99613477554
  9533.37779900    0.99623278507
  9537.06055700    0.99585248621
  9540.75550700    0.99650368893
  9544.46265000    0.99670248773
  9548.18198400    0.99656117351
  9551.91351000    0.99727779212
  9555.65722800    0.99799939757
  9559.41313800    0.99829050248
  9563.18123900    0.99888376082
  9566.96153300    0.99899271471
  9570.75401900    0.99927161682
  9574.55869600    0.99911281579
  9578.37556500    0.99966695794
  9582.20462700    1.00042493044
  9586.04588000    1.00058095876
  9589.89932500    1.00129364438
  9593.76496200    1.00144306329
  9597.64279100    1.00139264415
  9601.53281200    1.00170792554
  9605.43502500    1.00159956907
  9609.34942900    1.00179019884
  9613.27602600    1.00101263044
  9617.21481400    0.99969706645
  9621.16579500    0.99942197785
  9625.12896700    0.99934851799
  9629.10433100    0.99890775619
  9633.09188800    0.99824674765
  9637.09163600    0.99824045903
  9641.10357500    0.99851201786
  9645.12770700    0.99815452117
  9649.16403100    0.99776482261
  9653.21254700    0.99787859192
  9657.27325400    0.99845167625
  9661.34615400    0.99930403833
  9665.43124500    1.00041696915
  9669.52852900    1.00179506896
  9673.63800400    1.00282021074
  9677.75967100    1.00245946121
  9681.89353000    1.00248951901
  9686.03958100    1.00267635763
  9690.19782400    1.00195872648
  9694.36825800    1.00092481660
  9698.55088500    1.00021261998
  9702.74570400    1.00080687597
  9706.95271400    1.00095105047
  9711.17191600    1.00086941590
  9715.40331100    1.00068294946
  9719.64689700    1.00094255036
  9723.90267500    1.00140182172
  9728.17064500    1.00108224014
  9732.45080700    1.00056519344
  9736.74316100    0.99973649540
  9741.04770700    0.99875877448
  9745.36444400    0.99833503543
  9749.69337400    0.99794373095
  9754.03449500    0.99822670319
  9758.38780900    0.99868203041
  9762.75331400    0.99893866383
  9767.13101100    0.99885071281
  9771.52090000    0.99856049535
  9775.92298100    0.99922935088
  9780.33725400    1.00015941309
  9784.76371900    1.00018133650
  9789.20237600    0.99990580916
  9793.65322400    0.99999386359
  9798.11626500    0.99970345189
  9802.59149700    0.99881728417
  9807.07892200    0.99884114725
  9811.57853800    0.99878140844
  9816.09034600    1.00062650702
  9820.61434600    1.00125396799
  9825.15053800    1.00271636814
  9829.69892200    1.00311794353
  9834.25949800    1.00345388972
  9838.83226600    1.00371868922
  9843.41722600    1.00142488168
  9848.01437700    1.00017417629
  9852.62372100    0.99982071922
  9857.24525600    0.99940787485
  9861.87898300    0.99949203751
  9866.52490200    0.99904244005
  9871.18301300    0.99774458160
  9875.85331600    0.99632577028
  9880.53581100    0.99632123114
  9885.23049800    0.99613290034
  9889.93737700    0.99726028747
  9894.65644800    0.99852627371
  9899.38771000    0.99974496042
  9904.13116500    1.00036360202
  9908.88681100    1.00048745629
  9913.65464900    1.00118730040
  9918.43467900    1.00200396931
  9923.22690100    1.00286876168
  9928.03131500    1.00373869534
  9932.84792100    1.00453902788
  9937.67671900    1.00482950354
