#---------------------------------
#  energy flat
  10182.0000000    0.00109925066
  10187.0000000    0.00095482368
  10192.0000000    0.00116290626
  10197.0000000    0.00108926221
  10202.0000000    0.00085833251
  10207.0000000    0.00093942734
  10212.0000000    0.00081511115
  10217.0000000    0.00048380316
  10222.0000000    3.37677486e-6
  10227.0000000   -0.00033969910
  10232.0000000   -0.00058169412
  10237.0000000   -0.00036895708
  10242.0000000    0.00019813375
  10247.0000000    0.00041745730
  10252.0000000    0.00079064152
  10257.0000000    0.00088552410
  10262.0000000    0.00063053171
  10267.0000000    0.00009960881
  10272.0000000   -0.00021167621
  10277.0000000   -0.00075419135
  10282.0000000   -0.00096527373
  10287.0000000   -0.00077326221
  10292.0000000   -0.00044091429
  10297.0000000   -0.00056645997
  10302.0000000   -0.00058091332
  10307.0000000   -0.00026806145
  10312.0000000    0.00059788091
  10317.0000000    0.00174414478
  10322.0000000    0.00343717610
  10327.0000000    0.00533307167
  10332.0000000    0.00737509976
  10337.0000000    0.00926519921
  10341.0000000    0.01112685515
  10344.0000000    0.01318049582
  10346.0000000    0.01487004486
  10347.0000000    0.01588988860
  10347.2000000    0.01687229401
  10347.4000000    0.01724259388
  10347.6000000    0.01755001461
  10347.8000000    0.01806275855
  10348.0000000    0.01854529240
  10348.2000000    0.01905803635
  10348.4000000    0.01927333387
  10348.6000000    0.01975797541
  10348.8000000    0.02031647358
  10349.0000000    0.02059429897
  10349.2000000    0.02112241141
  10349.4000000    0.02156656792
  10349.6000000    0.02139168109
  10349.8000000    0.02171631455
  10350.0000000    0.02210084126
  10350.2000000    0.02237910574
  10350.4000000    0.02296043712
  10350.6000000    0.02305392828
  10350.8000000    0.02298697226
  10351.0000000    0.02336930347
  10351.2000000    0.02336215289
  10351.4000000    0.02360818742
  10351.6000000    0.02390928511
  10351.8000000    0.02453250664
  10352.0000000    0.02489402451
  10352.2000000    0.02514383530
  10352.4000000    0.02553108443
  10352.6000000    0.02587152549
  10352.8000000    0.02641720194
  10353.0000000    0.02669871577
  10353.2000000    0.02742644312
  10353.4000000    0.02787982073
  10353.6000000    0.02871398595
  10353.8000000    0.02936039196
  10354.0000000    0.02964252053
  10354.2000000    0.02960454511
  10354.4000000    0.02995833482
  10354.6000000    0.03072979654
  10354.8000000    0.03121083745
  10355.0000000    0.03222406770
  10355.2000000    0.03282761754
  10355.4000000    0.03299874160
  10355.6000000    0.03360018376
  10355.8000000    0.03402036540
  10356.0000000    0.03426631212
  10356.2000000    0.03490604381
  10356.4000000    0.03549483989
  10356.6000000    0.03639487012
  10356.8000000    0.03766532521
  10357.0000000    0.03884251543
  10357.2000000    0.03953160197
  10357.4000000    0.04062536318
  10357.6000000    0.04109068431
  10357.8000000    0.04172830832
  10358.0000000    0.04261569247
  10358.2000000    0.04339997592
  10358.4000000    0.04450691012
  10358.6000000    0.04523428619
  10358.8000000    0.04613958563
  10359.0000000    0.04706262471
  10359.2000000    0.04827792882
  10359.4000000    0.04953942626
  10359.6000000    0.05069202688
  10359.8000000    0.05182144301
  10360.0000000    0.05300811779
  10360.2000000    0.05464934901
  10360.4000000    0.05626563934
  10360.6000000    0.05798239577
  10360.8000000    0.05954476460
  10361.0000000    0.06058864403
  10361.2000000    0.06202016104
  10361.4000000    0.06339073094
  10361.6000000    0.06480011730
  10361.8000000    0.06684198345
  10362.0000000    0.06916926467
  10362.2000000    0.07141961555
  10362.4000000    0.07362430003
  10362.6000000    0.07547629929
  10362.8000000    0.07769468368
  10363.0000000    0.08005884931
  10363.2000000    0.08256177057
  10363.4000000    0.08509314552
  10363.6000000    0.08759957959
  10363.8000000    0.09051841647
  10364.0000000    0.09347659672
  10364.2000000    0.09691234225
  10364.4000000    0.10062700417
  10364.6000000    0.10472789853
  10364.8000000    0.10916145514
  10365.0000000    0.11384863597
  10365.2000000    0.11882386647
  10365.4000000    0.12394136541
  10365.6000000    0.12958156911
  10365.8000000    0.13530256723
  10366.0000000    0.14181359426
  10366.2000000    0.14898256889
  10366.4000000    0.15712599448
  10366.6000000    0.16577456082
  10366.8000000    0.17583966411
  10367.0000000    0.18629907930
  10367.2000000    0.19828357697
  10367.4000000    0.21206487228
  10367.6000000    0.22752739408
  10367.8000000    0.24527200694
  10368.0000000    0.26529748140
  10368.2000000    0.28764087750
  10368.4000000    0.31198288164
  10368.6000000    0.33824024045
  10368.8000000    0.36722757243
  10369.0000000    0.39916811609
  10369.2000000    0.43444634748
  10369.4000000    0.47210256940
  10369.6000000    0.51290907112
  10369.8000000    0.55748972607
  10370.0000000    0.60584312914
  10370.2000000    0.65861054211
  10370.4000000    0.71569378221
  10370.6000000    0.77840400234
  10370.8000000    0.84438903107
  10371.0000000    0.91791938038
  10371.2000000    0.99374198628
  10371.4000000    1.06106342107
  10371.6000000    1.11034010708
  10371.8000000    1.18207674539
  10372.0000000    1.24962470144
  10372.2000000    1.31214582065
  10372.4000000    1.36886430049
  10372.6000000    1.41881236395
  10372.8000000    1.46031756621
  10373.0000000    1.49580883302
  10373.2000000    1.52580465338
  10373.4000000    1.55112860312
  10373.6000000    1.57229355077
  10373.8000000    1.58978145223
  10374.0000000    1.60429767752
  10374.2000000    1.61602454056
  10374.4000000    1.62569446008
  10374.6000000    1.63400261895
  10374.8000000    1.64250870029
  10375.0000000    1.65028427057
  10375.2000000    1.65822684993
  10375.4000000    1.66576736430
  10375.6000000    1.67272139135
  10375.8000000    1.67963130698
  10376.0000000    1.68528203304
  10376.2000000    1.68977754814
  10376.4000000    1.69277886665
  10376.6000000    1.69346469520
  10376.8000000    1.69117743725
  10377.0000000    1.68602563788
  10377.2000000    1.67797768153
  10377.4000000    1.66777687645
  10377.6000000    1.65539055331
  10377.8000000    1.63990046554
  10378.0000000    1.62184723273
  10378.2000000    1.60295528854
  10378.4000000    1.58191084506
  10378.6000000    1.55969256830
  10378.8000000    1.53746214097
  10379.0000000    1.51520621415
  10379.2000000    1.49351915334
  10379.4000000    1.47212098801
  10379.6000000    1.45140497572
  10379.8000000    1.43091252008
  10380.0000000    1.41219979131
  10380.2000000    1.39497013320
  10380.4000000    1.37891494574
  10380.6000000    1.36379377722
  10380.8000000    1.34971411917
  10381.0000000    1.33626444649
  10381.2000000    1.32292205408
  10381.4000000    1.31028798176
  10381.6000000    1.29850291682
  10381.8000000    1.28744127635
  10382.0000000    1.27735334694
  10382.2000000    1.26826002936
  10382.4000000    1.26018696678
  10382.6000000    1.25238101423
  10382.8000000    1.24421232626
  10383.0000000    1.23613598569
  10383.2000000    1.22764035284
  10383.4000000    1.21897097211
  10383.6000000    1.21008358177
  10383.8000000    1.20126412346
  10384.0000000    1.19273513275
  10384.2000000    1.18440545209
  10384.4000000    1.17627086571
  10384.6000000    1.16833787201
  10384.8000000    1.16096179035
  10385.0000000    1.15418319318
  10385.2000000    1.14739366312
  10385.4000000    1.14017517640
  10385.6000000    1.13386189447
  10385.8000000    1.12808953951
  10386.0000000    1.12280137939
  10386.2000000    1.11825156487
  10386.4000000    1.11394531763
  10386.6000000    1.10989493207
  10386.8000000    1.10627762863
  10387.0000000    1.10280799188
  10387.2000000    1.09875974988
  10387.4000000    1.09529159956
  10387.6000000    1.09244270833
  10387.8000000    1.08991097500
  10388.0000000    1.08763720839
  10388.2000000    1.08586185942
  10388.4000000    1.08395227232
  10388.6000000    1.08212641591
  10388.8000000    1.08121260831
  10389.0000000    1.07984524790
  10389.2000000    1.07774313446
  10389.4000000    1.07605741263
  10389.6000000    1.07492402728
  10389.8000000    1.07432927813
  10390.0000000    1.07345626306
  10390.2000000    1.07299015353
  10390.4000000    1.07257387281
  10390.6000000    1.07204952029
  10390.8000000    1.07142833645
  10391.0000000    1.07057314617
  10391.2000000    1.06943108132
  10391.4000000    1.06810331024
  10391.6000000    1.06702998654
  10391.8000000    1.06553471999
  10392.0000000    1.06408576659
  10392.2000000    1.06325272671
  10392.4000000    1.06274860402
  10392.6000000    1.06258973283
  10392.8000000    1.06224726049
  10393.0000000    1.06115790901
  10393.2000000    1.05965556980
  10393.4000000    1.05864970661
  10393.6000000    1.05726984703
  10393.8000000    1.05572869082
  10394.0000000    1.05472124525
  10394.2000000    1.05415090791
  10394.4000000    1.05397833507
  10394.6000000    1.05398151724
  10394.8000000    1.05432292130
  10395.0000000    1.05439325144
  10395.2000000    1.05469729683
  10395.4000000    1.05436827352
  10395.6000000    1.05243383776
  10395.8000000    1.05036304259
  10396.0000000    1.04790243909
  10396.2000000    1.04531671639
  10396.4000000    1.04261535865
  10396.6000000    1.03886677079
  10396.8000000    1.03473258849
  10397.0000000    1.03116161882
  10397.2278600    1.02639038333
  10397.4835810    1.02037308095
  10397.7671620    1.01501741055
  10398.0786040    1.00881067822
  10398.4179050    0.99785362646
  10398.7850670    0.98734674908
  10399.1800900    0.97664105449
  10399.6029730    0.96443086090
  10400.0537160    0.95163358572
  10400.5323190    0.93908991660
  10401.0387830    0.92653508542
  10401.5731070    0.91594868190
  10402.1352920    0.90751439601
  10402.7253370    0.89916248484
  10403.3432420    0.89283695311
  10403.9890080    0.88817620010
  10404.6626340    0.88645192952
  10405.3641200    0.88682467247
  10406.0934670    0.88859672165
  10406.8506740    0.89115277188
  10407.6357410    0.89596677568
  10408.4486690    0.90208219791
  10409.2894570    0.90680878592
  10410.1581060    0.91474518957
  10411.0546140    0.92329499115
  10411.9789830    0.93494937317
  10412.9312130    0.94961710646
  10413.9113030    0.96567241579
  10414.9192530    0.97698999566
  10415.9550640    0.99477689100
  10417.0187340    1.01148620538
  10418.1102660    1.02729850764
  10419.2327230    1.04184488672
  10420.3673730    1.05378089047
  10421.5142140    1.06241171274
  10422.6732480    1.06945723886
  10423.8444730    1.07477803773
  10425.0278900    1.07826277478
  10426.2234990    1.08158672833
  10427.4313000    1.08470355335
  10428.6512930    1.08752369752
  10429.8834780    1.08963970012
  10431.1278550    1.09078268029
  10432.3844230    1.09219022384
  10433.6531840    1.09298432583
  10434.9341360    1.09230947109
  10436.2272800    1.09073405177
  10437.5326170    1.08941362412
  10438.8501450    1.08670931666
  10440.1798650    1.08272864017
  10441.5217770    1.07907819420
  10442.8758810    1.07463811721
  10444.2421770    1.07000630605
  10445.6206640    1.06500503184
  10447.0113440    1.05910246857
  10448.4142150    1.05266607333
  10449.8292790    1.04612389010
  10451.2565340    1.04021643237
  10452.6959810    1.03467357355
  10454.1476200    1.02930211747
  10455.6114520    1.02397789085
  10457.0874750    1.01880048919
  10458.5756890    1.01421621570
  10460.0760960    1.00987624540
  10461.5886950    1.00651703629
  10463.1134850    1.00308123189
  10464.6504680    0.99963890171
  10466.1996420    0.99712479530
  10467.7610090    0.99491748193
  10469.3345670    0.99318275361
  10470.9203170    0.99184401082
  10472.5182590    0.99002426122
  10474.1283930    0.98846977472
  10475.7507190    0.98740411288
  10477.3852370    0.98569032647
  10479.0319460    0.98364576385
  10480.6908480    0.98238552205
  10482.3619420    0.98123264396
  10484.0452270    0.98036641387
  10485.7407040    0.97956723056
  10487.4483740    0.97964052416
  10489.1682350    0.98002348945
  10490.9002880    0.98086693789
  10492.6445330    0.98250118251
  10494.4009700    0.98450408972
  10496.1695980    0.98649708198
  10497.9504190    0.98924938042
  10499.7434320    0.99258262777
  10501.5486360    0.99669924962
  10503.3660320    1.00027254184
  10505.1956210    1.00360432963
  10507.0374010    1.00679708594
  10508.8913730    1.00956598827
  10510.7575370    1.01107241714
  10512.6358930    1.01225592757
  10514.5264410    1.01315257667
  10516.4291810    1.01393418601
  10518.3441120    1.01383869468
  10520.2712360    1.01386394542
  10522.2105520    1.01355224999
  10524.1620590    1.01212537138
  10526.1257580    1.01064629850
  10528.1016490    1.00943786845
  10530.0897330    1.00850359727
  10532.0900080    1.00721732933
  10534.1024750    1.00538672937
  10536.1271330    1.00312296459
  10538.1639840    1.00086019406
  10540.2130270    0.99963589760
  10542.2742610    0.99863085739
  10544.3476880    0.99777547710
  10546.4333060    0.99682381581
  10548.5311170    0.99516634619
  10550.6411190    0.99373144298
  10552.7633130    0.99323037927
  10554.8976990    0.99270549048
  10557.0442770    0.99150910987
  10559.2030470    0.99131060679
  10561.3740080    0.99144052167
  10563.5571620    0.99129735708
  10565.7525080    0.99083516093
  10567.9600450    0.99132070726
  10570.1797750    0.99177660687
  10572.4116960    0.99171708344
  10574.6558090    0.99103327357
  10576.9121140    0.99014252473
  10579.1806110    0.98897319490
  10581.4613000    0.98798248641
  10583.7541810    0.98737414516
  10586.0592540    0.98700537148
  10588.3765180    0.98686262972
  10590.7059750    0.98602800285
  10593.0476230    0.98519664787
  10595.4014640    0.98429177188
  10597.7674960    0.98325695199
  10600.1457200    0.98289164828
  10602.5361360    0.98303157661
  10604.9387440    0.98351701150
  10607.3535440    0.98356083289
  10609.7805360    0.98358396477
  10612.2197200    0.98338169300
  10614.6710960    0.98312955577
  10617.1346630    0.98377027964
  10619.6104230    0.98526264476
  10622.0983740    0.98679313685
  10624.5985170    0.98771210329
  10627.1108520    0.98814954977
  10629.6353800    0.98796112315
  10632.1720990    0.98798587295
  10634.7210090    0.98822573803
  10637.2821120    0.98765216750
  10639.8554070    0.98737712933
  10642.4408940    0.98824666348
  10645.0385720    0.98952042138
  10647.6484430    0.99046875781
  10650.2705050    0.99146539288
  10652.9047590    0.99284082891
  10655.5512050    0.99392300689
  10658.2098440    0.99396486083
  10660.8806740    0.99383784136
  10663.5636960    0.99335480638
  10666.2589090    0.99226730822
  10668.9663150    0.99113377967
  10671.6859130    0.99037617491
  10674.4177020    0.98960410488
  10677.1616840    0.98862177930
  10679.9178570    0.98816464643
  10682.6862220    0.98765189770
  10685.4667800    0.98726675105
  10688.2595290    0.98719680930
  10691.0644700    0.98712856441
  10693.8816020    0.98759807295
  10696.7109270    0.98836417441
  10699.5524440    0.98898775629
  10702.4061530    0.98952131454
  10705.2720530    0.99010480671
  10708.1501460    0.99038656471
  10711.0404300    0.99018950175
  10713.9429060    0.99070124501
  10716.8575740    0.99144715783
  10719.7844350    0.99202320316
  10722.7234870    0.99247620671
  10725.6747300    0.99308412837
  10728.6381660    0.99378769123
  10731.6137940    0.99435214914
  10734.6016140    0.99468694902
  10737.6016250    0.99510480196
  10740.6138290    0.99553533937
  10743.6382240    0.99602323360
  10746.6748110    0.99666373323
  10749.7235900    0.99747479992
  10752.7845610    0.99803142529
  10755.8577240    0.99897332525
  10758.9430790    1.00003443460
  10762.0406260    1.00141448000
  10765.1503650    1.00314843255
  10768.2722950    1.00458169624
  10771.4064180    1.00603763199
  10774.5527320    1.00768925043
  10777.7112390    1.00905793086
  10780.8819370    1.00982137019
  10784.0648270    1.01011989510
  10787.2599090    1.01022801795
  10790.4671830    1.00952799577
  10793.6866490    1.00944688342
  10796.9183070    1.00911471176
  10800.1621570    1.00879684590
  10803.4181980    1.00859811308
  10806.6864320    1.00870553594
  10809.9668570    1.00926609083
  10813.2594740    1.00946775520
  10816.5642840    1.00967599542
  10819.8812850    1.00968896035
  10823.2104780    1.00968277265
  10826.5518630    1.00997406647
  10829.9054400    1.01016988887
  10833.2712090    1.01093358517
  10836.6491690    1.01130523555
  10840.0393220    1.01129620744
  10843.4416660    1.01128109405
  10846.8562030    1.01079879110
  10850.2829310    1.01057833425
  10853.7218510    1.01056013421
  10857.1729640    1.01011552891
  10860.6362680    1.00963316690
  10864.1117640    1.00932886643
  10867.5994510    1.00896705426
  10871.0993310    1.00883134943
  10874.6114030    1.00891873103
  10878.1356660    1.00867186107
  10881.6721220    1.00844883891
  10885.2207690    1.00855367282
  10888.7816090    1.00866685046
  10892.3546400    1.00841406685
  10895.9398630    1.00833364520
  10899.5372780    1.00837060240
  10903.1468850    1.00772665229
  10906.7686840    1.00716249538
  10910.4026750    1.00685255205
  10914.0488570    1.00626939239
  10917.7072320    1.00575711716
  10921.3777990    1.00538548699
  10925.0605570    1.00499804614
  10928.7555070    1.00452230133
  10932.4626500    1.00447100063
  10936.1819840    1.00464345381
  10939.9135100    1.00475326544
  10943.6572280    1.00491591538
  10947.4131380    1.00527745520
  10951.1812390    1.00540012073
  10954.9615330    1.00516160641
  10958.7540190    1.00575586732
  10962.5586960    1.00573138063
  10966.3755650    1.00503332432
  10970.2046270    1.00536785690
  10974.0458800    1.00553431041
  10977.8993250    1.00546771730
  10981.7649620    1.00535112940
  10985.6427910    1.00484666580
  10989.5328120    1.00398073879
  10993.4350250    1.00372296433
  10997.3494290    1.00366209433
  11001.2760260    1.00293269028
  11005.2148140    1.00225466277
  11009.1657950    1.00182979916
  11013.1289670    1.00163754957
  11017.1043310    1.00132050376
  11021.0918880    1.00106821502
  11025.0916360    1.00110784772
  11029.1035750    1.00125734462
  11033.1277070    1.00077929523
  11037.1640310    1.00042258107
  11041.2125470    1.00036808630
  11045.2732540    1.00011910125
  11049.3461540    0.99987974183
  11053.4312450    0.99953238121
  11057.5285290    0.99910308830
  11061.6380040    0.99898891477
  11065.7596710    0.99866166533
  11069.8935300    0.99825639083
  11074.0395810    0.99794891967
  11078.1978240    0.99748549457
  11082.3682580    0.99716073808
  11086.5508850    0.99639145191
  11090.7457040    0.99542630421
  11094.9527140    0.99480555835
  11099.1719160    0.99459563251
  11103.4033110    0.99429812053
  11107.6468970    0.99415515321
  11111.9026750    0.99425714096
  11116.1706450    0.99413880675
  11120.4508070    0.99406557386
  11124.7431610    0.99368851509
  11129.0477070    0.99326786168
  11133.3644440    0.99268590921
  11137.6933740    0.99191772831
  11142.0344950    0.99132730293
  11146.3878090    0.99115676099
  11150.7533140    0.99111433283
  11155.1310110    0.99133825627
  11159.5209000    0.99128392731
  11163.9229810    0.99284572573
  11168.3372540    0.99292287553
  11172.7637190    0.99255483576
  11177.2023760    0.99390345460
  11181.6532240    0.99372618692
  11186.1162650    0.99339389659
  11190.5914970    0.99305223883
  11195.0789220    0.99292279379
  11199.5785380    0.99312322115
  11204.0903460    0.99309150495
  11208.6143460    0.99313967106
  11213.1505380    0.99318145078
  11217.6989220    0.99303368001
  11222.2594980    0.99329976973
  11226.8322660    0.99371833928
  11231.4172260    0.99473449357
  11236.0143770    0.99542270592
  11240.6237210    0.99582879879
  11245.2452560    0.99623261639
  11249.8789830    0.99656243354
  11254.5249020    0.99738592267
  11259.1830130    0.99786921627
  11263.8533160    0.99891910888
  11268.5358110    0.99996849374
  11273.2304980    1.00102924495
  11277.9373770    1.00249058399
  11282.6564480    1.00403186884
  11287.3877100    1.00562760882
  11292.1311650    1.00676129651
  11296.8868110    1.00832865200
  11301.6546490    1.01006659786
  11306.4346790    1.01207746881
  11311.2269010    1.01410432118
  11316.0313150    1.01551407270
  11320.8479210    1.01804346029
  11325.6767190    1.02048452494
