#---------------------------------
#  energy flat
  10182.0000000    0.00280791614
  10187.0000000    0.00220670429
  10192.0000000    0.00207611073
  10197.0000000    0.00196928400
  10202.0000000    0.00149398394
  10207.0000000    0.00118321680
  10212.0000000    0.00099967212
  10217.0000000    0.00069921559
  10222.0000000    0.00010892600
  10227.0000000   -0.00001284238
  10232.0000000   -0.00035925978
  10237.0000000   -0.00044494102
  10242.0000000   -0.00013715880
  10247.0000000    0.00015157500
  10252.0000000    0.00060108446
  10257.0000000    0.00067451869
  10262.0000000    0.00072514725
  10267.0000000   -0.00005719935
  10272.0000000   -0.00030785038
  10277.0000000   -0.00081259685
  10282.0000000   -0.00088962765
  10287.0000000   -0.00077661115
  10292.0000000   -0.00071488558
  10297.0000000   -0.00047857862
  10302.0000000   -0.00023641733
  10307.0000000   -0.00011946882
  10312.0000000    0.00062153388
  10317.0000000    0.00176543686
  10322.0000000    0.00335951167
  10327.0000000    0.00523529337
  10332.0000000    0.00701810482
  10337.0000000    0.00893198336
  10341.0000000    0.01087575536
  10344.0000000    0.01284400335
  10346.0000000    0.01423294488
  10347.0000000    0.01506127885
  10347.2000000    0.01618492387
  10347.4000000    0.01712210408
  10347.6000000    0.01778046087
  10347.8000000    0.01789777264
  10348.0000000    0.01831234461
  10348.2000000    0.01926542763
  10348.4000000    0.01948663192
  10348.6000000    0.01990111651
  10348.8000000    0.02012494215
  10349.0000000    0.02000004191
  10349.2000000    0.02027175073
  10349.4000000    0.02058277968
  10349.6000000    0.02083360514
  10349.8000000    0.02150375797
  10350.0000000    0.02182806839
  10350.2000000    0.02207994239
  10350.4000000    0.02238319469
  10350.6000000    0.02250802098
  10350.8000000    0.02293587441
  10351.0000000    0.02332379607
  10351.2000000    0.02349668029
  10351.4000000    0.02373841843
  10351.6000000    0.02418750474
  10351.8000000    0.02465074629
  10352.0000000    0.02508025991
  10352.2000000    0.02530688165
  10352.4000000    0.02594924825
  10352.6000000    0.02616704480
  10352.8000000    0.02640476355
  10353.0000000    0.02703210112
  10353.2000000    0.02789658278
  10353.4000000    0.02860116256
  10353.6000000    0.02878863892
  10353.8000000    0.02892054283
  10354.0000000    0.02942852196
  10354.2000000    0.02985069582
  10354.4000000    0.03018654014
  10354.6000000    0.03086647931
  10354.8000000    0.03105395567
  10355.0000000    0.03142964440
  10355.2000000    0.03211867089
  10355.4000000    0.03264010624
  10355.6000000    0.03318513367
  10355.8000000    0.03357917179
  10356.0000000    0.03397286040
  10356.2000000    0.03473808056
  10356.4000000    0.03570357127
  10356.6000000    0.03675539151
  10356.8000000    0.03747430130
  10357.0000000    0.03840588932
  10357.2000000    0.03879066536
  10357.4000000    0.03965112763
  10357.6000000    0.04041372645
  10357.8000000    0.04132154763
  10358.0000000    0.04216890319
  10358.2000000    0.04278627966
  10358.4000000    0.04404920532
  10358.6000000    0.04533956769
  10358.8000000    0.04689520989
  10359.0000000    0.04802567040
  10359.2000000    0.04916032505
  10359.4000000    0.05013769918
  10359.6000000    0.05089138544
  10359.8000000    0.05202324399
  10360.0000000    0.05298873470
  10360.2000000    0.05444354261
  10360.4000000    0.05554848871
  10360.6000000    0.05719517886
  10360.8000000    0.05902711053
  10361.0000000    0.06034630766
  10361.2000000    0.06206499735
  10361.4000000    0.06355615453
  10361.6000000    0.06495871035
  10361.8000000    0.06664227404
  10362.0000000    0.06853047718
  10362.2000000    0.07040085520
  10362.4000000    0.07274656992
  10362.6000000    0.07488222775
  10362.8000000    0.07699761388
  10363.0000000    0.07896201069
  10363.2000000    0.08144578277
  10363.4000000    0.08398407875
  10363.6000000    0.08656099585
  10363.8000000    0.08955051220
  10364.0000000    0.09259542625
  10364.2000000    0.09613035651
  10364.4000000    0.10004835225
  10364.6000000    0.10394415395
  10364.8000000    0.10816430306
  10365.0000000    0.11294105047
  10365.2000000    0.11817967838
  10365.4000000    0.12319234659
  10365.6000000    0.12882452532
  10365.8000000    0.13471604217
  10366.0000000    0.14124786553
  10366.2000000    0.14825205474
  10366.4000000    0.15616777198
  10366.6000000    0.16486569773
  10366.8000000    0.17523673878
  10367.0000000    0.18648173529
  10367.2000000    0.19917039230
  10367.4000000    0.21360416415
  10367.6000000    0.22983547768
  10367.8000000    0.24758017941
  10368.0000000    0.26771012772
  10368.2000000    0.29002347928
  10368.4000000    0.31536780137
  10368.6000000    0.34314472896
  10368.8000000    0.37318142824
  10369.0000000    0.40529702658
  10369.2000000    0.44081128238
  10369.4000000    0.48004959158
  10369.6000000    0.52138689680
  10369.8000000    0.56536039843
  10370.0000000    0.61312733165
  10370.2000000    0.66548895336
  10370.4000000    0.72255955409
  10370.6000000    0.78477584943
  10370.8000000    0.85004198898
  10371.0000000    0.92382137400
  10371.2000000    0.99975938058
  10371.4000000    1.06384836116
  10371.6000000    1.11354124459
  10371.8000000    1.18368440538
  10372.0000000    1.24925853045
  10372.2000000    1.31023705653
  10372.4000000    1.36576070735
  10372.6000000    1.41493036209
  10372.8000000    1.45624975838
  10373.0000000    1.49144199148
  10373.2000000    1.51977570638
  10373.4000000    1.54373750814
  10373.6000000    1.56415608979
  10373.8000000    1.58086508325
  10374.0000000    1.59500319910
  10374.2000000    1.60716216135
  10374.4000000    1.61712597107
  10374.6000000    1.62607493084
  10374.8000000    1.63404294295
  10375.0000000    1.64173252681
  10375.2000000    1.64943867040
  10375.4000000    1.65704917988
  10375.6000000    1.66462487015
  10375.8000000    1.67128252317
  10376.0000000    1.67692777032
  10376.2000000    1.68103529430
  10376.4000000    1.68352470689
  10376.6000000    1.68371585687
  10376.8000000    1.68066750723
  10377.0000000    1.67501122639
  10377.2000000    1.66717936061
  10377.4000000    1.65631071129
  10377.6000000    1.64298791512
  10377.8000000    1.62707815707
  10378.0000000    1.60958523591
  10378.2000000    1.59055773366
  10378.4000000    1.57028155088
  10378.6000000    1.54858997004
  10378.8000000    1.52682337017
  10379.0000000    1.50545778680
  10379.2000000    1.48463966518
  10379.4000000    1.46456857645
  10379.6000000    1.44496036673
  10379.8000000    1.42577868652
  10380.0000000    1.40721366998
  10380.2000000    1.39007129227
  10380.4000000    1.37400169103
  10380.6000000    1.35807708571
  10380.8000000    1.34403070724
  10381.0000000    1.33077172756
  10381.2000000    1.31788020723
  10381.4000000    1.30541643675
  10381.6000000    1.29340593020
  10381.8000000    1.28202711323
  10382.0000000    1.27182924407
  10382.2000000    1.26280742916
  10382.4000000    1.25395786890
  10382.6000000    1.24547454215
  10382.8000000    1.23756837938
  10383.0000000    1.22913981441
  10383.2000000    1.22096336623
  10383.4000000    1.21276798768
  10383.6000000    1.20472022105
  10383.8000000    1.19688227914
  10384.0000000    1.18952730540
  10384.2000000    1.18190262479
  10384.4000000    1.17445264191
  10384.6000000    1.16721318135
  10384.8000000    1.15973634277
  10385.0000000    1.15321763250
  10385.2000000    1.14682556065
  10385.4000000    1.14022389589
  10385.6000000    1.13439424322
  10385.8000000    1.12850249115
  10386.0000000    1.12265454148
  10386.2000000    1.11805219206
  10386.4000000    1.11349207160
  10386.6000000    1.10849499844
  10386.8000000    1.10431222620
  10387.0000000    1.10060874701
  10387.2000000    1.09705497043
  10387.4000000    1.09413829095
  10387.6000000    1.09225313288
  10387.8000000    1.09021936763
  10388.0000000    1.08846112803
  10388.2000000    1.08646375679
  10388.4000000    1.08394170222
  10388.6000000    1.08156462926
  10388.8000000    1.07999661108
  10389.0000000    1.07830497371
  10389.2000000    1.07669610380
  10389.4000000    1.07505833195
  10389.6000000    1.07382382965
  10389.8000000    1.07302737297
  10390.0000000    1.07273711653
  10390.2000000    1.07226766641
  10390.4000000    1.07177979782
  10390.6000000    1.07095091067
  10390.8000000    1.06974797564
  10391.0000000    1.06807942017
  10391.2000000    1.06690972307
  10391.4000000    1.06584603220
  10391.6000000    1.06477632847
  10391.8000000    1.06367859235
  10392.0000000    1.06289464640
  10392.2000000    1.06182402823
  10392.4000000    1.06130976106
  10392.6000000    1.06121396207
  10392.8000000    1.06148665057
  10393.0000000    1.06151111175
  10393.2000000    1.06169592518
  10393.4000000    1.06185724700
  10393.6000000    1.06057937741
  10393.8000000    1.05877698971
  10394.0000000    1.05677460568
  10394.2000000    1.05468127283
  10394.4000000    1.05345343112
  10394.6000000    1.05323140941
  10394.8000000    1.05374241311
  10395.0000000    1.05416403929
  10395.2000000    1.05404314508
  10395.4000000    1.05354085522
  10395.6000000    1.05197684377
  10395.8000000    1.04927177095
  10396.0000000    1.04630343671
  10396.2000000    1.04363088545
  10396.4000000    1.04049864609
  10396.6000000    1.03660508918
  10396.8000000    1.03236176504
  10397.0000000    1.02846996978
  10397.2278600    1.02392720377
  10397.4835810    1.01884447050
  10397.7671620    1.01308954308
  10398.0786040    1.00527266995
  10398.4179050    0.99483492235
  10398.7850670    0.98568083359
  10399.1800900    0.97474411900
  10399.6029730    0.96226263487
  10400.0537160    0.94956351474
  10400.5323190    0.93812997361
  10401.0387830    0.92711347686
  10401.5731070    0.91749154513
  10402.1352920    0.90788635458
  10402.7253370    0.89970921737
  10403.3432420    0.89484785131
  10403.9890080    0.89093677982
  10404.6626340    0.88895975443
  10405.3641200    0.88935513271
  10406.0934670    0.89069524541
  10406.8506740    0.89357927100
  10407.6357410    0.89888584161
  10408.4486690    0.90525026340
  10409.2894570    0.91064117230
  10410.1581060    0.91840726236
  10411.0546140    0.92599905930
  10411.9789830    0.93788128607
  10412.9312130    0.95222921537
  10413.9113030    0.96601319634
  10414.9192530    0.97675617292
  10415.9550640    0.99412351010
  10417.0187340    1.01077664901
  10418.1102660    1.02600780856
  10419.2327230    1.03959328908
  10420.3673730    1.05182673120
  10421.5142140    1.06137930307
  10422.6732480    1.06845460159
  10423.8444730    1.07434321614
  10425.0278900    1.07865090612
  10426.2234990    1.08215901797
  10427.4313000    1.08487944725
  10428.6512930    1.08704236014
  10429.8834780    1.08842268309
  10431.1278550    1.08947951284
  10432.3844230    1.09077575322
  10433.6531840    1.09189479381
  10434.9341360    1.09133444660
  10436.2272800    1.08929621496
  10437.5326170    1.08734714625
  10438.8501450    1.08491021000
  10440.1798650    1.08141203916
  10441.5217770    1.07772694775
  10442.8758810    1.07319191901
  10444.2421770    1.06858130469
  10445.6206640    1.06363559991
  10447.0113440    1.05854930939
  10448.4142150    1.05347657553
  10449.8292790    1.04760792652
  10451.2565340    1.04174864320
  10452.6959810    1.03616767272
  10454.1476200    1.03037796743
  10455.6114520    1.02501895425
  10457.0874750    1.02042231788
  10458.5756890    1.01639057593
  10460.0760960    1.01254134851
  10461.5886950    1.00912889550
  10463.1134850    1.00638597936
  10464.6504680    1.00282977413
  10466.1996420    0.99925173454
  10467.7610090    0.99634089895
  10469.3345670    0.99400672270
  10470.9203170    0.99216739105
  10472.5182590    0.99008784966
  10474.1283930    0.98838565380
  10475.7507190    0.98720284422
  10477.3852370    0.98529564233
  10479.0319460    0.98333140097
  10480.6908480    0.98181668939
  10482.3619420    0.98074377063
  10484.0452270    0.98042365946
  10485.7407040    0.98080544400
  10487.4483740    0.98138139591
  10489.1682350    0.98198805748
  10490.9002880    0.98249044737
  10492.6445330    0.98378376969
  10494.4009700    0.98569354158
  10496.1695980    0.98856814812
  10497.9504190    0.99201936855
  10499.7434320    0.99561546769
  10501.5486360    0.99978328279
  10503.3660320    1.00375553501
  10505.1956210    1.00661884467
  10507.0374010    1.00922049962
  10508.8913730    1.01076070213
  10510.7575370    1.01226620192
  10512.6358930    1.01259117559
  10514.5264410    1.01253413124
  10516.4291810    1.01297885272
  10518.3441120    1.01283839503
  10520.2712360    1.01284344243
  10522.2105520    1.01299157555
  10524.1620590    1.01219897854
  10526.1257580    1.01083632256
  10528.1016490    1.00885835484
  10530.0897330    1.00670249200
  10532.0900080    1.00488391499
  10534.1024750    1.00362612699
  10536.1271330    1.00272202844
  10538.1639840    1.00109737022
  10540.2130270    0.99949361679
  10542.2742610    0.99766066007
  10544.3476880    0.99655717012
  10546.4333060    0.99633566541
  10548.5311170    0.99585336057
  10550.6411190    0.99413436059
  10552.7633130    0.99270841367
  10554.8976990    0.99182360114
  10557.0442770    0.99079200357
  10559.2030470    0.99021626868
  10561.3740080    0.99012671226
  10563.5571620    0.98989236242
  10565.7525080    0.98926793036
  10567.9600450    0.98887683290
  10570.1797750    0.98826195946
  10572.4116960    0.98744188249
  10574.6558090    0.98725546959
  10576.9121140    0.98746438490
  10579.1806110    0.98721863900
  10581.4613000    0.98731129216
  10583.7541810    0.98745086061
  10586.0592540    0.98660838211
  10588.3765180    0.98537872183
  10590.7059750    0.98431758914
  10593.0476230    0.98374686593
  10595.4014640    0.98275778962
  10597.7674960    0.98235692133
  10600.1457200    0.98201662708
  10602.5361360    0.98183926210
  10604.9387440    0.98160754485
  10607.3535440    0.98170272550
  10609.7805360    0.98236431922
  10612.2197200    0.98309768282
  10614.6710960    0.98339208734
  10617.1346630    0.98357195651
  10619.6104230    0.98461284474
  10622.0983740    0.98574536182
  10624.5985170    0.98705256750
  10627.1108520    0.98820561399
  10629.6353800    0.98811370797
  10632.1720990    0.98791139508
  10634.7210090    0.98865893984
  10637.2821120    0.98897665216
  10639.8554070    0.98881210886
  10642.4408940    0.98921925915
  10645.0385720    0.99041601147
  10647.6484430    0.99124720496
  10650.2705050    0.99218133307
  10652.9047590    0.99370854861
  10655.5512050    0.99403388573
  10658.2098440    0.99429180732
  10660.8806740    0.99402526588
  10663.5636960    0.99264840881
  10666.2589090    0.99099841592
  10668.9663150    0.98970327419
  10671.6859130    0.98874052214
  10674.4177020    0.98840976627
  10677.1616840    0.98803389084
  10679.9178570    0.98756419826
  10682.6862220    0.98729817302
  10685.4667800    0.98742127323
  10688.2595290    0.98809081556
  10691.0644700    0.98865114163
  10693.8816020    0.98922058147
  10696.7109270    0.98981889348
  10699.5524440    0.99001775567
  10702.4061530    0.99015147385
  10705.2720530    0.99030479539
  10708.1501460    0.99067849649
  10711.0404300    0.99096777930
  10713.9429060    0.99163955999
  10716.8575740    0.99251677215
  10719.7844350    0.99315636270
  10722.7234870    0.99398171474
  10725.6747300    0.99421999748
  10728.6381660    0.99466698326
  10731.6137940    0.99551413329
  10734.6016140    0.99656669024
  10737.6016250    0.99718566115
  10740.6138290    0.99767607755
  10743.6382240    0.99802910531
  10746.6748110    0.99862840476
  10749.7235900    0.99914812087
  10752.7845610    0.99933264499
  10755.8577240    1.00017551957
  10758.9430790    1.00094893363
  10762.0406260    1.00207147113
  10765.1503650    1.00310680352
  10768.2722950    1.00434243805
  10771.4064180    1.00588587617
  10774.5527320    1.00756395858
  10777.7112390    1.00895571483
  10780.8819370    1.01018960566
  10784.0648270    1.01175618050
  10787.2599090    1.01180809739
  10790.4671830    1.01038537699
  10793.6866490    1.00928223817
  10796.9183070    1.00891756547
  10800.1621570    1.00871972223
  10803.4181980    1.00849104707
  10806.6864320    1.00862769551
  10809.9668570    1.00861988668
  10813.2594740    1.00829161949
  10816.5642840    1.00854024275
  10819.8812850    1.00862529033
  10823.2104780    1.00877828599
  10826.5518630    1.00893122036
  10829.9054400    1.00872074476
  10833.2712090    1.00895856935
  10836.6491690    1.00916460675
  10840.0393220    1.00925895848
  10843.4416660    1.00937073620
  10846.8562030    1.00905375183
  10850.2829310    1.00897955995
  10853.7218510    1.00886694309
  10857.1729640    1.00885829326
  10860.6362680    1.00911627690
  10864.1117640    1.00895739040
  10867.5994510    1.00883264976
  10871.0993310    1.00873206399
  10874.6114030    1.00877846080
  10878.1356660    1.00848302362
  10881.6721220    1.00828034802
  10885.2207690    1.00861656924
  10888.7816090    1.00877534496
  10892.3546400    1.00829093973
  10895.9398630    1.00806421301
  10899.5372780    1.00787444404
  10903.1468850    1.00753761581
  10906.7686840    1.00718252956
  10910.4026750    1.00674820687
  10914.0488570    1.00659239138
  10917.7072320    1.00638743706
  10921.3777990    1.00598186067
  10925.0605570    1.00561004751
  10928.7555070    1.00553295147
  10932.4626500    1.00552990614
  10936.1819840    1.00551307014
  10939.9135100    1.00550924830
  10943.6572280    1.00583709779
  10947.4131380    1.00607187244
  10951.1812390    1.00595660248
  10954.9615330    1.00528710252
  10958.7540190    1.00522194818
  10962.5586960    1.00558109433
  10966.3755650    1.00580703236
  10970.2046270    1.00637577353
  10974.0458800    1.00639290646
  10977.8993250    1.00631070085
  10981.7649620    1.00643045134
  10985.6427910    1.00614788033
  10989.5328120    1.00499573329
  10993.4350250    1.00474190172
  10997.3494290    1.00454937843
  11001.2760260    1.00379017778
  11005.2148140    1.00310751040
  11009.1657950    1.00270596249
  11013.1289670    1.00249165775
  11017.1043310    1.00198592246
  11021.0918880    1.00156011537
  11025.0916360    1.00134724980
  11029.1035750    1.00138284313
  11033.1277070    1.00102332903
  11037.1640310    1.00059925547
  11041.2125470    1.00006511605
  11045.2732540    0.99949600924
  11049.3461540    0.99925260481
  11053.4312450    0.99888228498
  11057.5285290    0.99850425400
  11061.6380040    0.99836496737
  11065.7596710    0.99779622929
  11069.8935300    0.99708508803
  11074.0395810    0.99642844422
  11078.1978240    0.99581596529
  11082.3682580    0.99533311392
  11086.5508850    0.99473613783
  11090.7457040    0.99418570297
  11094.9527140    0.99371108881
  11099.1719160    0.99311651765
  11103.4033110    0.99278713275
  11107.6468970    0.99284667756
  11111.9026750    0.99287613287
  11116.1706450    0.99321320829
  11120.4508070    0.99344804129
  11124.7431610    0.99344307464
  11129.0477070    0.99300416623
  11133.3644440    0.99278093456
  11137.6933740    0.99231193286
  11142.0344950    0.99181381111
  11146.3878090    0.99189156234
  11150.7533140    0.99171267999
  11155.1310110    0.99183889957
  11159.5209000    0.99177402586
  11163.9229810    0.99357124892
  11168.3372540    0.99348154867
  11172.7637190    0.99289587723
  11177.2023760    0.99381128611
  11181.6532240    0.99381018441
  11186.1162650    0.99387822610
  11190.5914970    0.99405358965
  11195.0789220    0.99436261455
  11199.5785380    0.99453740527
  11204.0903460    0.99418988123
  11208.6143460    0.99409274505
  11213.1505380    0.99392967170
  11217.6989220    0.99399778382
  11222.2594980    0.99397212675
  11226.8322660    0.99393428421
  11231.4172260    0.99435280657
  11236.0143770    0.99490465761
  11240.6237210    0.99552304879
  11245.2452560    0.99609686780
  11249.8789830    0.99699878449
  11254.5249020    0.99763443122
  11259.1830130    0.99783136441
  11263.8533160    0.99854018730
  11268.5358110    0.99929918918
  11273.2304980    1.00002804306
  11277.9373770    1.00123856304
  11282.6564480    1.00274081094
  11287.3877100    1.00468534400
  11292.1311650    1.00655102424
  11296.8868110    1.00849064936
  11301.6546490    1.01031631222
  11306.4346790    1.01252662312
  11311.2269010    1.01464477877
  11316.0313150    1.01583685071
  11320.8479210    1.01849638481
  11325.6767190    1.02091862454
