#---------------------------------
#  energy flat
  10182.0000000    0.00241114391
  10187.0000000    0.00199935039
  10192.0000000    0.00173740112
  10197.0000000    0.00151957882
  10202.0000000    0.00096697087
  10207.0000000    0.00060671560
  10212.0000000    0.00017362528
  10217.0000000   -0.00012904347
  10222.0000000   -0.00041220434
  10227.0000000   -0.00026355138
  10232.0000000   -0.00061222120
  10237.0000000   -0.00038971094
  10242.0000000    0.00013410639
  10247.0000000    0.00026120699
  10252.0000000    0.00063978017
  10257.0000000    0.00080461870
  10262.0000000    0.00057342201
  10267.0000000    0.00052333327
  10272.0000000    0.00019630100
  10277.0000000    0.00013999360
  10282.0000000    0.00006690432
  10287.0000000   -0.00011207263
  10292.0000000   -0.00037385152
  10297.0000000   -0.00041431411
  10302.0000000   -0.00035459656
  10307.0000000   -0.00060887898
  10312.0000000   -0.00025671383
  10317.0000000    0.00058749250
  10322.0000000    0.00165557075
  10327.0000000    0.00337839771
  10332.0000000    0.00440916398
  10337.0000000    0.00582344295
  10341.0000000    0.00753875614
  10344.0000000    0.00965800965
  10346.0000000    0.01130556441
  10347.0000000    0.01266005796
  10347.2000000    0.01364017406
  10347.4000000    0.01405226201
  10347.6000000    0.01414702769
  10347.8000000    0.01421725947
  10348.0000000    0.01432531436
  10348.2000000    0.01425967257
  10348.4000000    0.01490806977
  10348.6000000    0.01521145888
  10348.8000000    0.01574553487
  10349.0000000    0.01574199455
  10349.2000000    0.01588736142
  10349.4000000    0.01576949989
  10349.6000000    0.01599375010
  10349.8000000    0.01636648157
  10350.0000000    0.01667634490
  10350.2000000    0.01705998033
  10350.4000000    0.01718456153
  10350.6000000    0.01726458983
  10350.8000000    0.01742920901
  10351.0000000    0.01746911414
  10351.2000000    0.01808309572
  10351.4000000    0.01834857653
  10351.6000000    0.01881671764
  10351.8000000    0.01927506223
  10352.0000000    0.01970699880
  10352.2000000    0.02037217788
  10352.4000000    0.02089287949
  10352.6000000    0.02157765161
  10352.8000000    0.02187558874
  10353.0000000    0.02200928497
  10353.2000000    0.02198538490
  10353.4000000    0.02241485104
  10353.6000000    0.02309749349
  10353.8000000    0.02397478865
  10354.0000000    0.02489595522
  10354.2000000    0.02526732370
  10354.4000000    0.02579202911
  10354.6000000    0.02574742856
  10354.8000000    0.02617834287
  10355.0000000    0.02633248403
  10355.2000000    0.02684432617
  10355.4000000    0.02749868647
  10355.6000000    0.02814870223
  10355.8000000    0.02904269409
  10356.0000000    0.02977091168
  10356.2000000    0.03030626549
  10356.4000000    0.03079604415
  10356.6000000    0.03165178696
  10356.8000000    0.03266964098
  10357.0000000    0.03343678912
  10357.2000000    0.03443683902
  10357.4000000    0.03471399047
  10357.6000000    0.03531187167
  10357.8000000    0.03581613215
  10358.0000000    0.03679641863
  10358.2000000    0.03772056675
  10358.4000000    0.03881432255
  10358.6000000    0.03990688574
  10358.8000000    0.04069635291
  10359.0000000    0.04202198824
  10359.2000000    0.04310058072
  10359.4000000    0.04398613905
  10359.6000000    0.04520222365
  10359.8000000    0.04598368323
  10360.0000000    0.04708527626
  10360.2000000    0.04794664142
  10360.4000000    0.04910633211
  10360.6000000    0.05016890940
  10360.8000000    0.05166423760
  10361.0000000    0.05345363196
  10361.2000000    0.05485798024
  10361.4000000    0.05657649886
  10361.6000000    0.05845789538
  10361.8000000    0.06037064078
  10362.0000000    0.06220910295
  10362.2000000    0.06394585163
  10362.4000000    0.06560627259
  10362.6000000    0.06772346724
  10362.8000000    0.07017221041
  10363.0000000    0.07264974685
  10363.2000000    0.07501159909
  10363.4000000    0.07682075687
  10363.6000000    0.07930442679
  10363.8000000    0.08149317867
  10364.0000000    0.08428369283
  10364.2000000    0.08728240447
  10364.4000000    0.09032013183
  10364.6000000    0.09384427803
  10364.8000000    0.09733162336
  10365.0000000    0.10131015800
  10365.2000000    0.10564153796
  10365.4000000    0.11031485928
  10365.6000000    0.11501339601
  10365.8000000    0.12045800211
  10366.0000000    0.12619428912
  10366.2000000    0.13211049148
  10366.4000000    0.13854020218
  10366.6000000    0.14545241310
  10366.8000000    0.15323728154
  10367.0000000    0.16171966266
  10367.2000000    0.17130726231
  10367.4000000    0.18182340228
  10367.6000000    0.19343096047
  10367.8000000    0.20669217229
  10368.0000000    0.22171931446
  10368.2000000    0.23851255735
  10368.4000000    0.25729713588
  10368.6000000    0.27782566647
  10368.8000000    0.30101476321
  10369.0000000    0.32661431655
  10369.2000000    0.35552236978
  10369.4000000    0.38705946991
  10369.6000000    0.42281316533
  10369.8000000    0.46166920766
  10370.0000000    0.50460094567
  10370.2000000    0.55163495777
  10370.4000000    0.60313414136
  10370.6000000    0.66004100745
  10370.8000000    0.72154269994
  10371.0000000    0.78801591655
  10371.2000000    0.86136527236
  10371.4000000    0.94245524693
  10371.6000000    1.02087629793
  10371.8000000    1.07402044680
  10372.0000000    1.14672528640
  10372.2000000    1.22305331638
  10372.4000000    1.29477272825
  10372.6000000    1.36185285421
  10372.8000000    1.42345357784
  10373.0000000    1.47657102825
  10373.2000000    1.52304541858
  10373.4000000    1.56340082014
  10373.6000000    1.59896547096
  10373.8000000    1.62945348256
  10374.0000000    1.65524751534
  10374.2000000    1.67694047172
  10374.4000000    1.69545475822
  10374.6000000    1.71137441767
  10374.8000000    1.72488277259
  10375.0000000    1.73747434657
  10375.2000000    1.74895968286
  10375.4000000    1.75936127053
  10375.6000000    1.76957664141
  10375.8000000    1.77891407506
  10376.0000000    1.78736130423
  10376.2000000    1.79407667912
  10376.4000000    1.79913516411
  10376.6000000    1.80220248417
  10376.8000000    1.80245573085
  10377.0000000    1.79940524771
  10377.2000000    1.79350934151
  10377.4000000    1.78342205428
  10377.6000000    1.76883637102
  10377.8000000    1.75110472319
  10378.0000000    1.73010818886
  10378.2000000    1.70658687411
  10378.4000000    1.68059120935
  10378.6000000    1.65318330802
  10378.8000000    1.62530772510
  10379.0000000    1.59727488243
  10379.2000000    1.56911374334
  10379.4000000    1.54135860129
  10379.6000000    1.51469061265
  10379.8000000    1.48926038814
  10380.0000000    1.46546694400
  10380.2000000    1.44284788390
  10380.4000000    1.42154478843
  10380.6000000    1.40165817819
  10380.8000000    1.38312365123
  10381.0000000    1.36610612961
  10381.2000000    1.34991031509
  10381.4000000    1.33409221170
  10381.6000000    1.32004599250
  10381.8000000    1.30617235298
  10382.0000000    1.29264132625
  10382.2000000    1.27971273286
  10382.4000000    1.26711738104
  10382.6000000    1.25459527901
  10382.8000000    1.24219481278
  10383.0000000    1.22966263515
  10383.2000000    1.21728667860
  10383.4000000    1.20514599629
  10383.6000000    1.19330890805
  10383.8000000    1.18167506295
  10384.0000000    1.17028194302
  10384.2000000    1.15911370300
  10384.4000000    1.14840665183
  10384.6000000    1.13829453298
  10384.8000000    1.12884719957
  10385.0000000    1.11980960063
  10385.2000000    1.11084490586
  10385.4000000    1.10248791999
  10385.6000000    1.09468429312
  10385.8000000    1.08745685506
  10386.0000000    1.07982936035
  10386.2000000    1.07311914315
  10386.4000000    1.06714986571
  10386.6000000    1.06147105778
  10386.8000000    1.05644800152
  10387.0000000    1.05237254800
  10387.2000000    1.04884806525
  10387.4000000    1.04555305638
  10387.6000000    1.04345405486
  10387.8000000    1.04170907023
  10388.0000000    1.03982418676
  10388.2000000    1.03823948105
  10388.4000000    1.03715020182
  10388.6000000    1.03618987329
  10388.8000000    1.03535236171
  10389.0000000    1.03460716971
  10389.2000000    1.03410456700
  10389.4000000    1.03402191302
  10389.6000000    1.03392321933
  10389.8000000    1.03374408401
  10390.0000000    1.03373257174
  10390.2000000    1.03370638173
  10390.4000000    1.03394952748
  10390.6000000    1.03386212058
  10390.8000000    1.03381233955
  10391.0000000    1.03348601382
  10391.2000000    1.03331947169
  10391.4000000    1.03317624292
  10391.6000000    1.03332483711
  10391.8000000    1.03387821216
  10392.0000000    1.03448352231
  10392.2000000    1.03469114929
  10392.4000000    1.03528924444
  10392.6000000    1.03585596051
  10392.8000000    1.03650544803
  10393.0000000    1.03742102929
  10393.2000000    1.03847816037
  10393.4000000    1.03997482554
  10393.6000000    1.04130789936
  10393.8000000    1.04253513818
  10394.0000000    1.04378091494
  10394.2000000    1.04515460971
  10394.4000000    1.04647715857
  10394.6000000    1.04793767668
  10394.8000000    1.04938930095
  10395.0000000    1.05049877881
  10395.2000000    1.05128468064
  10395.4000000    1.05224211403
  10395.6000000    1.05277323488
  10395.8000000    1.05301485342
  10396.0000000    1.05300734807
  10396.2000000    1.05258409229
  10396.4000000    1.05144096744
  10396.6000000    1.04987834320
  10396.8000000    1.04747334995
  10397.0000000    1.04394946978
  10397.2278600    1.03950136499
  10397.4835810    1.03379430131
  10397.7671620    1.02686243703
  10398.0786040    1.01850688006
  10398.4179050    1.00880920845
  10398.7850670    0.99733870177
  10399.1800900    0.98034424448
  10399.6029730    0.96419072763
  10400.0537160    0.94892916238
  10400.5323190    0.93272692640
  10401.0387830    0.91742366963
  10401.5731070    0.90228744131
  10402.1352920    0.88907871756
  10402.7253370    0.87796074411
  10403.3432420    0.86909678866
  10403.9890080    0.86397940167
  10404.6626340    0.86184898291
  10405.3641200    0.86090956619
  10406.0934670    0.86343800512
  10406.8506740    0.86774367283
  10407.6357410    0.87320983186
  10408.4486690    0.87978881502
  10409.2894570    0.88780916752
  10410.1581060    0.89747950756
  10411.0546140    0.90939028978
  10411.9789830    0.92647684243
  10412.9312130    0.94623753105
  10413.9113030    0.96032894615
  10414.9192530    0.98182221985
  10415.9550640    1.00503709695
  10417.0187340    1.02751870390
  10418.1102660    1.04783748655
  10419.2327230    1.06501918850
  10420.3673730    1.07828690882
  10421.5142140    1.08947766832
  10422.6732480    1.09775564688
  10423.8444730    1.10274095510
  10425.0278900    1.10512552306
  10426.2234990    1.10693207732
  10427.4313000    1.10777902172
  10428.6512930    1.10724250720
  10429.8834780    1.10674009117
  10431.1278550    1.10716117023
  10432.3844230    1.10771934061
  10433.6531840    1.10798751183
  10434.9341360    1.10747045114
  10436.2272800    1.10611435962
  10437.5326170    1.10294303058
  10438.8501450    1.09817373526
  10440.1798650    1.09184569694
  10441.5217770    1.08494388804
  10442.8758810    1.07783839891
  10444.2421770    1.07056044424
  10445.6206640    1.06271649597
  10447.0113440    1.05559359192
  10448.4142150    1.04880825522
  10449.8292790    1.04176965461
  10451.2565340    1.03500479059
  10452.6959810    1.02831366900
  10454.1476200    1.02148385844
  10455.6114520    1.01608367671
  10457.0874750    1.01113315521
  10458.5756890    1.00649839890
  10460.0760960    1.00285734086
  10461.5886950    1.00008749810
  10463.1134850    0.99837765922
  10464.6504680    0.99763463549
  10466.1996420    0.99710861931
  10467.7610090    0.99626923593
  10469.3345670    0.99579917969
  10470.9203170    0.99486838301
  10472.5182590    0.99348774465
  10474.1283930    0.99160495140
  10475.7507190    0.98969175803
  10477.3852370    0.98781936586
  10479.0319460    0.98645952436
  10480.6908480    0.98514947134
  10482.3619420    0.98344433466
  10484.0452270    0.98181295602
  10485.7407040    0.98093986426
  10487.4483740    0.98089623629
  10489.1682350    0.98069488385
  10490.9002880    0.98102321941
  10492.6445330    0.98286868212
  10494.4009700    0.98519653302
  10496.1695980    0.98724871804
  10497.9504190    0.99135946912
  10499.7434320    0.99675896681
  10501.5486360    1.00155819769
  10503.3660320    1.00597890865
  10505.1956210    1.01054678931
  10507.0374010    1.01381953387
  10508.8913730    1.01652590810
  10510.7575370    1.01894232936
  10512.6358930    1.02051242001
  10514.5264410    1.02082853339
  10516.4291810    1.02036402333
  10518.3441120    1.01952664500
  10520.2712360    1.01818167193
  10522.2105520    1.01682135316
  10524.1620590    1.01463967919
  10526.1257580    1.01095347167
  10528.1016490    1.00747007039
  10530.0897330    1.00398026602
  10532.0900080    0.99976610902
  10534.1024750    0.99644870936
  10536.1271330    0.99381049254
  10538.1639840    0.99121339041
  10540.2130270    0.98902096226
  10542.2742610    0.98755450787
  10544.3476880    0.98574029146
  10546.4333060    0.98364829801
  10548.5311170    0.98342314985
  10550.6411190    0.98353738778
  10552.7633130    0.98358511668
  10554.8976990    0.98381910274
  10557.0442770    0.98434319775
  10559.2030470    0.98539686396
  10561.3740080    0.98680316254
  10563.5571620    0.98806518094
  10565.7525080    0.98913987953
  10567.9600450    0.99019240854
  10570.1797750    0.99123133374
  10572.4116960    0.99154572582
  10574.6558090    0.99129236183
  10576.9121140    0.99091611482
  10579.1806110    0.99056676173
  10581.4613000    0.98941169281
  10583.7541810    0.98769880494
  10586.0592540    0.98587293951
  10588.3765180    0.98434741147
  10590.7059750    0.98232075609
  10593.0476230    0.98050919848
  10595.4014640    0.97869768625
  10597.7674960    0.97764076259
  10600.1457200    0.97713664848
  10602.5361360    0.97654552517
  10604.9387440    0.97644335698
  10607.3535440    0.97628622929
  10609.7805360    0.97743210819
  10612.2197200    0.97919769613
  10614.6710960    0.98033966653
  10617.1346630    0.98223265770
  10619.6104230    0.98440920970
  10622.0983740    0.98628208397
  10624.5985170    0.98747802144
  10627.1108520    0.98950741435
  10629.6353800    0.99078341010
  10632.1720990    0.99148865806
  10634.7210090    0.99240721908
  10637.2821120    0.99271566220
  10639.8554070    0.99321745470
  10642.4408940    0.99386946471
  10645.0385720    0.99374771694
  10647.6484430    0.99341712744
  10650.2705050    0.99405220589
  10652.9047590    0.99414252191
  10655.5512050    0.99305881370
  10658.2098440    0.99203315050
  10660.8806740    0.99087496917
  10663.5636960    0.98937597743
  10666.2589090    0.98868831519
  10668.9663150    0.98806716438
  10671.6859130    0.98710180450
  10674.4177020    0.98690874293
  10677.1616840    0.98646491567
  10679.9178570    0.98595929654
  10682.6862220    0.98538338560
  10685.4667800    0.98527131739
  10688.2595290    0.98560077772
  10691.0644700    0.98687641066
  10693.8816020    0.98810424094
  10696.7109270    0.99006456248
  10699.5524440    0.99166507866
  10702.4061530    0.99304035068
  10705.2720530    0.99416750692
  10708.1501460    0.99453315906
  10711.0404300    0.99492540346
  10713.9429060    0.99597064245
  10716.8575740    0.99667603391
  10719.7844350    0.99679752349
  10722.7234870    0.99723375261
  10725.6747300    0.99827392577
  10728.6381660    0.99933151541
  10731.6137940    0.99892586467
  10734.6016140    0.99823295692
  10737.6016250    0.99787471277
  10740.6138290    0.99785254143
  10743.6382240    0.99755893036
  10746.6748110    0.99705473822
  10749.7235900    0.99741795339
  10752.7845610    0.99825878380
  10755.8577240    0.99923990691
  10758.9430790    1.00006352212
  10762.0406260    1.00073253441
  10765.1503650    1.00130623759
  10768.2722950    1.00254876032
  10771.4064180    1.00335794418
  10774.5527320    1.00409412191
  10777.7112390    1.00497927618
  10780.8819370    1.00584488950
  10784.0648270    1.00696098290
  10787.2599090    1.00750036309
  10790.4671830    1.00779642372
  10793.6866490    1.00874240542
  10796.9183070    1.01000382821
  10800.1621570    1.01091602369
  10803.4181980    1.01107703870
  10806.6864320    1.01091361736
  10809.9668570    1.01001937296
  10813.2594740    1.00994756142
  10816.5642840    1.01111163269
  10819.8812850    1.01111522272
  10823.2104780    1.01079873703
  10826.5518630    1.01109322034
  10829.9054400    1.01177014849
  10833.2712090    1.01156716563
  10836.6491690    1.01154207451
  10840.0393220    1.01099986529
  10843.4416660    1.01027527330
  10846.8562030    1.00991361540
  10850.2829310    1.01024554028
  10853.7218510    1.00976165306
  10857.1729640    1.00929963816
  10860.6362680    1.00871753118
  10864.1117640    1.00827340757
  10867.5994510    1.00779906982
  10871.0993310    1.00702137167
  10874.6114030    1.00731435117
  10878.1356660    1.00762796367
  10881.6721220    1.00739296352
  10885.2207690    1.00795477938
  10888.7816090    1.00883379194
  10892.3546400    1.00889376692
  10895.9398630    1.00869983239
  10899.5372780    1.00877861849
  10903.1468850    1.00925706372
  10906.7686840    1.00944567931
  10910.4026750    1.00943018728
  10914.0488570    1.00959685864
  10917.7072320    1.00948248361
  10921.3777990    1.00908353339
  10925.0605570    1.00886467671
  10928.7555070    1.00873721482
  10932.4626500    1.00877090673
  10936.1819840    1.00963183436
  10939.9135100    1.00990377307
  10943.6572280    1.00967559708
  10947.4131380    1.01013578897
  10951.1812390    1.00968040812
  10954.9615330    1.00848559637
  10958.7540190    1.00720524051
  10962.5586960    1.00615419626
  10966.3755650    1.00514745387
  10970.2046270    1.00373287140
  10974.0458800    1.00317910588
  10977.8993250    1.00227860683
  10981.7649620    1.00130269062
  10985.6427910    1.00102563587
  10989.5328120    1.00116780298
  10993.4350250    1.00094798855
  10997.3494290    1.00054523864
  11001.2760260    1.00066950290
  11005.2148140    1.00004146307
  11009.1657950    0.99966994617
  11013.1289670    0.99957324687
  11017.1043310    0.99968483330
  11021.0918880    0.99933404794
  11025.0916360    0.99938567341
  11029.1035750    0.99961309575
  11033.1277070    0.99977847926
  11037.1640310    0.99980757541
  11041.2125470    0.99997099826
  11045.2732540    0.99973692595
  11049.3461540    0.99944655955
  11053.4312450    0.99906085583
  11057.5285290    0.99856498997
  11061.6380040    0.99842155886
  11065.7596710    0.99792237435
  11069.8935300    0.99763606537
  11074.0395810    0.99751249275
  11078.1978240    0.99711752581
  11082.3682580    0.99623616941
  11086.5508850    0.99591661494
  11090.7457040    0.99547949539
  11094.9527140    0.99518833078
  11099.1719160    0.99508927789
  11103.4033110    0.99483564740
  11107.6468970    0.99459055077
  11111.9026750    0.99432154569
  11116.1706450    0.99423441358
  11120.4508070    0.99433972765
  11124.7431610    0.99365413814
  11129.0477070    0.99338432962
  11133.3644440    0.99329396018
  11137.6933740    0.99293784951
  11142.0344950    0.99247501404
  11146.3878090    0.99275963932
  11150.7533140    0.99300082696
  11155.1310110    0.99258934217
  11159.5209000    0.99192052699
  11163.9229810    0.99309658394
  11168.3372540    0.99254357313
  11172.7637190    0.99140118403
  11177.2023760    0.99242362592
  11181.6532240    0.99228790891
  11186.1162650    0.99136617421
  11190.5914970    0.99088487951
  11195.0789220    0.99080363166
  11199.5785380    0.99088412391
  11204.0903460    0.99087992757
  11208.6143460    0.99093483175
  11213.1505380    0.99140531405
  11217.6989220    0.99232999541
  11222.2594980    0.99296451932
  11226.8322660    0.99364885598
  11231.4172260    0.99426984515
  11236.0143770    0.99500846025
  11240.6237210    0.99619055765
  11245.2452560    0.99769091531
  11249.8789830    0.99876489686
  11254.5249020    0.99976753436
  11259.1830130    1.00047363733
  11263.8533160    1.00091739847
  11268.5358110    1.00111672960
  11273.2304980    1.00174794523
  11277.9373770    1.00259535681
  11282.6564480    1.00375888784
  11287.3877100    1.00501176463
  11292.1311650    1.00640772817
  11296.8868110    1.00799038298
  11301.6546490    1.00957238709
  11306.4346790    1.01182176387
  11311.2269010    1.01431622727
  11316.0313150    1.01619128715
  11320.8479210    1.01948231418
  11325.6767190    1.02271267260
