#---------------------------------
#  energy flat
  8794.00000000    0.00299108400
  8799.00000000    0.00171718525
  8804.00000000    0.00060714719
  8809.00000000   -0.00095214780
  8814.00000000   -0.00236920905
  8819.00000000   -0.00322317331
  8824.00000000   -0.00368028953
  8829.00000000   -0.00377266644
  8834.00000000   -0.00285932346
  8839.00000000   -0.00199533772
  8844.00000000   -0.00090858103
  8849.00000000    0.00016928604
  8854.00000000    0.00149871576
  8859.00000000    0.00251501898
  8864.00000000    0.00230163725
  8869.00000000    0.00219041968
  8874.00000000    0.00187991566
  8879.00000000    0.00152323875
  8884.00000000    0.00228426426
  8889.00000000    0.00176213448
  8894.00000000    0.00202534192
  8899.00000000    0.00079045130
  8904.00000000   -0.00062276222
  8909.00000000   -0.00158260569
  8914.00000000   -0.00280515701
  8919.00000000   -0.00269678798
  8924.00000000   -0.00169720253
  8929.00000000   -0.00046675263
  8934.00000000    0.00105254321
  8939.00000000    0.00255857098
  8944.00000000    0.00367345597
  8949.00000000    0.00506763389
  8953.00000000    0.00660344144
  8956.00000000    0.00833832937
  8958.00000000    0.00902363939
  8959.00000000    0.00965315013
  8959.20000000    0.01021127300
  8959.40000000    0.01036445430
  8959.60000000    0.01038376076
  8959.80000000    0.01091667429
  8960.00000000    0.01106733466
  8960.20000000    0.01141502591
  8960.40000000    0.01173817122
  8960.60000000    0.01199908927
  8960.80000000    0.01239467825
  8961.00000000    0.01215300172
  8961.20000000    0.01218093243
  8961.40000000    0.01223964505
  8961.60000000    0.01199863193
  8961.80000000    0.01215526293
  8962.00000000    0.01241047571
  8962.20000000    0.01257785385
  8962.40000000    0.01330010278
  8962.60000000    0.01306293740
  8962.80000000    0.01322805996
  8963.00000000    0.01328027124
  8963.20000000    0.01356905224
  8963.40000000    0.01402302075
  8963.60000000    0.01431087298
  8963.80000000    0.01503789842
  8964.00000000    0.01500718424
  8964.20000000    0.01543899506
  8964.40000000    0.01577885814
  8964.60000000    0.01577866053
  8964.80000000    0.01631183943
  8965.00000000    0.01645878474
  8965.20000000    0.01636239360
  8965.40000000    0.01642176963
  8965.60000000    0.01658702488
  8965.80000000    0.01725434399
  8966.00000000    0.01779243207
  8966.20000000    0.01831711940
  8966.40000000    0.01831904468
  8966.60000000    0.01931687147
  8966.80000000    0.01870713861
  8967.00000000    0.01959696330
  8967.20000000    0.01933989580
  8967.40000000    0.01988342379
  8967.60000000    0.02013956534
  8967.80000000    0.02026249544
  8968.00000000    0.02076104467
  8968.20000000    0.02135963516
  8968.40000000    0.02216082912
  8968.60000000    0.02233192232
  8968.80000000    0.02257453043
  8969.00000000    0.02299877845
  8969.20000000    0.02284215027
  8969.40000000    0.02304296395
  8969.60000000    0.02358635926
  8969.80000000    0.02402440608
  8970.00000000    0.02469530757
  8970.20000000    0.02511345228
  8970.40000000    0.02579231461
  8970.60000000    0.02594098477
  8970.80000000    0.02657115327
  8971.00000000    0.02744014708
  8971.20000000    0.02769151212
  8971.40000000    0.02806971993
  8971.60000000    0.02885711509
  8971.80000000    0.02996732245
  8972.00000000    0.03102591701
  8972.20000000    0.03102187166
  8972.40000000    0.03187560719
  8972.60000000    0.03266525792
  8972.80000000    0.03324766136
  8973.00000000    0.03438440487
  8973.20000000    0.03481382744
  8973.40000000    0.03592655574
  8973.60000000    0.03690394970
  8973.80000000    0.03834002092
  8974.00000000    0.03928689831
  8974.20000000    0.04034987133
  8974.40000000    0.04191849060
  8974.60000000    0.04303161693
  8974.80000000    0.04453309975
  8975.00000000    0.04588279582
  8975.20000000    0.04761063195
  8975.40000000    0.04909858133
  8975.60000000    0.05203566958
  8975.80000000    0.05402608086
  8976.00000000    0.05647424064
  8976.20000000    0.05926644153
  8976.40000000    0.06207827918
  8976.60000000    0.06595288941
  8976.80000000    0.06979698308
  8977.00000000    0.07381170417
  8977.20000000    0.07856200718
  8977.40000000    0.08407416291
  8977.60000000    0.09096619816
  8977.80000000    0.09818834305
  8978.00000000    0.10753019518
  8978.20000000    0.11871073678
  8978.40000000    0.13200859736
  8978.60000000    0.14859919546
  8978.80000000    0.16838328590
  8979.00000000    0.19285591506
  8979.20000000    0.22253878355
  8979.40000000    0.25871531201
  8979.60000000    0.30255627515
  8979.80000000    0.35389728155
  8980.00000000    0.41302956540
  8980.20000000    0.47704436719
  8980.40000000    0.54305095715
  8980.60000000    0.60657871118
  8980.80000000    0.66234109845
  8981.00000000    0.70490696609
  8981.20000000    0.72991244498
  8981.40000000    0.73623293319
  8981.60000000    0.72508829719
  8981.80000000    0.69980311775
  8982.00000000    0.66370011808
  8982.20000000    0.62295173806
  8982.40000000    0.58225819215
  8982.60000000    0.54502831341
  8982.80000000    0.51362050157
  8983.00000000    0.48915338772
  8983.20000000    0.47248249701
  8983.40000000    0.46265730464
  8983.60000000    0.45948422933
  8983.80000000    0.46168940331
  8984.00000000    0.46795504154
  8984.20000000    0.47817765293
  8984.40000000    0.48991299308
  8984.60000000    0.50346835040
  8984.80000000    0.51623761003
  8985.00000000    0.52913082894
  8985.20000000    0.54059763275
  8985.40000000    0.55102597978
  8985.60000000    0.56111443392
  8985.80000000    0.57023196553
  8986.00000000    0.57919270344
  8986.20000000    0.58845081360
  8986.40000000    0.59831650347
  8986.60000000    0.60904107020
  8986.80000000    0.62164642062
  8987.00000000    0.63554212539
  8987.20000000    0.65169595759
  8987.40000000    0.66993543215
  8987.60000000    0.69033219657
  8987.80000000    0.71237065342
  8988.00000000    0.73497701750
  8988.20000000    0.75900522184
  8988.40000000    0.78329298316
  8988.60000000    0.80806532788
  8988.80000000    0.83273620510
  8989.00000000    0.85741972016
  8989.20000000    0.88270762893
  8989.40000000    0.90720996807
  8989.60000000    0.93160500130
  8989.80000000    0.95569529960
  8990.00000000    0.97909768092
  8990.20000000    1.00114874152
  8990.40000000    1.02246810029
  8990.60000000    1.04200333358
  8990.80000000    1.05876756208
  8991.00000000    1.07297440162
  8991.20000000    1.08481836204
  8991.40000000    1.09325869562
  8991.60000000    1.09920559201
  8991.80000000    1.10213230862
  8992.00000000    1.10319077940
  8992.20000000    1.10268961955
  8992.40000000    1.10107861665
  8992.60000000    1.09780024616
  8992.80000000    1.09528256522
  8993.00000000    1.09251375051
  8993.20000000    1.09005159167
  8993.40000000    1.08885192054
  8993.60000000    1.08904582553
  8993.80000000    1.09093820684
  8994.00000000    1.09442769629
  8994.20000000    1.10115767721
  8994.40000000    1.11110771663
  8994.60000000    1.12206363853
  8994.80000000    1.13137607413
  8995.00000000    1.14601766068
  8995.20000000    1.16256895044
  8995.40000000    1.17950464574
  8995.60000000    1.19624095124
  8995.80000000    1.21283969606
  8996.00000000    1.22800246654
  8996.20000000    1.24085595802
  8996.40000000    1.25230001106
  8996.60000000    1.26096721801
  8996.80000000    1.26771177724
  8997.00000000    1.27169753474
  8997.20000000    1.27326866419
  8997.40000000    1.27167976514
  8997.60000000    1.26711659052
  8997.80000000    1.25970439082
  8998.00000000    1.24950419904
  8998.20000000    1.23694059336
  8998.40000000    1.22262576258
  8998.60000000    1.20753650204
  8998.80000000    1.19099507848
  8999.00000000    1.17415475267
  8999.20000000    1.15848615760
  8999.40000000    1.14422944529
  8999.60000000    1.13057393638
  8999.80000000    1.11649480486
  9000.00000000    1.10164522321
  9000.20000000    1.09212213592
  9000.40000000    1.08329047447
  9000.60000000    1.07579533244
  9000.80000000    1.06960566243
  9001.00000000    1.06409123087
  9001.20000000    1.05992287139
  9001.40000000    1.05722981492
  9001.60000000    1.05540995619
  9001.80000000    1.05463047282
  9002.00000000    1.05352289571
  9002.20000000    1.05207103770
  9002.40000000    1.04986756884
  9002.60000000    1.04794474507
  9002.80000000    1.04501476715
  9003.00000000    1.04229511330
  9003.20000000    1.03989643913
  9003.40000000    1.03695313547
  9003.60000000    1.03429100704
  9003.80000000    1.03230146188
  9004.00000000    1.02915509803
  9004.20000000    1.02642657023
  9004.40000000    1.02291246418
  9004.60000000    1.02051037949
  9004.80000000    1.01768811904
  9005.00000000    1.01559177881
  9005.20000000    1.01318671441
  9005.40000000    1.01150571248
  9005.60000000    1.00982831657
  9005.80000000    1.00760416694
  9006.00000000    1.00534063455
  9006.20000000    1.00347875001
  9006.40000000    1.00178924092
  9006.60000000    1.00009988759
  9006.80000000    0.99765361370
  9007.00000000    0.99547577577
  9007.20000000    0.99351622037
  9007.40000000    0.99116169708
  9007.60000000    0.98859450911
  9007.80000000    0.98648204037
  9008.00000000    0.98401706125
  9008.20000000    0.98208136770
  9008.40000000    0.97999589968
  9008.60000000    0.97833436853
  9008.80000000    0.97661938887
  9009.00000000    0.97485812538
  9009.22786000    0.97368145757
  9009.48358100    0.97245736544
  9009.76716200    0.97127748309
  9010.07860400    0.97086686660
  9010.41790500    0.97194528043
  9010.78506700    0.97460013226
  9011.18009000    0.97881296374
  9011.60297300    0.98522528137
  9012.05371600    0.99471450417
  9012.53231900    1.00908947830
  9013.03878300    1.03065634333
  9013.57310700    1.05499991164
  9014.13529200    1.07486297816
  9014.72533700    1.08610555144
  9015.34324200    1.10004786904
  9015.98900800    1.10562720148
  9016.66263400    1.10322082905
  9017.36412000    1.09412312666
  9018.09346700    1.07561674021
  9018.85067400    1.04656030933
  9019.63574100    1.02160254630
  9020.44866900    0.99619618673
  9021.28945700    0.97247949422
  9022.15810600    0.95184453846
  9023.05461400    0.93447998871
  9023.97898300    0.92169699083
  9024.93121300    0.91371182054
  9025.91130300    0.91076225655
  9026.91925300    0.91114496267
  9027.95506400    0.91369688254
  9029.01873400    0.91779577922
  9030.11026600    0.92244392398
  9031.23272300    0.92784098362
  9032.36737300    0.93417174946
  9033.51421400    0.94302852171
  9034.67324800    0.95380268414
  9035.84447300    0.96717077520
  9037.02789000    0.98102197027
  9038.22349900    0.99453191947
  9039.43130000    1.00555052734
  9040.65129300    1.01361486662
  9041.88347800    1.01758746142
  9043.12785500    1.02100809676
  9044.38442300    1.02538362589
  9045.65318400    1.02918542594
  9046.93413600    1.03300910114
  9048.22728000    1.03752906150
  9049.53261700    1.04190370699
  9050.85014500    1.04537795189
  9052.17986500    1.04714363144
  9053.52177700    1.04758644413
  9054.87588100    1.04596297524
  9056.24217700    1.04291128148
  9057.62066400    1.03863024830
  9059.01134400    1.03408989476
  9060.41421500    1.02933705561
  9061.82927900    1.02483570497
  9063.25653400    1.02051963284
  9064.69598100    1.01689394561
  9066.14762000    1.01402457815
  9067.61145200    1.01235958314
  9069.08747500    1.01168600374
  9070.57568900    1.01197981561
  9072.07609600    1.01319284173
  9073.58869500    1.01432346706
  9075.11348500    1.01499314451
  9076.65046800    1.01518553843
  9078.19964200    1.01426523247
  9079.76100900    1.01251654396
  9081.33456700    1.01058707753
  9082.92031700    1.00903447319
  9084.51825900    1.00887491673
  9086.12839300    1.00944087462
  9087.75071900    1.00980183920
  9089.38523700    1.01065927465
  9091.03194600    1.01114848297
  9092.69084800    1.01027260893
  9094.36194200    1.00811933459
  9096.04522700    1.00526805556
  9097.74070400    1.00163714691
  9099.44837400    0.99723573613
  9101.16823500    0.99259332929
  9102.90028800    0.98822536102
  9104.64453300    0.98407435124
  9106.40097000    0.98067802429
  9108.16959800    0.97791494727
  9109.95041900    0.97609170794
  9111.74343200    0.97514843439
  9113.54863600    0.97522905081
  9115.36603200    0.97590854101
  9117.19562100    0.97683114656
  9119.03740100    0.97850778387
  9120.89137300    0.98065274672
  9122.75753700    0.98332927958
  9124.63589300    0.98611289083
  9126.52644100    0.98955110615
  9128.42918100    0.99327940217
  9130.34411200    0.99705797554
  9132.27123600    1.00026409875
  9134.21055200    1.00337948253
  9136.16205900    1.00590718278
  9138.12575800    1.00773316614
  9140.10164900    1.00915524024
  9142.08973300    1.00962735936
  9144.09000800    1.00966625419
  9146.10247500    1.00910056533
  9148.12713300    1.00833715777
  9150.16398400    1.00773114315
  9152.21302700    1.00713318463
  9154.27426100    1.00607550943
  9156.34768800    1.00453083692
  9158.43330600    1.00358296016
  9160.53111700    1.00252261511
  9162.64111900    1.00119116800
  9164.76331300    1.00066443857
  9166.89769900    0.99902709180
  9169.04427700    0.99763967746
  9171.20304700    0.99715873889
  9173.37400800    0.99626546834
  9175.55716200    0.99542029849
  9177.75250800    0.99575370279
  9179.96004500    0.99589512049
  9182.17977500    0.99597778613
  9184.41169600    0.99597121102
  9186.65580900    0.99608292760
  9188.91211400    0.99612481357
  9191.18061100    0.99612952479
  9193.46130000    0.99616102704
  9195.75418100    0.99675987260
  9198.05925400    0.99752537399
  9200.37651800    0.99779307350
  9202.70597500    0.99793925286
  9205.04762300    0.99810800694
  9207.40146400    0.99812684444
  9209.76749600    0.99745920248
  9212.14572000    0.99656653436
  9214.53613600    0.99535011428
  9216.93874400    0.99396251088
  9219.35354400    0.99224263262
  9221.78053600    0.99048501066
  9224.21972000    0.98906165873
  9226.67109600    0.98795158733
  9229.13466300    0.98738536837
  9231.61042300    0.98756119135
  9234.09837400    0.98792495015
  9236.59851700    0.98872206432
  9239.11085200    0.98996947596
  9241.63538000    0.99136648468
  9244.17209900    0.99323254195
  9246.72100900    0.99447138938
  9249.28211200    0.99577476733
  9251.85540700    0.99755233914
  9254.44089400    0.99977989726
  9257.03857200    1.00138399360
  9259.64844300    1.00311208192
  9262.27050500    1.00463292552
  9264.90475900    1.00523475099
  9267.55120500    1.00524095846
  9270.20984400    1.00451799075
  9272.88067400    1.00360684148
  9275.56369600    1.00269344222
  9278.25890900    1.00218530162
  9280.96631500    1.00197644554
  9283.68591300    1.00120700995
  9286.41770200    1.00066289920
  9289.16168400    0.99996931840
  9291.91785700    0.99955127559
  9294.68622200    0.99925899762
  9297.46678000    0.99895305719
  9300.25952900    0.99876708578
  9303.06447000    0.99882064241
  9305.88160200    0.99894510372
  9308.71092700    0.99949964197
  9311.55244400    0.99994305986
  9314.40615300    1.00042197207
  9317.27205300    1.00121726465
  9320.15014600    1.00126629035
  9323.04043000    1.00122674375
  9325.94290600    1.00100029639
  9328.85757400    1.00047375810
  9331.78443500    0.99989668289
  9334.72348700    0.99946157404
  9337.67473000    0.99925770258
  9340.63816600    0.99944969580
  9343.61379400    0.99991267349
  9346.60161400    1.00029115158
  9349.60162500    1.00032358252
  9352.61382900    1.00065860041
  9355.63822400    1.00081758756
  9358.67481100    1.00032165284
  9361.72359000    0.99993114173
  9364.78456100    0.99995050572
  9367.85772400    0.99972358487
  9370.94307900    0.99975490728
  9374.04062600    0.99992672547
  9377.15036500    1.00008732280
  9380.27229500    1.00077704407
  9383.40641800    1.00139729481
  9386.55273200    1.00206649111
  9389.71123900    1.00326233891
  9392.88193700    1.00403994535
  9396.06482700    1.00499430229
  9399.25990900    1.00563772584
  9402.46718300    1.00616503904
  9405.68664900    1.00650915059
  9408.91830700    1.00677598221
  9412.16215700    1.00705553134
  9415.41819800    1.00713952832
  9418.68643200    1.00700359142
  9421.96685700    1.00673161067
  9425.25947400    1.00635625386
  9428.56428400    1.00596140119
  9431.88128500    1.00565030693
  9435.21047800    1.00539406806
  9438.55186300    1.00548566443
  9441.90544000    1.00509214506
  9445.27120900    1.00478989152
  9448.64916900    1.00525744913
  9452.03932200    1.00529459706
  9455.44166600    1.00521951747
  9458.85620300    1.00481461905
  9462.28293100    1.00434182356
  9465.72185100    1.00428462268
  9469.17296400    1.00414785329
  9472.63626800    1.00355974880
  9476.11176400    1.00263255515
  9479.59945100    1.00208434030
  9483.09933100    1.00183548911
  9486.61140300    1.00143223049
  9490.13566600    1.00052322150
  9493.67212200    0.99986154715
  9497.22076900    0.99916751129
  9500.78160900    0.99832726070
  9504.35464000    0.99735564827
  9507.93986300    0.99702884271
  9511.53727800    0.99624664276
  9515.14688500    0.99540734239
  9518.76868400    0.99482431919
  9522.40267500    0.99590291240
  9526.04885700    0.99668288321
  9529.70723200    0.99661411780
  9533.37779900    0.99621777130
  9537.06055700    0.99608903441
  9540.75550700    0.99567116004
  9544.46265000    0.99540940577
  9548.18198400    0.99490704252
  9551.91351000    0.99439385440
  9555.65722800    0.99453269730
  9559.41313800    0.99449111555
  9563.18123900    0.99462786322
  9566.96153300    0.99522526537
  9570.75401900    0.99554374601
  9574.55869600    0.99551350209
  9578.37556500    0.99638357423
  9582.20462700    0.99751363038
  9586.04588000    0.99852844094
  9589.89932500    0.99955669343
  9593.76496200    1.00024146697
  9597.64279100    1.00107261037
  9601.53281200    1.00116699382
  9605.43502500    1.00132122702
  9609.34942900    1.00090295180
  9613.27602600    1.00050259197
  9617.21481400    1.00011272122
  9621.16579500    0.99959163512
  9625.12896700    0.99915242710
  9629.10433100    0.99894158166
  9633.09188800    0.99844244760
  9637.09163600    0.99838000803
  9641.10357500    0.99809352774
  9645.12770700    0.99802590896
  9649.16403100    0.99852506313
  9653.21254700    0.99955545579
  9657.27325400    1.00049882391
  9661.34615400    1.00138809943
  9665.43124500    1.00217582085
  9669.52852900    1.00326218781
  9673.63800400    1.00402948485
  9677.75967100    1.00379392009
  9681.89353000    1.00330970145
  9686.03958100    1.00303012144
  9690.19782400    1.00224407118
  9694.36825800    1.00106200752
  9698.55088500    1.00005319652
  9702.74570400    0.99935490662
  9706.95271400    0.99903409084
  9711.17191600    0.99934876411
  9715.40331100    0.99904969395
  9719.64689700    0.99997699753
  9723.90267500    1.00114044707
  9728.17064500    1.00158909644
  9732.45080700    1.00170783546
  9736.74316100    1.00179133764
  9741.04770700    1.00186175712
  9745.36444400    1.00165705487
  9749.69337400    1.00090139443
  9754.03449500    0.99986400693
  9758.38780900    0.99924772393
  9762.75331400    0.99781108928
  9767.13101100    0.99691000685
  9771.52090000    0.99715154071
  9775.92298100    0.99703207839
  9780.33725400    0.99757054204
  9784.76371900    0.99781741148
  9789.20237600    0.99775512506
  9793.65322400    0.99816513575
  9798.11626500    0.99826990160
  9802.59149700    0.99857624790
  9807.07892200    0.99866223683
  9811.57853800    0.99876033025
  9816.09034600    0.99959470924
  9820.61434600    1.00014402004
  9825.15053800    1.00093344638
  9829.69892200    1.00114704649
  9834.25949800    1.00072225124
  9838.83226600    1.00119795958
  9843.41722600    1.00032584387
  9848.01437700    0.99999590257
  9852.62372100    1.00056275915
  9857.24525600    1.00090166803
  9861.87898300    1.00201608929
  9866.52490200    1.00286541920
  9871.18301300    1.00324044498
  9875.85331600    1.00354389128
  9880.53581100    1.00316242789
  9885.23049800    1.00159843660
  9889.93737700    1.00015930251
  9894.65644800    0.99903286581
  9899.38771000    0.99836319934
  9904.13116500    0.99839283444
  9908.88681100    0.99828642848
  9913.65464900    0.99859383553
  9918.43467900    0.99859225464
  9923.22690100    0.99959077436
  9928.03131500    1.00120761718
  9932.84792100    1.00231562270
  9937.67671900    1.00179560907
