#---------------------------------
#  energy flat
  8794.00000000    0.00476564253
  8799.00000000    0.00384317935
  8804.00000000    0.00259889415
  8809.00000000    0.00051773370
  8814.00000000   -0.00118283025
  8819.00000000   -0.00244436823
  8824.00000000   -0.00281543230
  8829.00000000   -0.00251317754
  8834.00000000   -0.00173313556
  8839.00000000   -0.00138636861
  8844.00000000   -0.00092274277
  8849.00000000   -0.00007207938
  8854.00000000    0.00072901100
  8859.00000000    0.00138931862
  8864.00000000    0.00161175048
  8869.00000000    0.00162542359
  8874.00000000    0.00135914146
  8879.00000000    0.00158076819
  8884.00000000    0.00204933983
  8889.00000000    0.00163491375
  8894.00000000    0.00146375199
  8899.00000000    0.00039187966
  8904.00000000   -0.00090117342
  8909.00000000   -0.00153447987
  8914.00000000   -0.00171668341
  8919.00000000   -0.00188565981
  8924.00000000   -0.00116979821
  8929.00000000   -0.00007126976
  8934.00000000    0.00121979981
  8939.00000000    0.00194555302
  8944.00000000    0.00270615685
  8949.00000000    0.00302531934
  8953.00000000    0.00413684771
  8956.00000000    0.00498728671
  8958.00000000    0.00583772852
  8959.00000000    0.00708073160
  8959.20000000    0.00758934324
  8959.40000000    0.00831764038
  8959.60000000    0.00832155045
  8959.80000000    0.00844784030
  8960.00000000    0.00843369245
  8960.20000000    0.00836744117
  8960.40000000    0.00819905339
  8960.60000000    0.00825115625
  8960.80000000    0.00867166365
  8961.00000000    0.00894161172
  8961.20000000    0.00934348610
  8961.40000000    0.00978538696
  8961.60000000    0.01013837845
  8961.80000000    0.01042764964
  8962.00000000    0.01068195517
  8962.20000000    0.01118021514
  8962.40000000    0.01107612275
  8962.60000000    0.01141370175
  8962.80000000    0.01138471650
  8963.00000000    0.01135055542
  8963.20000000    0.01142773233
  8963.40000000    0.01185951155
  8963.60000000    0.01216143478
  8963.80000000    0.01222699481
  8964.00000000    0.01264784727
  8964.20000000    0.01290180775
  8964.40000000    0.01326158533
  8964.60000000    0.01355936790
  8964.80000000    0.01375811946
  8965.00000000    0.01427225199
  8965.20000000    0.01486264184
  8965.40000000    0.01506219853
  8965.60000000    0.01513419960
  8965.80000000    0.01501273941
  8966.00000000    0.01516433335
  8966.20000000    0.01562797272
  8966.40000000    0.01556701230
  8966.60000000    0.01594772327
  8966.80000000    0.01621870650
  8967.00000000    0.01637490118
  8967.20000000    0.01663288731
  8967.40000000    0.01677412958
  8967.60000000    0.01713758776
  8967.80000000    0.01707202660
  8968.00000000    0.01741202098
  8968.20000000    0.01788302154
  8968.40000000    0.01831767623
  8968.60000000    0.01883721463
  8968.80000000    0.01911877958
  8969.00000000    0.01953273092
  8969.20000000    0.02044908346
  8969.40000000    0.02099001532
  8969.60000000    0.02150127238
  8969.80000000    0.02189302514
  8970.00000000    0.02204438904
  8970.20000000    0.02282789510
  8970.40000000    0.02355446697
  8970.60000000    0.02434452910
  8970.80000000    0.02487752468
  8971.00000000    0.02532276107
  8971.20000000    0.02621714506
  8971.40000000    0.02650515104
  8971.60000000    0.02746774106
  8971.80000000    0.02831646266
  8972.00000000    0.02925340353
  8972.20000000    0.03007291042
  8972.40000000    0.03065099328
  8972.60000000    0.03118628923
  8972.80000000    0.03167097701
  8973.00000000    0.03212645006
  8973.20000000    0.03266899218
  8973.40000000    0.03322798196
  8973.60000000    0.03425256699
  8973.80000000    0.03556688385
  8974.00000000    0.03685371126
  8974.20000000    0.03820851467
  8974.40000000    0.03984833413
  8974.60000000    0.04124143872
  8974.80000000    0.04239921528
  8975.00000000    0.04430357750
  8975.20000000    0.04679050888
  8975.40000000    0.04976304874
  8975.60000000    0.05324017516
  8975.80000000    0.05658307488
  8976.00000000    0.06048565505
  8976.20000000    0.06433394645
  8976.40000000    0.06851291630
  8976.60000000    0.07342570475
  8976.80000000    0.07954906385
  8977.00000000    0.08679741978
  8977.20000000    0.09522379610
  8977.40000000    0.10556810739
  8977.60000000    0.11759813114
  8977.80000000    0.13192323582
  8978.00000000    0.14903662114
  8978.20000000    0.16908654607
  8978.40000000    0.19188207975
  8978.60000000    0.21791101602
  8978.80000000    0.24672409227
  8979.00000000    0.27831394730
  8979.20000000    0.31292212015
  8979.40000000    0.35024599692
  8979.60000000    0.39004472869
  8979.80000000    0.43211197209
  8980.00000000    0.47652064891
  8980.20000000    0.52122323040
  8980.40000000    0.56556046083
  8980.60000000    0.60697501670
  8980.80000000    0.64354252189
  8981.00000000    0.67310902311
  8981.20000000    0.69283402112
  8981.40000000    0.70211619860
  8981.60000000    0.70037988736
  8981.80000000    0.68923638267
  8982.00000000    0.67058935707
  8982.20000000    0.64722203023
  8982.40000000    0.62167125201
  8982.60000000    0.59741414926
  8982.80000000    0.57612355220
  8983.00000000    0.55933277347
  8983.20000000    0.54745806523
  8983.40000000    0.54046423163
  8983.60000000    0.53806430116
  8983.80000000    0.53914604390
  8984.00000000    0.54362779650
  8984.20000000    0.55033981979
  8984.40000000    0.55935400022
  8984.60000000    0.56933899747
  8984.80000000    0.58004142545
  8985.00000000    0.59070331150
  8985.20000000    0.60100283348
  8985.40000000    0.61084475585
  8985.60000000    0.62013154268
  8985.80000000    0.62985534420
  8986.00000000    0.63900261646
  8986.20000000    0.64816915558
  8986.40000000    0.65833215937
  8986.60000000    0.66879104946
  8986.80000000    0.68056604058
  8987.00000000    0.69294114188
  8987.20000000    0.70701788626
  8987.40000000    0.72294844312
  8987.60000000    0.73844152704
  8987.80000000    0.75510636295
  8988.00000000    0.77240201827
  8988.20000000    0.78947332965
  8988.40000000    0.80828159394
  8988.60000000    0.82784777275
  8988.80000000    0.84760735470
  8989.00000000    0.86787250011
  8989.20000000    0.88668168179
  8989.40000000    0.90510848314
  8989.60000000    0.92365461508
  8989.80000000    0.94095986763
  8990.00000000    0.95876999279
  8990.20000000    0.97571672930
  8990.40000000    0.99207658170
  8990.60000000    1.00715989835
  8990.80000000    1.02041113937
  8991.00000000    1.03249971278
  8991.20000000    1.04223586614
  8991.40000000    1.04985009658
  8991.60000000    1.05576429212
  8991.80000000    1.05988735791
  8992.00000000    1.06277345337
  8992.20000000    1.06353440481
  8992.40000000    1.06320054859
  8992.60000000    1.06250087241
  8992.80000000    1.06105144409
  8993.00000000    1.05970271090
  8993.20000000    1.05789568236
  8993.40000000    1.05584751344
  8993.60000000    1.05523103437
  8993.80000000    1.05469431646
  8994.00000000    1.05606500501
  8994.20000000    1.05838292467
  8994.40000000    1.06161909060
  8994.60000000    1.06625750089
  8994.80000000    1.07292408658
  8995.00000000    1.08027036954
  8995.20000000    1.08599873833
  8995.40000000    1.09377207480
  8995.60000000    1.10212182142
  8995.80000000    1.11078665586
  8996.00000000    1.11850758449
  8996.20000000    1.12576055405
  8996.40000000    1.13262216681
  8996.60000000    1.13793970634
  8996.80000000    1.14223535685
  8997.00000000    1.14512311586
  8997.20000000    1.14678793309
  8997.40000000    1.14613897209
  8997.60000000    1.14412789656
  8997.80000000    1.14034731049
  8998.00000000    1.13506060629
  8998.20000000    1.12883321524
  8998.40000000    1.12102747412
  8998.60000000    1.11297437792
  8998.80000000    1.10449955831
  8999.00000000    1.09608954377
  8999.20000000    1.08740341906
  8999.40000000    1.07663148157
  8999.60000000    1.06411740670
  8999.80000000    1.05575221640
  9000.00000000    1.05110275055
  9000.20000000    1.04856703006
  9000.40000000    1.04600340871
  9000.60000000    1.04267093655
  9000.80000000    1.04047478138
  9001.00000000    1.03814191732
  9001.20000000    1.03760833710
  9001.40000000    1.03678507296
  9001.60000000    1.03700841076
  9001.80000000    1.03810444224
  9002.00000000    1.03822205806
  9002.20000000    1.03815350615
  9002.40000000    1.03785438918
  9002.60000000    1.03770311815
  9002.80000000    1.03667326707
  9003.00000000    1.03564771846
  9003.20000000    1.03358440377
  9003.40000000    1.03126705952
  9003.60000000    1.02884106909
  9003.80000000    1.02619049356
  9004.00000000    1.02339722608
  9004.20000000    1.02169380568
  9004.40000000    1.01940188095
  9004.60000000    1.01752855455
  9004.80000000    1.01556544415
  9005.00000000    1.01300807809
  9005.20000000    1.01008120255
  9005.40000000    1.00723569027
  9005.60000000    1.00358152725
  9005.80000000    1.00208297245
  9006.00000000    0.99986341079
  9006.20000000    0.99860464397
  9006.40000000    0.99608520280
  9006.60000000    0.99378514634
  9006.80000000    0.99180983149
  9007.00000000    0.98931732204
  9007.20000000    0.98749230933
  9007.40000000    0.98479906498
  9007.60000000    0.98301094548
  9007.80000000    0.98164763308
  9008.00000000    0.98061297208
  9008.20000000    0.97921915117
  9008.40000000    0.97750619670
  9008.60000000    0.97537427239
  9008.80000000    0.97355673660
  9009.00000000    0.97206601124
  9009.22786000    0.97048977459
  9009.48358100    0.96884397190
  9009.76716200    0.96756575958
  9010.07860400    0.96611418077
  9010.41790500    0.96660890370
  9010.78506700    0.96794539607
  9011.18009000    0.97020452005
  9011.60297300    0.97393642432
  9012.05371600    0.97969333450
  9012.53231900    0.98888920397
  9013.03878300    1.00221153508
  9013.57310700    1.01747375806
  9014.13529200    1.03128483266
  9014.72533700    1.04205377169
  9015.34324200    1.04792712158
  9015.98900800    1.05358633072
  9016.66263400    1.05689432737
  9017.36412000    1.05425284922
  9018.09346700    1.04842508762
  9018.85067400    1.04055984436
  9019.63574100    1.02771839587
  9020.44866900    1.01551365574
  9021.28945700    1.00482231308
  9022.15810600    0.99519305506
  9023.05461400    0.98720100744
  9023.97898300    0.97947725021
  9024.93121300    0.97423248215
  9025.91130300    0.96926023624
  9026.91925300    0.96812867273
  9027.95506400    0.96888000244
  9029.01873400    0.96755788477
  9030.11026600    0.96748366072
  9031.23272300    0.96845216343
  9032.36737300    0.96883070193
  9033.51421400    0.97102835245
  9034.67324800    0.97492216410
  9035.84447300    0.98113911514
  9037.02789000    0.98851073767
  9038.22349900    0.99460474144
  9039.43130000    0.99686254572
  9040.65129300    1.00053878239
  9041.88347800    1.00479945909
  9043.12785500    1.00772687814
  9044.38442300    1.01041084953
  9045.65318400    1.01386227455
  9046.93413600    1.01684137798
  9048.22728000    1.02017526257
  9049.53261700    1.02405750829
  9050.85014500    1.02697298423
  9052.17986500    1.02883646433
  9053.52177700    1.03027054839
  9054.87588100    1.03038166052
  9056.24217700    1.03008776708
  9057.62066400    1.03034387165
  9059.01134400    1.03012320114
  9060.41421500    1.02940517195
  9061.82927900    1.02818644497
  9063.25653400    1.02724834461
  9064.69598100    1.02668437765
  9066.14762000    1.02603941327
  9067.61145200    1.02603334771
  9069.08747500    1.02590533253
  9070.57568900    1.02557197409
  9072.07609600    1.02629076073
  9073.58869500    1.02629051582
  9075.11348500    1.02506963670
  9076.65046800    1.02371952163
  9078.19964200    1.02195296215
  9079.76100900    1.01910018944
  9081.33456700    1.01603729055
  9082.92031700    1.01313265372
  9084.51825900    1.01012137534
  9086.12839300    1.00801295638
  9087.75071900    1.00630072134
  9089.38523700    1.00366757228
  9091.03194600    1.00086145534
  9092.69084800    0.99812537813
  9094.36194200    0.99554362642
  9096.04522700    0.99337899324
  9097.74070400    0.99154806040
  9099.44837400    0.98909257669
  9101.16823500    0.98709357413
  9102.90028800    0.98555228309
  9104.64453300    0.98496129336
  9106.40097000    0.98534184673
  9108.16959800    0.98666112613
  9109.95041900    0.98767447152
  9111.74343200    0.98801251760
  9113.54863600    0.98891247677
  9115.36603200    0.98937030367
  9117.19562100    0.98922963803
  9119.03740100    0.99033452587
  9120.89137300    0.99249041650
  9122.75753700    0.99632192125
  9124.63589300    0.99966973926
  9126.52644100    1.00167634790
  9128.42918100    1.00440086370
  9130.34411200    1.00651050437
  9132.27123600    1.00777711880
  9134.21055200    1.00862517412
  9136.16205900    1.00961876758
  9138.12575800    1.01026358967
  9140.10164900    1.01024061844
  9142.08973300    1.00957220297
  9144.09000800    1.00777001237
  9146.10247500    1.00559181955
  9148.12713300    1.00241080450
  9150.16398400    0.99971372118
  9152.21302700    0.99757374754
  9154.27426100    0.99663156055
  9156.34768800    0.99530682065
  9158.43330600    0.99368213091
  9160.53111700    0.99281613293
  9162.64111900    0.99244590848
  9164.76331300    0.99231083206
  9166.89769900    0.99185766976
  9169.04427700    0.99202497590
  9171.20304700    0.99364686516
  9173.37400800    0.99471304122
  9175.55716200    0.99444573927
  9177.75250800    0.99404781659
  9179.96004500    0.99427148461
  9182.17977500    0.99465136036
  9184.41169600    0.99625112131
  9186.65580900    0.99730267961
  9188.91211400    0.99815704844
  9191.18061100    0.99857358239
  9193.46130000    0.99842320103
  9195.75418100    0.99805920886
  9198.05925400    0.99862692537
  9200.37651800    0.99981921377
  9202.70597500    0.99962642434
  9205.04762300    0.99836941722
  9207.40146400    0.99837657757
  9209.76749600    0.99930901271
  9212.14572000    0.99914164954
  9214.53613600    0.99842674998
  9216.93874400    0.99818492852
  9219.35354400    0.99624756104
  9221.78053600    0.99359315888
  9224.21972000    0.99165892441
  9226.67109600    0.99039187597
  9229.13466300    0.98940800676
  9231.61042300    0.98954479961
  9234.09837400    0.99046586066
  9236.59851700    0.99113179457
  9239.11085200    0.99142910407
  9241.63538000    0.99176555139
  9244.17209900    0.99229470914
  9246.72100900    0.99313839857
  9249.28211200    0.99476510071
  9251.85540700    0.99656281343
  9254.44089400    0.99726921476
  9257.03857200    0.99775235552
  9259.64844300    0.99884209255
  9262.27050500    0.99889193555
  9264.90475900    0.99839542227
  9267.55120500    0.99812673437
  9270.20984400    0.99799510902
  9272.88067400    0.99607523848
  9275.56369600    0.99398967069
  9278.25890900    0.99521666358
  9280.96631500    0.99795764465
  9283.68591300    0.99778264765
  9286.41770200    0.99741171896
  9289.16168400    0.99908780033
  9291.91785700    0.99980645855
  9294.68622200    0.99973983638
  9297.46678000    0.99910378071
  9300.25952900    0.99764348411
  9303.06447000    0.99604521385
  9305.88160200    0.99649784024
  9308.71092700    0.99655911791
  9311.55244400    0.99640278597
  9314.40615300    0.99589755006
  9317.27205300    0.99520840260
  9320.15014600    0.99490657447
  9323.04043000    0.99548416719
  9325.94290600    0.99546760754
  9328.85757400    0.99536187110
  9331.78443500    0.99542809001
  9334.72348700    0.99545076154
  9337.67473000    0.99517688146
  9340.63816600    0.99407555533
  9343.61379400    0.99291790137
  9346.60161400    0.99215896298
  9349.60162500    0.99209413713
  9352.61382900    0.99437672354
  9355.63822400    0.99679103072
  9358.67481100    0.99793178147
  9361.72359000    0.99839295141
  9364.78456100    0.99863095198
  9367.85772400    0.99902052963
  9370.94307900    0.99865926261
  9374.04062600    0.99664449747
  9377.15036500    0.99613534560
  9380.27229500    0.99673109302
  9383.40641800    0.99820009701
  9386.55273200    0.99944923036
  9389.71123900    1.00009571317
  9392.88193700    1.00114734520
  9396.06482700    1.00287672160
  9399.25990900    1.00359560106
  9402.46718300    1.00395521934
  9405.68664900    1.00402458723
  9408.91830700    1.00424951555
  9412.16215700    1.00444850300
  9415.41819800    1.00483157243
  9418.68643200    1.00410659874
  9421.96685700    1.00358226291
  9425.25947400    1.00400756038
  9428.56428400    1.00379453871
  9431.88128500    1.00379065351
  9435.21047800    1.00377828352
  9438.55186300    1.00509025972
  9441.90544000    1.00467053381
  9445.27120900    1.00373737868
  9448.64916900    1.00432662120
  9452.03932200    1.00336472834
  9455.44166600    1.00328043313
  9458.85620300    1.00323915569
  9462.28293100    1.00171506155
  9465.72185100    1.00097217498
  9469.17296400    1.00289380983
  9472.63626800    1.00326108967
  9476.11176400    1.00382321924
  9479.59945100    1.00623118207
  9483.09933100    1.00855519985
  9486.61140300    1.00910358926
  9490.13566600    1.00821060625
  9493.67212200    1.00796223729
  9497.22076900    1.00735806847
  9500.78160900    1.00706361117
  9504.35464000    1.00600806497
  9507.93986300    1.00585760966
  9511.53727800    1.00558975492
  9515.14688500    1.00440261899
  9518.76868400    1.00311125460
  9522.40267500    1.00355898392
  9526.04885700    1.00463683706
  9529.70723200    1.00508815902
  9533.37779900    1.00551293347
  9537.06055700    1.00580769443
  9540.75550700    1.00620322079
  9544.46265000    1.00534994032
  9548.18198400    1.00346898409
  9551.91351000    1.00135197514
  9555.65722800    1.00019057767
  9559.41313800    0.99891128486
  9563.18123900    0.99922450674
  9566.96153300    1.00006617542
  9570.75401900    1.00179363333
  9574.55869600    1.00139717468
  9578.37556500    1.00065877076
  9582.20462700    1.00069559171
  9586.04588000    0.99963824651
  9589.89932500    1.00115296046
  9593.76496200    1.00276052424
  9597.64279100    1.00142573581
  9601.53281200    1.00209822100
  9605.43502500    1.00236780376
  9609.34942900    1.00065314148
  9613.27602600    0.99925270162
  9617.21481400    0.99935365709
  9621.16579500    0.99966246159
  9625.12896700    0.99901233491
  9629.10433100    0.99935304443
  9633.09188800    1.00101398494
  9637.09163600    1.00176149164
  9641.10357500    1.00072993716
  9645.12770700    1.00071589268
  9649.16403100    1.00112243631
  9653.21254700    1.00068209668
  9657.27325400    1.00115056362
  9661.34615400    1.00097927880
  9665.43124500    1.00016808249
  9669.52852900    1.00165761498
  9673.63800400    1.00481053719
  9677.75967100    1.00324502866
  9681.89353000    1.00003956213
  9686.03958100    0.99985320870
  9690.19782400    0.99853462860
  9694.36825800    0.99802641216
  9698.55088500    0.99704028598
  9702.74570400    0.99515385600
  9706.95271400    0.99536769567
  9711.17191600    0.99625923475
  9715.40331100    0.99793819559
  9719.64689700    0.99853623153
  9723.90267500    0.99884423603
  9728.17064500    0.99944516665
  9732.45080700    0.99978607371
  9736.74316100    0.99881231310
  9741.04770700    0.99844777910
  9745.36444400    0.99754860930
  9749.69337400    0.99729478922
  9754.03449500    0.99681255763
  9758.38780900    0.99763251320
  9762.75331400    0.99781816014
  9767.13101100    0.99776789381
  9771.52090000    0.99769702131
  9775.92298100    0.99650827744
  9780.33725400    0.99709832282
  9784.76371900    0.99709414703
  9789.20237600    0.99529364992
  9793.65322400    0.99399546036
  9798.11626500    0.99377087451
  9802.59149700    0.99452595047
  9807.07892200    0.99503589891
  9811.57853800    0.99575684256
  9816.09034600    0.99555122453
  9820.61434600    0.99812103586
  9825.15053800    0.99800706118
  9829.69892200    0.99722424789
  9834.25949800    0.99558243216
  9838.83226600    0.99631419895
  9843.41722600    0.99393743074
  9848.01437700    0.99380018875
  9852.62372100    0.99483596893
  9857.24525600    0.99400343278
  9861.87898300    0.99603997128
  9866.52490200    0.99833515809
  9871.18301300    0.99906233231
  9875.85331600    0.99947483006
  9880.53581100    1.00186900577
  9885.23049800    1.00371368388
  9889.93737700    1.00370220745
  9894.65644800    1.00404958989
  9899.38771000    1.00287069546
  9904.13116500    1.00374747876
  9908.88681100    1.00466006898
  9913.65464900    1.00626280534
  9918.43467900    1.00642845298
  9923.22690100    1.00618224085
  9928.03131500    1.00675324560
  9932.84792100    1.00821418232
  9937.67671900    1.00930312623
