#---------------------------------
#  energy flat
  10182.0000000    0.00557094800
  10187.0000000    0.00492471469
  10192.0000000    0.00466729132
  10197.0000000    0.00447959454
  10202.0000000    0.00420091623
  10207.0000000    0.00376217783
  10212.0000000    0.00302872149
  10217.0000000    0.00230019008
  10222.0000000    0.00152603830
  10227.0000000    0.00093022068
  10232.0000000    0.00065115356
  10237.0000000    0.00023444772
  10242.0000000    0.00006398818
  10247.0000000   -0.00011295153
  10252.0000000   -0.00039551794
  10257.0000000   -0.00071877979
  10262.0000000   -0.00068135561
  10267.0000000   -0.00083716998
  10272.0000000   -0.00092066570
  10277.0000000   -0.00092860268
  10282.0000000   -0.00104229597
  10287.0000000   -0.00089950430
  10292.0000000   -0.00063553353
  10297.0000000   -0.00032788645
  10302.0000000    0.00005259770
  10307.0000000    0.00060078854
  10312.0000000    0.00123348074
  10317.0000000    0.00220754807
  10322.0000000    0.00313340296
  10327.0000000    0.00451183264
  10332.0000000    0.00579953999
  10337.0000000    0.00705575373
  10341.0000000    0.00856488162
  10344.0000000    0.01025084651
  10346.0000000    0.01190991199
  10347.0000000    0.01306345301
  10347.2000000    0.01388468576
  10347.4000000    0.01402627873
  10347.6000000    0.01422139786
  10347.8000000    0.01454054737
  10348.0000000    0.01490648367
  10348.2000000    0.01514113182
  10348.4000000    0.01531434799
  10348.6000000    0.01551685451
  10348.8000000    0.01567037098
  10349.0000000    0.01577139811
  10349.2000000    0.01600384300
  10349.4000000    0.01634813555
  10349.6000000    0.01653120158
  10349.8000000    0.01680913723
  10350.0000000    0.01697898372
  10350.2000000    0.01729074584
  10350.4000000    0.01747575591
  10350.6000000    0.01780890258
  10350.8000000    0.01799767115
  10351.0000000    0.01832420805
  10351.2000000    0.01847526206
  10351.4000000    0.01875475295
  10351.6000000    0.01873822987
  10351.8000000    0.01888008204
  10352.0000000    0.01901480603
  10352.2000000    0.01935391445
  10352.4000000    0.01966826863
  10352.6000000    0.02004794289
  10352.8000000    0.02051211850
  10353.0000000    0.02107207097
  10353.2000000    0.02134171201
  10353.4000000    0.02176622901
  10353.6000000    0.02213618302
  10353.8000000    0.02266153140
  10354.0000000    0.02309525024
  10354.2000000    0.02344757819
  10354.4000000    0.02399236707
  10354.6000000    0.02441118152
  10354.8000000    0.02478035791
  10355.0000000    0.02495772139
  10355.2000000    0.02532508333
  10355.4000000    0.02588840548
  10355.6000000    0.02644472905
  10355.8000000    0.02679031764
  10356.0000000    0.02745485998
  10356.2000000    0.02802427349
  10356.4000000    0.02864073300
  10356.6000000    0.02933119600
  10356.8000000    0.02971203668
  10357.0000000    0.03016765848
  10357.2000000    0.03072968460
  10357.4000000    0.03139331972
  10357.6000000    0.03207496969
  10357.8000000    0.03281545958
  10358.0000000    0.03362476882
  10358.2000000    0.03435709369
  10358.4000000    0.03502694977
  10358.6000000    0.03587552881
  10358.8000000    0.03675676790
  10359.0000000    0.03770877039
  10359.2000000    0.03857627152
  10359.4000000    0.03957428319
  10359.6000000    0.04063865175
  10359.8000000    0.04146506863
  10360.0000000    0.04246515395
  10360.2000000    0.04343154241
  10360.4000000    0.04433973899
  10360.6000000    0.04542575130
  10360.8000000    0.04646912413
  10361.0000000    0.04768253651
  10361.2000000    0.04882259341
  10361.4000000    0.05021459916
  10361.6000000    0.05166388957
  10361.8000000    0.05304863752
  10362.0000000    0.05460005535
  10362.2000000    0.05631101485
  10362.4000000    0.05811788080
  10362.6000000    0.06008895416
  10362.8000000    0.06198109909
  10363.0000000    0.06426412762
  10363.2000000    0.06619178387
  10363.4000000    0.06810609097
  10363.6000000    0.07006977694
  10363.8000000    0.07202400186
  10364.0000000    0.07389865035
  10364.2000000    0.07607034963
  10364.4000000    0.07882604145
  10364.6000000    0.08237931207
  10364.8000000    0.08602745231
  10365.0000000    0.08951877255
  10365.2000000    0.09307541285
  10365.4000000    0.09691147790
  10365.6000000    0.10098704988
  10365.8000000    0.10568005204
  10366.0000000    0.11086813887
  10366.2000000    0.11631309947
  10366.4000000    0.12268796385
  10366.6000000    0.12928082100
  10366.8000000    0.13638185275
  10367.0000000    0.14431882588
  10367.2000000    0.15319179415
  10367.4000000    0.16288502179
  10367.6000000    0.17418157204
  10367.8000000    0.18661292891
  10368.0000000    0.20034291100
  10368.2000000    0.21562541118
  10368.4000000    0.23337698412
  10368.6000000    0.25355861920
  10368.8000000    0.27658297338
  10369.0000000    0.30205812624
  10369.2000000    0.33020893953
  10369.4000000    0.36111498968
  10369.6000000    0.39532009221
  10369.8000000    0.43225528856
  10370.0000000    0.47225664012
  10370.2000000    0.51576246530
  10370.4000000    0.56283549212
  10370.6000000    0.61368153063
  10370.8000000    0.66841009563
  10371.0000000    0.72754413651
  10371.2000000    0.79141504892
  10371.4000000    0.86220314944
  10371.6000000    0.94544379563
  10371.8000000    1.03393648653
  10372.0000000    1.10004072326
  10372.2000000    1.18222950895
  10372.4000000    1.28014021352
  10372.6000000    1.37704104906
  10372.8000000    1.47360272704
  10373.0000000    1.56777515545
  10373.2000000    1.65782320476
  10373.4000000    1.73748807109
  10373.6000000    1.80946109644
  10373.8000000    1.87255278107
  10374.0000000    1.92715012003
  10374.2000000    1.97456703113
  10374.4000000    2.01423585157
  10374.6000000    2.04741813933
  10374.8000000    2.07624042529
  10375.0000000    2.10136835141
  10375.2000000    2.12299036056
  10375.4000000    2.14198153378
  10375.6000000    2.15842870478
  10375.8000000    2.17250891130
  10376.0000000    2.18417886527
  10376.2000000    2.19227602442
  10376.4000000    2.19808009161
  10376.6000000    2.20185312408
  10376.8000000    2.20214123142
  10377.0000000    2.19877618802
  10377.2000000    2.19095756339
  10377.4000000    2.17735044278
  10377.6000000    2.15862331976
  10377.8000000    2.13577258409
  10378.0000000    2.10862430754
  10378.2000000    2.07758985062
  10378.4000000    2.04432839451
  10378.6000000    2.00932802485
  10378.8000000    1.97255867301
  10379.0000000    1.93436715717
  10379.2000000    1.89509096383
  10379.4000000    1.85516685556
  10379.6000000    1.81458472298
  10379.8000000    1.77316001046
  10380.0000000    1.73117214218
  10380.2000000    1.68790829953
  10380.4000000    1.64407274639
  10380.6000000    1.59987543962
  10380.8000000    1.55587134022
  10381.0000000    1.51224137389
  10381.2000000    1.46938575522
  10381.4000000    1.42743434619
  10381.6000000    1.38657144219
  10381.8000000    1.34753889236
  10382.0000000    1.30984368498
  10382.2000000    1.27396690712
  10382.4000000    1.24095160580
  10382.6000000    1.21013835890
  10382.8000000    1.18141648474
  10383.0000000    1.15489847842
  10383.2000000    1.13044099828
  10383.4000000    1.10851528135
  10383.6000000    1.08922423250
  10383.8000000    1.07183636980
  10384.0000000    1.05373344687
  10384.2000000    1.03756196271
  10384.4000000    1.02730618211
  10384.6000000    1.01829908917
  10384.8000000    1.01062077825
  10385.0000000    1.00374583702
  10385.2000000    0.99727716052
  10385.4000000    0.99129613916
  10385.6000000    0.98588079349
  10385.8000000    0.98120971659
  10386.0000000    0.97730545889
  10386.2000000    0.97385152865
  10386.4000000    0.97152471389
  10386.6000000    0.96990250738
  10386.8000000    0.96889418618
  10387.0000000    0.96834059706
  10387.2000000    0.96827414039
  10387.4000000    0.96876765271
  10387.6000000    0.97050466138
  10387.8000000    0.97352456551
  10388.0000000    0.97656995317
  10388.2000000    0.97999490005
  10388.4000000    0.98360007593
  10388.6000000    0.98723358519
  10388.8000000    0.99149886031
  10389.0000000    0.99582123983
  10389.2000000    1.00027952204
  10389.4000000    1.00529880536
  10389.6000000    1.01070179205
  10389.8000000    1.01590345224
  10390.0000000    1.02126952586
  10390.2000000    1.02665174647
  10390.4000000    1.03195913185
  10390.6000000    1.03556230893
  10390.8000000    1.04157359015
  10391.0000000    1.04731433385
  10391.2000000    1.05289133283
  10391.4000000    1.05865632979
  10391.6000000    1.06336331808
  10391.8000000    1.06790941133
  10392.0000000    1.07185706838
  10392.2000000    1.07520784394
  10392.4000000    1.07825801076
  10392.6000000    1.08081834746
  10392.8000000    1.08332924570
  10393.0000000    1.08531195027
  10393.2000000    1.08685873836
  10393.4000000    1.08816971698
  10393.6000000    1.08896908982
  10393.8000000    1.08971928104
  10394.0000000    1.09010716858
  10394.2000000    1.09017215137
  10394.4000000    1.09001557875
  10394.6000000    1.08974994584
  10394.8000000    1.08944990371
  10395.0000000    1.08835545812
  10395.2000000    1.08643239341
  10395.4000000    1.08414598477
  10395.6000000    1.08165020067
  10395.8000000    1.07888231260
  10396.0000000    1.07565957939
  10396.2000000    1.07188402042
  10396.4000000    1.06738481811
  10396.6000000    1.06210261368
  10396.8000000    1.05603274101
  10397.0000000    1.04900256788
  10397.2278600    1.04061163597
  10397.4835810    1.03183068650
  10397.7671620    1.02106383534
  10398.0786040    1.00337301535
  10398.4179050    0.98629607467
  10398.7850670    0.96967892623
  10399.1800900    0.95235687402
  10399.6029730    0.93436305043
  10400.0537160    0.91527830161
  10400.5323190    0.89526646076
  10401.0387830    0.87574724567
  10401.5731070    0.85699653128
  10402.1352920    0.84051315483
  10402.7253370    0.82715471173
  10403.3432420    0.81848049685
  10403.9890080    0.81476701828
  10404.6626340    0.81639320475
  10405.3641200    0.82208582830
  10406.0934670    0.83095557085
  10406.8506740    0.84169245558
  10407.6357410    0.85265526353
  10408.4486690    0.86446515568
  10409.2894570    0.87784467404
  10410.1581060    0.89350316153
  10411.0546140    0.91525995505
  10411.9789830    0.94243743020
  10412.9312130    0.96918863363
  10413.9113030    0.99032398615
  10414.9192530    1.02202370081
  10415.9550640    1.05209525268
  10417.0187340    1.08026446686
  10418.1102660    1.10428383685
  10419.2327230    1.12382419860
  10420.3673730    1.13995345397
  10421.5142140    1.15255231880
  10422.6732480    1.16263241852
  10423.8444730    1.17064550235
  10425.0278900    1.17628020879
  10426.2234990    1.17964846308
  10427.4313000    1.18125929553
  10428.6512930    1.18077775980
  10429.8834780    1.17763173528
  10431.1278550    1.17206430616
  10432.3844230    1.16415707286
  10433.6531840    1.15400432973
  10434.9341360    1.14294068320
  10436.2272800    1.13155214402
  10437.5326170    1.12019947101
  10438.8501450    1.10942979854
  10440.1798650    1.09877675548
  10441.5217770    1.08860058155
  10442.8758810    1.07922833680
  10444.2421770    1.07036835346
  10445.6206640    1.06234820913
  10447.0113440    1.05476658426
  10448.4142150    1.04744275066
  10449.8292790    1.03967548299
  10451.2565340    1.03138436192
  10452.6959810    1.02299363511
  10454.1476200    1.01518934855
  10455.6114520    1.00789210674
  10457.0874750    1.00168841915
  10458.5756890    0.99709480276
  10460.0760960    0.99310726179
  10461.5886950    0.98996910561
  10463.1134850    0.98706488867
  10464.6504680    0.98394478979
  10466.1996420    0.98121292580
  10467.7610090    0.97918438747
  10469.3345670    0.97768514599
  10470.9203170    0.97723168997
  10472.5182590    0.97814895234
  10474.1283930    0.97957495461
  10475.7507190    0.98126462595
  10477.3852370    0.98288968595
  10479.0319460    0.98457105655
  10480.6908480    0.98573316188
  10482.3619420    0.98644196283
  10484.0452270    0.98675304714
  10485.7407040    0.98606179511
  10487.4483740    0.98541965307
  10489.1682350    0.98542186341
  10490.9002880    0.98561724126
  10492.6445330    0.98713549924
  10494.4009700    0.99028284460
  10496.1695980    0.99478978298
  10497.9504190    1.00104260210
  10499.7434320    1.00829096745
  10501.5486360    1.01536591964
  10503.3660320    1.02153940082
  10505.1956210    1.02636562260
  10507.0374010    1.03004784828
  10508.8913730    1.03304361191
  10510.7575370    1.03468470790
  10512.6358930    1.03537759495
  10514.5264410    1.03555386742
  10516.4291810    1.03582707626
  10518.3441120    1.03541960451
  10520.2712360    1.03438950639
  10522.2105520    1.03208253270
  10524.1620590    1.02838772431
  10526.1257580    1.02304921522
  10528.1016490    1.01603431034
  10530.0897330    1.00788392955
  10532.0900080    0.99942333882
  10534.1024750    0.99152574525
  10536.1271330    0.98386318727
  10538.1639840    0.97724897830
  10540.2130270    0.97196997835
  10542.2742610    0.96813315013
  10544.3476880    0.96534206488
  10546.4333060    0.96321247287
  10548.5311170    0.96228599734
  10550.6411190    0.96147410707
  10552.7633130    0.96127745445
  10554.8976990    0.96212929057
  10557.0442770    0.96346517138
  10559.2030470    0.96516803455
  10561.3740080    0.96746425846
  10563.5571620    0.97023909350
  10565.7525080    0.97351723718
  10567.9600450    0.97708153792
  10570.1797750    0.98053883050
  10572.4116960    0.98297753123
  10574.6558090    0.98476782067
  10576.9121140    0.98567021703
  10579.1806110    0.98573372586
  10581.4613000    0.98605583402
  10583.7541810    0.98703493846
  10586.0592540    0.98764612288
  10588.3765180    0.98772036219
  10590.7059750    0.98638202188
  10593.0476230    0.98468136622
  10595.4014640    0.98233684257
  10597.7674960    0.97931339733
  10600.1457200    0.97492509652
  10602.5361360    0.97074835244
  10604.9387440    0.96806510886
  10607.3535440    0.96562899792
  10609.7805360    0.96495522908
  10612.2197200    0.96643897028
  10614.6710960    0.96897457247
  10617.1346630    0.97218060090
  10619.6104230    0.97589230511
  10622.0983740    0.97888943830
  10624.5985170    0.98145825002
  10627.1108520    0.98350109558
  10629.6353800    0.98575807525
  10632.1720990    0.98757734165
  10634.7210090    0.98925780591
  10637.2821120    0.99021006667
  10639.8554070    0.99101477299
  10642.4408940    0.99164757521
  10645.0385720    0.99242652611
  10647.6484430    0.99368884804
  10650.2705050    0.99420096338
  10652.9047590    0.99483015293
  10655.5512050    0.99551469106
  10658.2098440    0.99464719321
  10660.8806740    0.99271335986
  10663.5636960    0.99006098233
  10666.2589090    0.98622548954
  10668.9663150    0.98256167079
  10671.6859130    0.97898622859
  10674.4177020    0.97559341321
  10677.1616840    0.97287949261
  10679.9178570    0.97141797157
  10682.6862220    0.97142671227
  10685.4667800    0.97219094244
  10688.2595290    0.97351092575
  10691.0644700    0.97589506784
  10693.8816020    0.97871877414
  10696.7109270    0.98160057585
  10699.5524440    0.98442753483
  10702.4061530    0.98692314449
  10705.2720530    0.98865147832
  10708.1501460    0.99025671387
  10711.0404300    0.99202505824
  10713.9429060    0.99383160699
  10716.8575740    0.99650895777
  10719.7844350    0.99921030001
  10722.7234870    1.00185943837
  10725.6747300    1.00437239272
  10728.6381660    1.00603089600
  10731.6137940    1.00656562150
  10734.6016140    1.00732779446
  10737.6016250    1.00761856886
  10740.6138290    1.00801412785
  10743.6382240    1.00750508306
  10746.6748110    1.00607143011
  10749.7235900    1.00437772361
  10752.7845610    1.00174919186
  10755.8577240    0.99969642830
  10758.9430790    0.99747673784
  10762.0406260    0.99621267107
  10765.1503650    0.99549823178
  10768.2722950    0.99444477695
  10771.4064180    0.99526895300
  10774.5527320    0.99741259668
  10777.7112390    1.00008917818
  10780.8819370    1.00320321025
  10784.0648270    1.00528229532
  10787.2599090    1.00714801147
  10790.4671830    1.00837437238
  10793.6866490    1.01008648149
  10796.9183070    1.01150064217
  10800.1621570    1.01173336114
  10803.4181980    1.01263681026
  10806.6864320    1.01519326136
  10809.9668570    1.01660497655
  10813.2594740    1.01689749404
  10816.5642840    1.01756812694
  10819.8812850    1.01813255487
  10823.2104780    1.01779463039
  10826.5518630    1.01743527399
  10829.9054400    1.01702014859
  10833.2712090    1.01707895148
  10836.6491690    1.01605088080
  10840.0393220    1.01472510255
  10843.4416660    1.01474824243
  10846.8562030    1.01469766113
  10850.2829310    1.01450119105
  10853.7218510    1.01414809868
  10857.1729640    1.01401128008
  10860.6362680    1.01364817343
  10864.1117640    1.01307631168
  10867.5994510    1.01274533184
  10871.0993310    1.01272721048
  10874.6114030    1.01314084892
  10878.1356660    1.01461967983
  10881.6721220    1.01545417281
  10885.2207690    1.01588792915
  10888.7816090    1.01604739460
  10892.3546400    1.01611268147
  10895.9398630    1.01630330911
  10899.5372780    1.01589970088
  10903.1468850    1.01554934667
  10906.7686840    1.01576703275
  10910.4026750    1.01584125014
  10914.0488570    1.01598146356
  10917.7072320    1.01629735341
  10921.3777990    1.01643489420
  10925.0605570    1.01609450753
  10928.7555070    1.01494655963
  10932.4626500    1.01457463528
  10936.1819840    1.01403688666
  10939.9135100    1.01277717910
  10943.6572280    1.01228505390
  10947.4131380    1.01108241260
  10951.1812390    1.00934776483
  10954.9615330    1.00766348080
  10958.7540190    1.00658862283
  10962.5586960    1.00615504683
  10966.3755650    1.00473492798
  10970.2046270    1.00388170514
  10974.0458800    1.00242509833
  10977.8993250    1.00160961648
  10981.7649620    1.00125078654
  10985.6427910    1.00112190889
  10989.5328120    1.00146210290
  10993.4350250    1.00213595970
  10997.3494290    1.00233416054
  11001.2760260    1.00119712499
  11005.2148140    1.00058152999
  11009.1657950    0.99989457531
  11013.1289670    1.00021071018
  11017.1043310    0.99994650739
  11021.0918880    0.99936334370
  11025.0916360    0.99930014313
  11029.1035750    0.99904736021
  11033.1277070    0.99880218622
  11037.1640310    0.99857470230
  11041.2125470    0.99893568816
  11045.2732540    0.99892975191
  11049.3461540    0.99800719451
  11053.4312450    0.99703155349
  11057.5285290    0.99615902654
  11061.6380040    0.99559925165
  11065.7596710    0.99534494919
  11069.8935300    0.99547830858
  11074.0395810    0.99510772267
  11078.1978240    0.99490308914
  11082.3682580    0.99483112375
  11086.5508850    0.99471913216
  11090.7457040    0.99375889536
  11094.9527140    0.99273921399
  11099.1719160    0.99175218860
  11103.4033110    0.99083864687
  11107.6468970    0.99046949434
  11111.9026750    0.98974111299
  11116.1706450    0.98933835759
  11120.4508070    0.98971362880
  11124.7431610    0.99010759197
  11129.0477070    0.99010467711
  11133.3644440    0.98996201445
  11137.6933740    0.99068123171
  11142.0344950    0.99036246162
  11146.3878090    0.99022078053
  11150.7533140    0.98925459653
  11155.1310110    0.98855754536
  11159.5209000    0.98786897449
  11163.9229810    0.98872693262
  11168.3372540    0.98688171091
  11172.7637190    0.98589874953
  11177.2023760    0.98757058534
  11181.6532240    0.98750982322
  11186.1162650    0.98686034829
  11190.5914970    0.98762772643
  11195.0789220    0.98820347712
  11199.5785380    0.98825397869
  11204.0903460    0.98904706351
  11208.6143460    0.99111553419
  11213.1505380    0.99283049139
  11217.6989220    0.99367589211
  11222.2594980    0.99437037851
  11226.8322660    0.99462332722
  11231.4172260    0.99431035330
  11236.0143770    0.99460967426
  11240.6237210    0.99481827288
  11245.2452560    0.99482292179
  11249.8789830    0.99642342897
  11254.5249020    0.99803419963
  11259.1830130    0.99937898746
  11263.8533160    1.00056889849
  11268.5358110    1.00177216323
  11273.2304980    1.00338417780
  11277.9373770    1.00497797810
  11282.6564480    1.00633977150
  11287.3877100    1.00732767233
  11292.1311650    1.00907597374
  11296.8868110    1.01115787955
  11301.6546490    1.01366019006
  11306.4346790    1.01628126829
  11311.2269010    1.01945107204
  11316.0313150    1.02196796946
  11320.8479210    1.02553459715
  11325.6767190    1.02976839405
