#---------------------------------
#  energy flat
  10182.0000000    0.00320595606
  10187.0000000    0.00268134165
  10192.0000000    0.00245481308
  10197.0000000    0.00191849906
  10202.0000000    0.00170214407
  10207.0000000    0.00175055643
  10212.0000000    0.00187056535
  10217.0000000    0.00126659705
  10222.0000000    0.00064100988
  10227.0000000    0.00053770877
  10232.0000000    0.00016964030
  10237.0000000    4.02602129e-6
  10242.0000000   -0.00016069807
  10247.0000000   -0.00018121169
  10252.0000000   -0.00007010465
  10257.0000000   -0.00029981247
  10262.0000000   -0.00026068349
  10267.0000000   -0.00081200354
  10272.0000000   -0.00058720677
  10277.0000000   -0.00032794700
  10282.0000000   -0.00007110346
  10287.0000000    0.00019286158
  10292.0000000    0.00029328637
  10297.0000000    0.00033877383
  10302.0000000    0.00008134301
  10307.0000000   -0.00014429537
  10312.0000000    0.00010987760
  10317.0000000    0.00054653913
  10322.0000000    0.00149772935
  10327.0000000    0.00281949215
  10332.0000000    0.00404117237
  10337.0000000    0.00499325278
  10341.0000000    0.00663126910
  10344.0000000    0.00820606449
  10346.0000000    0.00991004674
  10347.0000000    0.01127573996
  10347.2000000    0.01240040706
  10347.4000000    0.01300863792
  10347.6000000    0.01321526680
  10347.8000000    0.01343919076
  10348.0000000    0.01356252348
  10348.2000000    0.01360179700
  10348.4000000    0.01335226809
  10348.6000000    0.01379810321
  10348.8000000    0.01386408238
  10349.0000000    0.01369670511
  10349.2000000    0.01350631011
  10349.4000000    0.01350565235
  10349.6000000    0.01384949735
  10349.8000000    0.01408156018
  10350.0000000    0.01414130803
  10350.2000000    0.01443250477
  10350.4000000    0.01469750455
  10350.6000000    0.01472367960
  10350.8000000    0.01441743299
  10351.0000000    0.01478785647
  10351.2000000    0.01520863916
  10351.4000000    0.01588541450
  10351.6000000    0.01640716995
  10351.8000000    0.01683850773
  10352.0000000    0.01736573148
  10352.2000000    0.01806705058
  10352.4000000    0.01852026155
  10352.6000000    0.01874800060
  10352.8000000    0.01925742059
  10353.0000000    0.01974522172
  10353.2000000    0.02015506782
  10353.4000000    0.02064096141
  10353.6000000    0.02115127158
  10353.8000000    0.02161402028
  10354.0000000    0.02196867472
  10354.2000000    0.02187060494
  10354.4000000    0.02206871345
  10354.6000000    0.02274243672
  10354.8000000    0.02323328993
  10355.0000000    0.02387445775
  10355.2000000    0.02472100467
  10355.4000000    0.02517536016
  10355.6000000    0.02549923953
  10355.8000000    0.02597292482
  10356.0000000    0.02632350983
  10356.2000000    0.02711575528
  10356.4000000    0.02757049228
  10356.6000000    0.02808181982
  10356.8000000    0.02872362348
  10357.0000000    0.02940637580
  10357.2000000    0.02986480073
  10357.4000000    0.03043462634
  10357.6000000    0.03148159274
  10357.8000000    0.03197384482
  10358.0000000    0.03307473118
  10358.2000000    0.03393246904
  10358.4000000    0.03450789011
  10358.6000000    0.03498132106
  10358.8000000    0.03492877805
  10359.0000000    0.03566799373
  10359.2000000    0.03682127402
  10359.4000000    0.03784954647
  10359.6000000    0.03884208423
  10359.8000000    0.04025008547
  10360.0000000    0.04144990988
  10360.2000000    0.04262964147
  10360.4000000    0.04343447673
  10360.6000000    0.04437640094
  10360.8000000    0.04559250307
  10361.0000000    0.04717192910
  10361.2000000    0.04854203377
  10361.4000000    0.05017372655
  10361.6000000    0.05185323515
  10361.8000000    0.05358183126
  10362.0000000    0.05534857829
  10362.2000000    0.05692800432
  10362.4000000    0.05864057705
  10362.6000000    0.06058714206
  10362.8000000    0.06247559052
  10363.0000000    0.06410919085
  10363.2000000    0.06672098068
  10363.4000000    0.06911340274
  10363.6000000    0.07143689881
  10363.8000000    0.07388502121
  10364.0000000    0.07611835395
  10364.2000000    0.07863858159
  10364.4000000    0.08111544434
  10364.6000000    0.08411268560
  10364.8000000    0.08744794398
  10365.0000000    0.09144397624
  10365.2000000    0.09595886096
  10365.4000000    0.10070252401
  10365.6000000    0.10526255399
  10365.8000000    0.11042295222
  10366.0000000    0.11585091555
  10366.2000000    0.12194448520
  10366.4000000    0.12835674217
  10366.6000000    0.13539467418
  10366.8000000    0.14319053773
  10367.0000000    0.15226420265
  10367.2000000    0.16303342147
  10367.4000000    0.17458460691
  10367.6000000    0.18745492388
  10367.8000000    0.20258275776
  10368.0000000    0.21955735034
  10368.2000000    0.23853028793
  10368.4000000    0.25999142830
  10368.6000000    0.28368121805
  10368.8000000    0.31035975061
  10369.0000000    0.33956222064
  10369.2000000    0.37136887224
  10369.4000000    0.40582688537
  10369.6000000    0.44415708937
  10369.8000000    0.48507952099
  10370.0000000    0.52921642167
  10370.2000000    0.57690212061
  10370.4000000    0.62787413951
  10370.6000000    0.68296950947
  10370.8000000    0.74176500967
  10371.0000000    0.80475418579
  10371.2000000    0.87443147194
  10371.4000000    0.95399226171
  10371.6000000    1.03527798159
  10371.8000000    1.09424566959
  10372.0000000    1.17235138340
  10372.2000000    1.26186142355
  10372.4000000    1.35053926503
  10372.6000000    1.43777688523
  10372.8000000    1.52275834412
  10373.0000000    1.60471909702
  10373.2000000    1.67822492685
  10373.4000000    1.74490716620
  10373.6000000    1.80432682499
  10373.8000000    1.85546374710
  10374.0000000    1.89974452202
  10374.2000000    1.93848967972
  10374.4000000    1.97131949095
  10374.6000000    1.99907836223
  10374.8000000    2.02321119548
  10375.0000000    2.04387695235
  10375.2000000    2.06235470559
  10375.4000000    2.07944155448
  10375.6000000    2.09396728275
  10375.8000000    2.10599547482
  10376.0000000    2.11617825660
  10376.2000000    2.12344384117
  10376.4000000    2.12777467878
  10376.6000000    2.12883987328
  10376.8000000    2.12560782341
  10377.0000000    2.11792617942
  10377.2000000    2.10614058821
  10377.4000000    2.09090546459
  10377.6000000    2.07094376991
  10377.8000000    2.04760477442
  10378.0000000    2.02128804487
  10378.2000000    1.99218815058
  10378.4000000    1.96110193648
  10378.6000000    1.92822219161
  10378.8000000    1.89485494828
  10379.0000000    1.86076494229
  10379.2000000    1.82576472492
  10379.4000000    1.79028590978
  10379.6000000    1.75477867714
  10379.8000000    1.71858428760
  10380.0000000    1.68173580468
  10380.2000000    1.64458141874
  10380.4000000    1.60623450188
  10380.6000000    1.56721873867
  10380.8000000    1.52796625137
  10381.0000000    1.48874689362
  10381.2000000    1.44927300720
  10381.4000000    1.41052125495
  10381.6000000    1.37283830119
  10381.8000000    1.33783614895
  10382.0000000    1.30461774238
  10382.2000000    1.27392626102
  10382.4000000    1.24545624267
  10382.6000000    1.21808376090
  10382.8000000    1.19137313190
  10383.0000000    1.16597571837
  10383.2000000    1.14225573407
  10383.4000000    1.12100748060
  10383.6000000    1.10293242569
  10383.8000000    1.08763176473
  10384.0000000    1.07405176882
  10384.2000000    1.06260802814
  10384.4000000    1.05202197810
  10384.6000000    1.04061370604
  10384.8000000    1.03174888540
  10385.0000000    1.02408384046
  10385.2000000    1.01778007636
  10385.4000000    1.01316365582
  10385.6000000    1.00848675770
  10385.8000000    1.00432724068
  10386.0000000    1.00104601216
  10386.2000000    0.99886104059
  10386.4000000    0.99651410818
  10386.6000000    0.99432161279
  10386.8000000    0.99225786577
  10387.0000000    0.99128172632
  10387.2000000    0.99155368223
  10387.4000000    0.99271791208
  10387.6000000    0.99477594153
  10387.8000000    0.99624573417
  10388.0000000    0.99730354686
  10388.2000000    0.99899751194
  10388.4000000    1.00245994821
  10388.6000000    1.00452610951
  10388.8000000    1.00599131484
  10389.0000000    1.00826663892
  10389.2000000    1.01158556506
  10389.4000000    1.01608747075
  10389.6000000    1.02265160706
  10389.8000000    1.02727085551
  10390.0000000    1.03119885488
  10390.2000000    1.03619130991
  10390.4000000    1.04178557660
  10390.6000000    1.04740404974
  10390.8000000    1.05295262317
  10391.0000000    1.05812990439
  10391.2000000    1.06259151722
  10391.4000000    1.06712362459
  10391.6000000    1.07076278800
  10391.8000000    1.07418961954
  10392.0000000    1.07732374755
  10392.2000000    1.07986123581
  10392.4000000    1.08201293130
  10392.6000000    1.08322666284
  10392.8000000    1.08355584104
  10393.0000000    1.08393974112
  10393.2000000    1.08456784549
  10393.4000000    1.08491112772
  10393.6000000    1.08466590610
  10393.8000000    1.08394434380
  10394.0000000    1.08378567138
  10394.2000000    1.08379947750
  10394.4000000    1.08363528174
  10394.6000000    1.08382236417
  10394.8000000    1.08381745527
  10395.0000000    1.08318258206
  10395.2000000    1.08145738982
  10395.4000000    1.07844832565
  10395.6000000    1.07423881249
  10395.8000000    1.07018091843
  10396.0000000    1.06567516501
  10396.2000000    1.06021821394
  10396.4000000    1.05423379429
  10396.6000000    1.04826568343
  10396.8000000    1.04200155209
  10397.0000000    1.03476943496
  10397.2278600    1.02713971910
  10397.4835810    1.01930315762
  10397.7671620    1.00846281436
  10398.0786040    0.99400528268
  10398.4179050    0.98060770867
  10398.7850670    0.96609077597
  10399.1800900    0.95152210048
  10399.6029730    0.93510826619
  10400.0537160    0.91819595875
  10400.5323190    0.90128799493
  10401.0387830    0.88421016641
  10401.5731070    0.86896417240
  10402.1352920    0.85574058454
  10402.7253370    0.84638245058
  10403.3432420    0.84126912023
  10403.9890080    0.83948258257
  10404.6626340    0.84107745254
  10405.3641200    0.84635635016
  10406.0934670    0.85399897914
  10406.8506740    0.86202480870
  10407.6357410    0.87156771735
  10408.4486690    0.88274348523
  10409.2894570    0.89454959103
  10410.1581060    0.90795033951
  10411.0546140    0.92737162588
  10411.9789830    0.95050572174
  10412.9312130    0.97264497872
  10413.9113030    0.99151758168
  10414.9192530    1.01869415817
  10415.9550640    1.04465578196
  10417.0187340    1.06841231821
  10418.1102660    1.08878237695
  10419.2327230    1.10586867559
  10420.3673730    1.11952362272
  10421.5142140    1.13089904953
  10422.6732480    1.14009915443
  10423.8444730    1.14693005993
  10425.0278900    1.15173352093
  10426.2234990    1.15558074028
  10427.4313000    1.15635681081
  10428.6512930    1.15594224396
  10429.8834780    1.15421768004
  10431.1278550    1.14961631305
  10432.3844230    1.14297026895
  10433.6531840    1.13532454873
  10434.9341360    1.12621262205
  10436.2272800    1.11715917528
  10437.5326170    1.10823407225
  10438.8501450    1.09881436147
  10440.1798650    1.08927231471
  10441.5217770    1.08051889521
  10442.8758810    1.07286406136
  10444.2421770    1.06624999489
  10445.6206640    1.06007357459
  10447.0113440    1.05393081923
  10448.4142150    1.04751948969
  10449.8292790    1.04098395712
  10451.2565340    1.03355602864
  10452.6959810    1.02654036978
  10454.1476200    1.01988372763
  10455.6114520    1.01375818981
  10457.0874750    1.00969529127
  10458.5756890    1.00670376766
  10460.0760960    1.00242247636
  10461.5886950    0.99948550361
  10463.1134850    0.99679170391
  10464.6504680    0.99426185919
  10466.1996420    0.99248999167
  10467.7610090    0.99018520357
  10469.3345670    0.98787487351
  10470.9203170    0.98664286585
  10472.5182590    0.98603530688
  10474.1283930    0.98575982460
  10475.7507190    0.98575727223
  10477.3852370    0.98535223464
  10479.0319460    0.98560617798
  10480.6908480    0.98593905293
  10482.3619420    0.98569221934
  10484.0452270    0.98504889615
  10485.7407040    0.98440441370
  10487.4483740    0.98415104554
  10489.1682350    0.98388625410
  10490.9002880    0.98455498264
  10492.6445330    0.98711666831
  10494.4009700    0.99081318876
  10496.1695980    0.99587783266
  10497.9504190    1.00183783303
  10499.7434320    1.00749479091
  10501.5486360    1.01261628305
  10503.3660320    1.01630477991
  10505.1956210    1.01965753027
  10507.0374010    1.02244336635
  10508.8913730    1.02384384015
  10510.7575370    1.02523163338
  10512.6358930    1.02669246377
  10514.5264410    1.02680482696
  10516.4291810    1.02639455548
  10518.3441120    1.02594767933
  10520.2712360    1.02535073955
  10522.2105520    1.02280451239
  10524.1620590    1.01910504694
  10526.1257580    1.01454860582
  10528.1016490    1.00944289100
  10530.0897330    1.00362837444
  10532.0900080    0.99750583445
  10534.1024750    0.99196564160
  10536.1271330    0.98609184252
  10538.1639840    0.98206327537
  10540.2130270    0.97773983593
  10542.2742610    0.97396481401
  10544.3476880    0.97113181585
  10546.4333060    0.96899452653
  10548.5311170    0.96815407757
  10550.6411190    0.96829012503
  10552.7633130    0.97057350569
  10554.8976990    0.97315298804
  10557.0442770    0.97523563878
  10559.2030470    0.97690344364
  10561.3740080    0.97806110666
  10563.5571620    0.97935548271
  10565.7525080    0.98128870192
  10567.9600450    0.98347549567
  10570.1797750    0.98549370432
  10572.4116960    0.98626064387
  10574.6558090    0.98609655508
  10576.9121140    0.98561390660
  10579.1806110    0.98578301421
  10581.4613000    0.98679361649
  10583.7541810    0.98715502271
  10586.0592540    0.98695013099
  10588.3765180    0.98613110069
  10590.7059750    0.98465643811
  10593.0476230    0.98210593237
  10595.4014640    0.97892360529
  10597.7674960    0.97624476748
  10600.1457200    0.97411004080
  10602.5361360    0.97286270244
  10604.9387440    0.97241974768
  10607.3535440    0.97249901419
  10609.7805360    0.97305054265
  10612.2197200    0.97429421825
  10614.6710960    0.97540610771
  10617.1346630    0.97679123719
  10619.6104230    0.97850414167
  10622.0983740    0.97921676019
  10624.5985170    0.97995518623
  10627.1108520    0.98124114929
  10629.6353800    0.98304699573
  10632.1720990    0.98437323347
  10634.7210090    0.98562965427
  10637.2821120    0.98672473647
  10639.8554070    0.98870791743
  10642.4408940    0.99105985913
  10645.0385720    0.99204623517
  10647.6484430    0.99172351175
  10650.2705050    0.99166986157
  10652.9047590    0.99263048438
  10655.5512050    0.99174302035
  10658.2098440    0.98899166749
  10660.8806740    0.98605706028
  10663.5636960    0.98407731630
  10666.2589090    0.98253937351
  10668.9663150    0.98091973144
  10671.6859130    0.97955149759
  10674.4177020    0.97911723319
  10677.1616840    0.97874750938
  10679.9178570    0.97777203883
  10682.6862220    0.97780144008
  10685.4667800    0.97889230905
  10688.2595290    0.98113073819
  10691.0644700    0.98349923123
  10693.8816020    0.98469923947
  10696.7109270    0.98631946581
  10699.5524440    0.98813262317
  10702.4061530    0.98916213173
  10705.2720530    0.99043610823
  10708.1501460    0.99108986548
  10711.0404300    0.99211309991
  10713.9429060    0.99327772159
  10716.8575740    0.99419565430
  10719.7844350    0.99613125730
  10722.7234870    0.99844718840
  10725.6747300    1.00067090927
  10728.6381660    1.00258472197
  10731.6137940    1.00368275690
  10734.6016140    1.00460264725
  10737.6016250    1.00525588199
  10740.6138290    1.00507705519
  10743.6382240    1.00502653981
  10746.6748110    1.00472865622
  10749.7235900    1.00342214088
  10752.7845610    1.00176671987
  10755.8577240    1.00095215672
  10758.9430790    1.00111219319
  10762.0406260    1.00088225226
  10765.1503650    1.00239975194
  10768.2722950    1.00411265885
  10771.4064180    1.00451369733
  10774.5527320    1.00519954841
  10777.7112390    1.00687695386
  10780.8819370    1.00878308047
  10784.0648270    1.00945972659
  10787.2599090    1.00972858668
  10790.4671830    1.01041567612
  10793.6866490    1.01073958299
  10796.9183070    1.01061552876
  10800.1621570    1.00965912100
  10803.4181980    1.00924319749
  10806.6864320    1.00980258968
  10809.9668570    1.00983355432
  10813.2594740    1.01001432414
  10816.5642840    1.01051292687
  10819.8812850    1.01198699474
  10823.2104780    1.01343357668
  10826.5518630    1.01381335216
  10829.9054400    1.01336658331
  10833.2712090    1.01293758957
  10836.6491690    1.01341215009
  10840.0393220    1.01382775947
  10843.4416660    1.01335442770
  10846.8562030    1.01338432915
  10850.2829310    1.01376453118
  10853.7218510    1.01246711274
  10857.1729640    1.01159157704
  10860.6362680    1.01157354456
  10864.1117640    1.01054610401
  10867.5994510    1.00987271538
  10871.0993310    1.01004547571
  10874.6114030    1.01034837725
  10878.1356660    1.01054510278
  10881.6721220    1.01182135219
  10885.2207690    1.01389936565
  10888.7816090    1.01552904925
  10892.3546400    1.01627242531
  10895.9398630    1.01691565898
  10899.5372780    1.01642207426
  10903.1468850    1.01558599462
  10906.7686840    1.01454606663
  10910.4026750    1.01419430075
  10914.0488570    1.01359834289
  10917.7072320    1.01296452617
  10921.3777990    1.01309714993
  10925.0605570    1.01229630039
  10928.7555070    1.01239408764
  10932.4626500    1.01250094917
  10936.1819840    1.01172988247
  10939.9135100    1.01151143920
  10943.6572280    1.01169953710
  10947.4131380    1.01062919503
  10951.1812390    1.00949168133
  10954.9615330    1.00886379579
  10958.7540190    1.00839045859
  10962.5586960    1.00738393262
  10966.3755650    1.00632417144
  10970.2046270    1.00630817564
  10974.0458800    1.00607651429
  10977.8993250    1.00451398591
  10981.7649620    1.00398223172
  10985.6427910    1.00391648658
  10989.5328120    1.00281985438
  10993.4350250    1.00247033804
  10997.3494290    1.00316672782
  11001.2760260    1.00287579895
  11005.2148140    1.00237048324
  11009.1657950    1.00162790839
  11013.1289670    1.00113594661
  11017.1043310    1.00155163216
  11021.0918880    1.00127349449
  11025.0916360    1.00055702790
  11029.1035750    0.99915874207
  11033.1277070    0.99827524688
  11037.1640310    0.99683498804
  11041.2125470    0.99566076428
  11045.2732540    0.99540169546
  11049.3461540    0.99588897840
  11053.4312450    0.99579050093
  11057.5285290    0.99658845020
  11061.6380040    0.99730813561
  11065.7596710    0.99627597785
  11069.8935300    0.99582784509
  11074.0395810    0.99478899863
  11078.1978240    0.99372315147
  11082.3682580    0.99350130193
  11086.5508850    0.99184983586
  11090.7457040    0.99205759015
  11094.9527140    0.99272139266
  11099.1719160    0.99200090644
  11103.4033110    0.99249584526
  11107.6468970    0.99215588610
  11111.9026750    0.99181826810
  11116.1706450    0.99124722366
  11120.4508070    0.99040974505
  11124.7431610    0.99067632222
  11129.0477070    0.99091530709
  11133.3644440    0.99035219974
  11137.6933740    0.98872581033
  11142.0344950    0.98905776857
  11146.3878090    0.98827375086
  11150.7533140    0.98762250394
  11155.1310110    0.98851433725
  11159.5209000    0.98879861642
  11163.9229810    0.99151354870
  11168.3372540    0.99116406198
  11172.7637190    0.99074220256
  11177.2023760    0.99323194367
  11181.6532240    0.99209282363
  11186.1162650    0.99197665385
  11190.5914970    0.99169568566
  11195.0789220    0.99091580125
  11199.5785380    0.99066977877
  11204.0903460    0.99086959392
  11208.6143460    0.99045114309
  11213.1505380    0.99080045131
  11217.6989220    0.99203929990
  11222.2594980    0.99126189244
  11226.8322660    0.99242459105
  11231.4172260    0.99350431962
  11236.0143770    0.99446600299
  11240.6237210    0.99466728542
  11245.2452560    0.99585516560
  11249.8789830    0.99621012496
  11254.5249020    0.99585919445
  11259.1830130    0.99675209188
  11263.8533160    0.99777332798
  11268.5358110    0.99928801675
  11273.2304980    1.00070301611
  11277.9373770    1.00352256324
  11282.6564480    1.00584640552
  11287.3877100    1.00757689444
  11292.1311650    1.00977067238
  11296.8868110    1.01223746113
  11301.6546490    1.01439794523
  11306.4346790    1.01636446481
  11311.2269010    1.01910913458
  11316.0313150    1.02122559616
  11320.8479210    1.02472439792
  11325.6767190    1.02825332458
