#---------------------------------
#  energy flat
  10182.0000000    0.00606952984
  10187.0000000    0.00511167153
  10192.0000000    0.00461591989
  10197.0000000    0.00401129154
  10202.0000000    0.00343287183
  10207.0000000    0.00289643811
  10212.0000000    0.00236717592
  10217.0000000    0.00175863583
  10222.0000000    0.00129196144
  10227.0000000    0.00080664110
  10232.0000000    0.00056502205
  10237.0000000    0.00024960154
  10242.0000000    0.00023773192
  10247.0000000   -0.00007716703
  10252.0000000   -0.00047655951
  10257.0000000   -0.00079393589
  10262.0000000   -0.00082132208
  10267.0000000   -0.00092172738
  10272.0000000   -0.00097062813
  10277.0000000   -0.00076813450
  10282.0000000   -0.00052887053
  10287.0000000   -0.00059654762
  10292.0000000   -0.00024684225
  10297.0000000   -0.00005373679
  10302.0000000    0.00023090334
  10307.0000000    0.00040562362
  10312.0000000    0.00093018370
  10317.0000000    0.00153780301
  10322.0000000    0.00232340641
  10327.0000000    0.00364635225
  10332.0000000    0.00451488450
  10337.0000000    0.00576076909
  10341.0000000    0.00698112388
  10344.0000000    0.00828873731
  10346.0000000    0.00942999836
  10347.0000000    0.01042746471
  10347.2000000    0.01128514705
  10347.4000000    0.01167876685
  10347.6000000    0.01195255707
  10347.8000000    0.01191392980
  10348.0000000    0.01227364787
  10348.2000000    0.01257129969
  10348.4000000    0.01289763759
  10348.6000000    0.01310662335
  10348.8000000    0.01323698317
  10349.0000000    0.01329432387
  10349.2000000    0.01348609798
  10349.4000000    0.01387763152
  10349.6000000    0.01426394940
  10349.8000000    0.01446615481
  10350.0000000    0.01465688579
  10350.2000000    0.01485961277
  10350.4000000    0.01523171801
  10350.6000000    0.01558387338
  10350.8000000    0.01608584833
  10351.0000000    0.01624124327
  10351.2000000    0.01666237563
  10351.4000000    0.01692873354
  10351.6000000    0.01714032712
  10351.8000000    0.01733157967
  10352.0000000    0.01775857963
  10352.2000000    0.01800459651
  10352.4000000    0.01833484615
  10352.6000000    0.01873081299
  10352.8000000    0.01886586690
  10353.0000000    0.01906350861
  10353.2000000    0.01933925470
  10353.4000000    0.01957783927
  10353.6000000    0.02021985445
  10353.8000000    0.02083800802
  10354.0000000    0.02135836813
  10354.2000000    0.02179945036
  10354.4000000    0.02221654058
  10354.6000000    0.02244430268
  10354.8000000    0.02280845405
  10355.0000000    0.02310258531
  10355.2000000    0.02351693732
  10355.4000000    0.02402295440
  10355.6000000    0.02448150905
  10355.8000000    0.02521453733
  10356.0000000    0.02567843803
  10356.2000000    0.02609422434
  10356.4000000    0.02673324052
  10356.6000000    0.02717640900
  10356.8000000    0.02772102189
  10357.0000000    0.02825807209
  10357.2000000    0.02894924478
  10357.4000000    0.02957078852
  10357.6000000    0.03034593319
  10357.8000000    0.03083969348
  10358.0000000    0.03141664341
  10358.2000000    0.03208825740
  10358.4000000    0.03284071399
  10358.6000000    0.03368848659
  10358.8000000    0.03460158522
  10359.0000000    0.03533748211
  10359.2000000    0.03619138310
  10359.4000000    0.03707527409
  10359.6000000    0.03796346798
  10359.8000000    0.03885061875
  10360.0000000    0.03995917390
  10360.2000000    0.04084736780
  10360.4000000    0.04183139928
  10360.6000000    0.04308742696
  10360.8000000    0.04415321377
  10361.0000000    0.04540272189
  10361.2000000    0.04681039462
  10361.4000000    0.04808793686
  10361.6000000    0.04955076509
  10361.8000000    0.05071747475
  10362.0000000    0.05216256977
  10362.2000000    0.05368694269
  10362.4000000    0.05532162663
  10362.6000000    0.05732988156
  10362.8000000    0.05919366296
  10363.0000000    0.06119605029
  10363.2000000    0.06327158712
  10363.4000000    0.06568861869
  10363.6000000    0.06789415562
  10363.8000000    0.07034678402
  10364.0000000    0.07277776746
  10364.2000000    0.07566094783
  10364.4000000    0.07851935386
  10364.6000000    0.08141192241
  10364.8000000    0.08470700882
  10365.0000000    0.08805268704
  10365.2000000    0.09161846573
  10365.4000000    0.09553825673
  10365.6000000    0.09959913108
  10365.8000000    0.10396133967
  10366.0000000    0.10897654775
  10366.2000000    0.11433807505
  10366.4000000    0.12029601204
  10366.6000000    0.12660365842
  10366.8000000    0.13331134522
  10367.0000000    0.14087987521
  10367.2000000    0.14944902783
  10367.4000000    0.15894630553
  10367.6000000    0.17003683420
  10367.8000000    0.18254302092
  10368.0000000    0.19681666135
  10368.2000000    0.21246918948
  10368.4000000    0.23032780757
  10368.6000000    0.25029693880
  10368.8000000    0.27276241096
  10369.0000000    0.29773139556
  10369.2000000    0.32556481564
  10369.4000000    0.35627310252
  10369.6000000    0.39008013800
  10369.8000000    0.42647778729
  10370.0000000    0.46603794652
  10370.2000000    0.50921203027
  10370.4000000    0.55593484291
  10370.6000000    0.60617743758
  10370.8000000    0.66075045682
  10371.0000000    0.71987543540
  10371.2000000    0.78410366762
  10371.4000000    0.85506100227
  10371.6000000    0.93900296068
  10371.8000000    1.02801961705
  10372.0000000    1.09677946758
  10372.2000000    1.17609840340
  10372.4000000    1.27399053294
  10372.6000000    1.37196194037
  10372.8000000    1.46938073258
  10373.0000000    1.56506309113
  10373.2000000    1.65655870262
  10373.4000000    1.73817311893
  10373.6000000    1.81082429413
  10373.8000000    1.87552223852
  10374.0000000    1.93227477521
  10374.2000000    1.98065839269
  10374.4000000    2.02154905919
  10374.6000000    2.05628041614
  10374.8000000    2.08577928418
  10375.0000000    2.11043787981
  10375.2000000    2.13093345484
  10375.4000000    2.14887477625
  10375.6000000    2.16501159347
  10375.8000000    2.17898220058
  10376.0000000    2.19141064970
  10376.2000000    2.20202077166
  10376.4000000    2.20924526291
  10376.6000000    2.21280169552
  10376.8000000    2.21179454160
  10377.0000000    2.20672372097
  10377.2000000    2.19823284439
  10377.4000000    2.18427294285
  10377.6000000    2.16535645373
  10377.8000000    2.14280084986
  10378.0000000    2.11711909006
  10378.2000000    2.08754864565
  10378.4000000    2.05485413069
  10378.6000000    2.01934952684
  10378.8000000    1.98173998953
  10379.0000000    1.94333308211
  10379.2000000    1.90370946571
  10379.4000000    1.86330621135
  10379.6000000    1.82245242618
  10379.8000000    1.78086516067
  10380.0000000    1.73839446433
  10380.2000000    1.69537961485
  10380.4000000    1.65180313921
  10380.6000000    1.60751821651
  10380.8000000    1.56326390386
  10381.0000000    1.51930619909
  10381.2000000    1.47569986600
  10381.4000000    1.43315188571
  10381.6000000    1.39146536667
  10381.8000000    1.35113996810
  10382.0000000    1.31325689367
  10382.2000000    1.27761534052
  10382.4000000    1.24403667205
  10382.6000000    1.21279809963
  10382.8000000    1.18417005431
  10383.0000000    1.15745076982
  10383.2000000    1.13325908261
  10383.4000000    1.11089192248
  10383.6000000    1.09163286075
  10383.8000000    1.07490661050
  10384.0000000    1.05908536662
  10384.2000000    1.04138318870
  10384.4000000    1.03026455625
  10384.6000000    1.02070314592
  10384.8000000    1.01253414276
  10385.0000000    1.00512827781
  10385.2000000    0.99810819841
  10385.4000000    0.99188906993
  10385.6000000    0.98592298770
  10385.8000000    0.98133131622
  10386.0000000    0.97661768472
  10386.2000000    0.97330036873
  10386.4000000    0.97051226589
  10386.6000000    0.96888733805
  10386.8000000    0.96807978702
  10387.0000000    0.96762776650
  10387.2000000    0.96750650176
  10387.4000000    0.96810873067
  10387.6000000    0.96990881630
  10387.8000000    0.97289528377
  10388.0000000    0.97556211337
  10388.2000000    0.97857221386
  10388.4000000    0.98125172272
  10388.6000000    0.98500312799
  10388.8000000    0.98971168479
  10389.0000000    0.99478202628
  10389.2000000    0.99973092168
  10389.4000000    1.00445040686
  10389.6000000    1.00956635925
  10389.8000000    1.01461458546
  10390.0000000    1.02025356103
  10390.2000000    1.02622928327
  10390.4000000    1.03110953380
  10390.6000000    1.03467499439
  10390.8000000    1.04040606807
  10391.0000000    1.04638339505
  10391.2000000    1.05165146752
  10391.4000000    1.05682312411
  10391.6000000    1.06250729137
  10391.8000000    1.06782095934
  10392.0000000    1.07187120812
  10392.2000000    1.07525731542
  10392.4000000    1.07827526897
  10392.6000000    1.08074382450
  10392.8000000    1.08275373391
  10393.0000000    1.08437358239
  10393.2000000    1.08572489432
  10393.4000000    1.08722100931
  10393.6000000    1.08847362201
  10393.8000000    1.08936277173
  10394.0000000    1.08969182814
  10394.2000000    1.09000530465
  10394.4000000    1.09003146534
  10394.6000000    1.08971554542
  10394.8000000    1.08936944045
  10395.0000000    1.08867030107
  10395.2000000    1.08780328257
  10395.4000000    1.08641293762
  10395.6000000    1.08409713923
  10395.8000000    1.08103660926
  10396.0000000    1.07771092634
  10396.2000000    1.07400482410
  10396.4000000    1.06969637607
  10396.6000000    1.06425384629
  10396.8000000    1.05787673288
  10397.0000000    1.05079035155
  10397.2278600    1.04247648370
  10397.4835810    1.03349269491
  10397.7671620    1.02274088145
  10398.0786040    1.00583684605
  10398.4179050    0.98918526707
  10398.7850670    0.97250933559
  10399.1800900    0.95450297146
  10399.6029730    0.93501044137
  10400.0537160    0.91588250225
  10400.5323190    0.89595425325
  10401.0387830    0.87554676133
  10401.5731070    0.85625896409
  10402.1352920    0.83945720667
  10402.7253370    0.82609765888
  10403.3432420    0.81781794268
  10403.9890080    0.81430035961
  10404.6626340    0.81557695470
  10405.3641200    0.82103331978
  10406.0934670    0.82935382770
  10406.8506740    0.83983598432
  10407.6357410    0.85128105118
  10408.4486690    0.86324866977
  10409.2894570    0.87625115175
  10410.1581060    0.89177746027
  10411.0546140    0.91391242097
  10411.9789830    0.94133041870
  10412.9312130    0.96827882302
  10413.9113030    0.98949556149
  10414.9192530    1.02218186963
  10415.9550640    1.05339045391
  10417.0187340    1.08214996706
  10418.1102660    1.10674401502
  10419.2327230    1.12554351362
  10420.3673730    1.14063082095
  10421.5142140    1.15277258955
  10422.6732480    1.16155281447
  10423.8444730    1.16916306572
  10425.0278900    1.17506946832
  10426.2234990    1.17881299446
  10427.4313000    1.18064081598
  10428.6512930    1.18004409630
  10429.8834780    1.17703060900
  10431.1278550    1.17177007347
  10432.3844230    1.16364647355
  10433.6531840    1.15345148987
  10434.9341360    1.14157103416
  10436.2272800    1.12960104192
  10437.5326170    1.11847505989
  10438.8501450    1.10718902681
  10440.1798650    1.09678210461
  10441.5217770    1.08742452909
  10442.8758810    1.07872454833
  10444.2421770    1.07015401989
  10445.6206640    1.06296855450
  10447.0113440    1.05696676265
  10448.4142150    1.05045975810
  10449.8292790    1.04279760201
  10451.2565340    1.03439878771
  10452.6959810    1.02570370607
  10454.1476200    1.01703383076
  10455.6114520    1.00944160483
  10457.0874750    1.00341670565
  10458.5756890    0.99827293541
  10460.0760960    0.99443684912
  10461.5886950    0.99105795224
  10463.1134850    0.98754444348
  10464.6504680    0.98437971912
  10466.1996420    0.98164531362
  10467.7610090    0.97955262048
  10469.3345670    0.97811666756
  10470.9203170    0.97745417857
  10472.5182590    0.97775306912
  10474.1283930    0.97899184227
  10475.7507190    0.98055310886
  10477.3852370    0.98198063916
  10479.0319460    0.98353065865
  10480.6908480    0.98517721653
  10482.3619420    0.98648649851
  10484.0452270    0.98754129580
  10485.7407040    0.98743993737
  10487.4483740    0.98687725777
  10489.1682350    0.98627453061
  10490.9002880    0.98661735267
  10492.6445330    0.98779603040
  10494.4009700    0.98998146658
  10496.1695980    0.99399364792
  10497.9504190    0.99933507729
  10499.7434320    1.00619359261
  10501.5486360    1.01302308304
  10503.3660320    1.01876952485
  10505.1956210    1.02388516847
  10507.0374010    1.02795176995
  10508.8913730    1.03097719365
  10510.7575370    1.03304414289
  10512.6358930    1.03522550594
  10514.5264410    1.03742507599
  10516.4291810    1.03820282688
  10518.3441120    1.03840657230
  10520.2712360    1.03756507628
  10522.2105520    1.03452411040
  10524.1620590    1.02991632076
  10526.1257580    1.02411695103
  10528.1016490    1.01712258247
  10530.0897330    1.00905522375
  10532.0900080    1.00060929734
  10534.1024750    0.99272382793
  10536.1271330    0.98489336029
  10538.1639840    0.97788139552
  10540.2130270    0.97224671573
  10542.2742610    0.96767160461
  10544.3476880    0.96414892595
  10546.4333060    0.96153489003
  10548.5311170    0.95973367758
  10550.6411190    0.95887712886
  10552.7633130    0.95929135469
  10554.8976990    0.95984129372
  10557.0442770    0.96136156650
  10559.2030470    0.96447659379
  10561.3740080    0.96745487872
  10563.5571620    0.97076070139
  10565.7525080    0.97416595829
  10567.9600450    0.97717314806
  10570.1797750    0.98010491832
  10572.4116960    0.98206292725
  10574.6558090    0.98411303490
  10576.9121140    0.98582706946
  10579.1806110    0.98724886610
  10581.4613000    0.98828299236
  10583.7541810    0.98836746624
  10586.0592540    0.98797377727
  10588.3765180    0.98702289403
  10590.7059750    0.98560058708
  10593.0476230    0.98375506812
  10595.4014640    0.98066065309
  10597.7674960    0.97684250508
  10600.1457200    0.97293817157
  10602.5361360    0.96926260314
  10604.9387440    0.96643350890
  10607.3535440    0.96457935951
  10609.7805360    0.96443754296
  10612.2197200    0.96571352049
  10614.6710960    0.96794766785
  10617.1346630    0.97087541661
  10619.6104230    0.97412604749
  10622.0983740    0.97706883368
  10624.5985170    0.97931843239
  10627.1108520    0.98119256101
  10629.6353800    0.98316669943
  10632.1720990    0.98489720155
  10634.7210090    0.98726921670
  10637.2821120    0.98941177344
  10639.8554070    0.99086123396
  10642.4408940    0.99184215505
  10645.0385720    0.99266957551
  10647.6484430    0.99396937464
  10650.2705050    0.99467703193
  10652.9047590    0.99526167696
  10655.5512050    0.99527134563
  10658.2098440    0.99418495630
  10660.8806740    0.99252507056
  10663.5636960    0.99096158061
  10666.2589090    0.98813261275
  10668.9663150    0.98395985385
  10671.6859130    0.97971296730
  10674.4177020    0.97547843665
  10677.1616840    0.97211777951
  10679.9178570    0.97016626745
  10682.6862220    0.96981805703
  10685.4667800    0.97028258076
  10688.2595290    0.97262864278
  10691.0644700    0.97623125351
  10693.8816020    0.97999131292
  10696.7109270    0.98365777502
  10699.5524440    0.98751392970
  10702.4061530    0.99017013750
  10705.2720530    0.99166818619
  10708.1501460    0.99300536045
  10711.0404300    0.99471318082
  10713.9429060    0.99611599548
  10716.8575740    0.99700833582
  10719.7844350    0.99780538700
  10722.7234870    0.99923057251
  10725.6747300    1.00144401673
  10728.6381660    1.00304192242
  10731.6137940    1.00420474032
  10734.6016140    1.00614326462
  10737.6016250    1.00689012638
  10740.6138290    1.00677205193
  10743.6382240    1.00666601376
  10746.6748110    1.00592418059
  10749.7235900    1.00464429258
  10752.7845610    1.00297050268
  10755.8577240    1.00170465116
  10758.9430790    1.00083388784
  10762.0406260    1.00007492519
  10765.1503650    0.99967542342
  10768.2722950    0.99976099159
  10771.4064180    1.00064447431
  10774.5527320    1.00234376779
  10777.7112390    1.00364769407
  10780.8819370    1.00542872483
  10784.0648270    1.00682773033
  10787.2599090    1.00866814640
  10790.4671830    1.00964802725
  10793.6866490    1.01062705070
  10796.9183070    1.01181997591
  10800.1621570    1.01246805827
  10803.4181980    1.01318218075
  10806.6864320    1.01435703442
  10809.9668570    1.01516606530
  10813.2594740    1.01522500359
  10816.5642840    1.01600608966
  10819.8812850    1.01751153248
  10823.2104780    1.01873613648
  10826.5518630    1.01969254024
  10829.9054400    1.01979905931
  10833.2712090    1.01901669769
  10836.6491690    1.01889071499
  10840.0393220    1.01837575647
  10843.4416660    1.01695325167
  10846.8562030    1.01502362771
  10850.2829310    1.01373028540
  10853.7218510    1.01257004577
  10857.1729640    1.01242422747
  10860.6362680    1.01259068246
  10864.1117640    1.01274722520
  10867.5994510    1.01300405322
  10871.0993310    1.01349170782
  10874.6114030    1.01395399697
  10878.1356660    1.01477991008
  10881.6721220    1.01533956367
  10885.2207690    1.01574970345
  10888.7816090    1.01604389035
  10892.3546400    1.01625673816
  10895.9398630    1.01636158308
  10899.5372780    1.01637167001
  10903.1468850    1.01661919014
  10906.7686840    1.01675100738
  10910.4026750    1.01621449724
  10914.0488570    1.01578495118
  10917.7072320    1.01536170113
  10921.3777990    1.01472674058
  10925.0605570    1.01422797328
  10928.7555070    1.01363203048
  10932.4626500    1.01265418222
  10936.1819840    1.01223226322
  10939.9135100    1.01145152172
  10943.6572280    1.01002283882
  10947.4131380    1.00774395228
  10951.1812390    1.00569410215
  10954.9615330    1.00370287350
  10958.7540190    1.00252434543
  10962.5586960    1.00300832226
  10966.3755650    1.00210905651
  10970.2046270    1.00158626009
  10974.0458800    1.00161567443
  10977.8993250    1.00197927797
  10981.7649620    1.00220715569
  10985.6427910    1.00163695751
  10989.5328120    1.00079995819
  10993.4350250    1.00076910176
  10997.3494290    1.00071260188
  11001.2760260    0.99999297823
  11005.2148140    0.99985041425
  11009.1657950    1.00001127416
  11013.1289670    1.00036598532
  11017.1043310    1.00001561276
  11021.0918880    1.00008596589
  11025.0916360    1.00007091001
  11029.1035750    0.99911384758
  11033.1277070    0.99899159353
  11037.1640310    0.99842149690
  11041.2125470    0.99822076066
  11045.2732540    0.99754517705
  11049.3461540    0.99647530600
  11053.4312450    0.99612574987
  11057.5285290    0.99587146401
  11061.6380040    0.99495470692
  11065.7596710    0.99456060334
  11069.8935300    0.99406135839
  11074.0395810    0.99326602866
  11078.1978240    0.99324146668
  11082.3682580    0.99293597098
  11086.5508850    0.99305555568
  11090.7457040    0.99271811623
  11094.9527140    0.99220103320
  11099.1719160    0.99203755964
  11103.4033110    0.99146255979
  11107.6468970    0.99167646777
  11111.9026750    0.99222431682
  11116.1706450    0.99168003807
  11120.4508070    0.99149013410
  11124.7431610    0.99137556273
  11129.0477070    0.99078273168
  11133.3644440    0.99024739375
  11137.6933740    0.99016375027
  11142.0344950    0.99039067748
  11146.3878090    0.99069218163
  11150.7533140    0.99114448947
  11155.1310110    0.99074972254
  11159.5209000    0.98995845203
  11163.9229810    0.99111381162
  11168.3372540    0.98958150162
  11172.7637190    0.98838438577
  11177.2023760    0.98978964697
  11181.6532240    0.98860198430
  11186.1162650    0.98789218828
  11190.5914970    0.98834783228
  11195.0789220    0.98875519319
  11199.5785380    0.98901234088
  11204.0903460    0.98910217211
  11208.6143460    0.98947941636
  11213.1505380    0.99066459827
  11217.6989220    0.99208486032
  11222.2594980    0.99279502806
  11226.8322660    0.99420774395
  11231.4172260    0.99599396725
  11236.0143770    0.99672528373
  11240.6237210    0.99690784746
  11245.2452560    0.99690316980
  11249.8789830    0.99725226692
  11254.5249020    0.99771598510
  11259.1830130    0.99871582534
  11263.8533160    1.00030985115
  11268.5358110    1.00161766534
  11273.2304980    1.00366215832
  11277.9373770    1.00554017916
  11282.6564480    1.00698263941
  11287.3877100    1.00873838724
  11292.1311650    1.00963701221
  11296.8868110    1.01116376073
  11301.6546490    1.01291044096
  11306.4346790    1.01532146867
  11311.2269010    1.01754267224
  11316.0313150    1.01909577940
  11320.8479210    1.02237854108
  11325.6767190    1.02596236108
