#---------------------------------
#  energy flat
  10182.0000000    0.00232020086
  10187.0000000    0.00186805211
  10192.0000000    0.00210115913
  10197.0000000    0.00203772935
  10202.0000000    0.00196452268
  10207.0000000    0.00168373151
  10212.0000000    0.00133205784
  10217.0000000    0.00096117954
  10222.0000000    0.00059038854
  10227.0000000    0.00020100398
  10232.0000000    0.00008065869
  10237.0000000   -0.00028341069
  10242.0000000    7.65936347e-6
  10247.0000000    0.00036297761
  10252.0000000    0.00023713281
  10257.0000000   -0.00007892502
  10262.0000000   -0.00050462378
  10267.0000000   -0.00106623887
  10272.0000000   -0.00099043515
  10277.0000000   -0.00049963704
  10282.0000000   -0.00024706351
  10287.0000000   -0.00064456639
  10292.0000000   -0.00060996531
  10297.0000000   -0.00032334724
  10302.0000000   -0.00017884335
  10307.0000000    0.00023618380
  10312.0000000    0.00090060915
  10317.0000000    0.00184926287
  10322.0000000    0.00289132088
  10327.0000000    0.00421952775
  10332.0000000    0.00596377652
  10337.0000000    0.00787196292
  10341.0000000    0.01065807327
  10344.0000000    0.01271983116
  10346.0000000    0.01451317173
  10347.0000000    0.01575194614
  10347.2000000    0.01713425763
  10347.4000000    0.01792000377
  10347.6000000    0.01830751591
  10347.8000000    0.01923022591
  10348.0000000    0.01958805819
  10348.2000000    0.01995968287
  10348.4000000    0.02027238429
  10348.6000000    0.02055383455
  10348.8000000    0.02052635230
  10349.0000000    0.02103851989
  10349.2000000    0.02148574095
  10349.4000000    0.02193235095
  10349.6000000    0.02212319032
  10349.8000000    0.02206480609
  10350.0000000    0.02224080553
  10350.2000000    0.02215108285
  10350.4000000    0.02219029301
  10350.6000000    0.02245079278
  10350.8000000    0.02316425971
  10351.0000000    0.02373177153
  10351.2000000    0.02431665479
  10351.4000000    0.02512789070
  10351.6000000    0.02573049459
  10351.8000000    0.02584259502
  10352.0000000    0.02643847730
  10352.2000000    0.02655642640
  10352.4000000    0.02663736297
  10352.6000000    0.02672336257
  10352.8000000    0.02708468659
  10353.0000000    0.02775730006
  10353.2000000    0.02824519999
  10353.4000000    0.02855205273
  10353.6000000    0.02915954507
  10353.8000000    0.02949642685
  10354.0000000    0.02957177662
  10354.2000000    0.02966825147
  10354.4000000    0.03035797450
  10354.6000000    0.03092269292
  10354.8000000    0.03144376447
  10355.0000000    0.03192660137
  10355.2000000    0.03226173727
  10355.4000000    0.03223687384
  10355.6000000    0.03292048631
  10355.8000000    0.03344417667
  10356.0000000    0.03429521852
  10356.2000000    0.03540883991
  10356.4000000    0.03598158935
  10356.6000000    0.03679457113
  10356.8000000    0.03723341199
  10357.0000000    0.03798790697
  10357.2000000    0.03868042341
  10357.4000000    0.03927552004
  10357.6000000    0.03973862855
  10357.8000000    0.04000096149
  10358.0000000    0.04043142215
  10358.2000000    0.04095162076
  10358.4000000    0.04189781278
  10358.6000000    0.04295085231
  10358.8000000    0.04387260208
  10359.0000000    0.04495567067
  10359.2000000    0.04585018479
  10359.4000000    0.04693045998
  10359.6000000    0.04793112328
  10359.8000000    0.04950984566
  10360.0000000    0.05126140962
  10360.2000000    0.05236665081
  10360.4000000    0.05354382203
  10360.6000000    0.05494463979
  10360.8000000    0.05636815392
  10361.0000000    0.05786289973
  10361.2000000    0.05998458911
  10361.4000000    0.06175710357
  10361.6000000    0.06382589295
  10361.8000000    0.06542399454
  10362.0000000    0.06708250339
  10362.2000000    0.06902943072
  10362.4000000    0.07114500953
  10362.6000000    0.07349069462
  10362.8000000    0.07527665232
  10363.0000000    0.07777160968
  10363.2000000    0.08023164956
  10363.4000000    0.08300158217
  10363.6000000    0.08584536529
  10363.8000000    0.08882358074
  10364.0000000    0.09220526781
  10364.2000000    0.09556251264
  10364.4000000    0.09899343338
  10364.6000000    0.10282398481
  10364.8000000    0.10712138311
  10365.0000000    0.11165918834
  10365.2000000    0.11663206552
  10365.4000000    0.12196913214
  10365.6000000    0.12780097962
  10365.8000000    0.13404869443
  10366.0000000    0.14087307161
  10366.2000000    0.14852359666
  10366.4000000    0.15657968837
  10366.6000000    0.16559810616
  10366.8000000    0.17562284606
  10367.0000000    0.18646186188
  10367.2000000    0.19964087342
  10367.4000000    0.21412614832
  10367.6000000    0.23035171103
  10367.8000000    0.24842755162
  10368.0000000    0.26852040114
  10368.2000000    0.29146600975
  10368.4000000    0.31687225401
  10368.6000000    0.34443203458
  10368.8000000    0.37406015278
  10369.0000000    0.40705466638
  10369.2000000    0.44284135721
  10369.4000000    0.48128614212
  10369.6000000    0.52219505442
  10369.8000000    0.56618019777
  10370.0000000    0.61471735994
  10370.2000000    0.66860161224
  10370.4000000    0.72681196719
  10370.6000000    0.78888122876
  10370.8000000    0.85413915569
  10371.0000000    0.92724059882
  10371.2000000    1.00134775377
  10371.4000000    1.06393208486
  10371.6000000    1.11491799528
  10371.8000000    1.18417931956
  10372.0000000    1.24983466185
  10372.2000000    1.31069735085
  10372.4000000    1.36629687300
  10372.6000000    1.41487425926
  10372.8000000    1.45496856154
  10373.0000000    1.48898280122
  10373.2000000    1.51677032448
  10373.4000000    1.53993489136
  10373.6000000    1.55991195964
  10373.8000000    1.57751161481
  10374.0000000    1.59262421554
  10374.2000000    1.60587967312
  10374.4000000    1.61757129409
  10374.6000000    1.62757896191
  10374.8000000    1.63618271454
  10375.0000000    1.64316187308
  10375.2000000    1.64973226429
  10375.4000000    1.65630242244
  10375.6000000    1.66303645949
  10375.8000000    1.66974197957
  10376.0000000    1.67510294214
  10376.2000000    1.67827643864
  10376.4000000    1.67989587200
  10376.6000000    1.67997066957
  10376.8000000    1.67753920333
  10377.0000000    1.67110665513
  10377.2000000    1.66179632026
  10377.4000000    1.65086976734
  10377.6000000    1.63733848196
  10377.8000000    1.62124855479
  10378.0000000    1.60310349572
  10378.2000000    1.58351855062
  10378.4000000    1.56333278649
  10378.6000000    1.54247147956
  10378.8000000    1.52215185322
  10379.0000000    1.50198562467
  10379.2000000    1.48153213476
  10379.4000000    1.46087448687
  10379.6000000    1.44012476568
  10379.8000000    1.42101837030
  10380.0000000    1.40207776671
  10380.2000000    1.38463331096
  10380.4000000    1.36940587437
  10380.6000000    1.35539873676
  10380.8000000    1.34208621499
  10381.0000000    1.32923663115
  10381.2000000    1.31712583307
  10381.4000000    1.30516423860
  10381.6000000    1.29371795722
  10381.8000000    1.28168918273
  10382.0000000    1.27144235269
  10382.2000000    1.26242856378
  10382.4000000    1.25328952530
  10382.6000000    1.24417136660
  10382.8000000    1.23557218534
  10383.0000000    1.22721875179
  10383.2000000    1.21886559563
  10383.4000000    1.21158066807
  10383.6000000    1.20474610372
  10383.8000000    1.19702211804
  10384.0000000    1.18947491642
  10384.2000000    1.18184209341
  10384.4000000    1.17343856762
  10384.6000000    1.16560028192
  10384.8000000    1.15915059039
  10385.0000000    1.15284782666
  10385.2000000    1.14622357231
  10385.4000000    1.13985361637
  10385.6000000    1.13351099486
  10385.8000000    1.12678141139
  10386.0000000    1.12108845176
  10386.2000000    1.11599477407
  10386.4000000    1.11224045418
  10386.6000000    1.10926489147
  10386.8000000    1.10685002583
  10387.0000000    1.10432544104
  10387.2000000    1.10113664712
  10387.4000000    1.09800032513
  10387.6000000    1.09521711434
  10387.8000000    1.09183044986
  10388.0000000    1.08916213287
  10388.2000000    1.08742166801
  10388.4000000    1.08517185103
  10388.6000000    1.08354051650
  10388.8000000    1.08179771399
  10389.0000000    1.08035686626
  10389.2000000    1.07912090231
  10389.4000000    1.07831119874
  10389.6000000    1.07656283048
  10389.8000000    1.07477719216
  10390.0000000    1.07344871510
  10390.2000000    1.07180380216
  10390.4000000    1.06995541086
  10390.6000000    1.06816542217
  10390.8000000    1.06674966439
  10391.0000000    1.06608926162
  10391.2000000    1.06504712551
  10391.4000000    1.06423762889
  10391.6000000    1.06349508794
  10391.8000000    1.06294084068
  10392.0000000    1.06212375270
  10392.2000000    1.06133468639
  10392.4000000    1.06096995492
  10392.6000000    1.06077396202
  10392.8000000    1.06019291591
  10393.0000000    1.06032147952
  10393.2000000    1.06075548260
  10393.4000000    1.06067977598
  10393.6000000    1.05926576730
  10393.8000000    1.05761161128
  10394.0000000    1.05662882871
  10394.2000000    1.05547136846
  10394.4000000    1.05499156613
  10394.6000000    1.05524773364
  10394.8000000    1.05524472213
  10395.0000000    1.05435890487
  10395.2000000    1.05307842805
  10395.4000000    1.05105883025
  10395.6000000    1.04825244881
  10395.8000000    1.04625309234
  10396.0000000    1.04437812348
  10396.2000000    1.04170694224
  10396.4000000    1.03929894500
  10396.6000000    1.03719236606
  10396.8000000    1.03400761500
  10397.0000000    1.02940686479
  10397.2278600    1.02347029173
  10397.4835810    1.01881446467
  10397.7671620    1.01371503900
  10398.0786040    1.00525770164
  10398.4179050    0.99470098570
  10398.7850670    0.98553519058
  10399.1800900    0.97410216082
  10399.6029730    0.96240686028
  10400.0537160    0.94972355186
  10400.5323190    0.93797326756
  10401.0387830    0.92708973130
  10401.5731070    0.91665909083
  10402.1352920    0.90670834548
  10402.7253370    0.90001776557
  10403.3432420    0.89476621454
  10403.9890080    0.89204678925
  10404.6626340    0.89138708673
  10405.3641200    0.89196170754
  10406.0934670    0.89248348693
  10406.8506740    0.89684354955
  10407.6357410    0.90123198503
  10408.4486690    0.90525121298
  10409.2894570    0.91156035403
  10410.1581060    0.91914295400
  10411.0546140    0.92678145929
  10411.9789830    0.93867821920
  10412.9312130    0.95382626492
  10413.9113030    0.96781314408
  10414.9192530    0.97868775381
  10415.9550640    0.99508913162
  10417.0187340    1.01071182590
  10418.1102660    1.02561043697
  10419.2327230    1.03941768172
  10420.3673730    1.05180115580
  10421.5142140    1.06078837290
  10422.6732480    1.06763146959
  10423.8444730    1.07320652997
  10425.0278900    1.07761568629
  10426.2234990    1.08037271330
  10427.4313000    1.08280412781
  10428.6512930    1.08478073678
  10429.8834780    1.08688304507
  10431.1278550    1.08830306362
  10432.3844230    1.08997798166
  10433.6531840    1.09072880756
  10434.9341360    1.09077220955
  10436.2272800    1.08945313462
  10437.5326170    1.08709491736
  10438.8501450    1.08408532040
  10440.1798650    1.08087425319
  10441.5217770    1.07678222002
  10442.8758810    1.07216066348
  10444.2421770    1.06707208296
  10445.6206640    1.06153899820
  10447.0113440    1.05610314534
  10448.4142150    1.05118213518
  10449.8292790    1.04565510517
  10451.2565340    1.04056276601
  10452.6959810    1.03520291485
  10454.1476200    1.02946153426
  10455.6114520    1.02459354379
  10457.0874750    1.02066335457
  10458.5756890    1.01698569368
  10460.0760960    1.01219683606
  10461.5886950    1.00825930010
  10463.1134850    1.00532006702
  10464.6504680    1.00204403784
  10466.1996420    0.99954313564
  10467.7610090    0.99713399184
  10469.3345670    0.99478881760
  10470.9203170    0.99300515043
  10472.5182590    0.99197936323
  10474.1283930    0.99107678992
  10475.7507190    0.98895655526
  10477.3852370    0.98677734948
  10479.0319460    0.98482387673
  10480.6908480    0.98357968834
  10482.3619420    0.98273326563
  10484.0452270    0.98290032061
  10485.7407040    0.98297058717
  10487.4483740    0.98294748902
  10489.1682350    0.98381720360
  10490.9002880    0.98526749317
  10492.6445330    0.98647684599
  10494.4009700    0.98778492755
  10496.1695980    0.99021962467
  10497.9504190    0.99338749922
  10499.7434320    0.99665383315
  10501.5486360    0.99970462141
  10503.3660320    1.00209962502
  10505.1956210    1.00474868542
  10507.0374010    1.00709755300
  10508.8913730    1.00864504424
  10510.7575370    1.00995635223
  10512.6358930    1.01091053680
  10514.5264410    1.01141720540
  10516.4291810    1.01200452402
  10518.3441120    1.01262800806
  10520.2712360    1.01262617171
  10522.2105520    1.01136074792
  10524.1620590    1.01033128784
  10526.1257580    1.00903568938
  10528.1016490    1.00778996307
  10530.0897330    1.00684062691
  10532.0900080    1.00531631350
  10534.1024750    1.00384744724
  10536.1271330    1.00292652510
  10538.1639840    1.00157827790
  10540.2130270    0.99998913898
  10542.2742610    0.99861230531
  10544.3476880    0.99743708542
  10546.4333060    0.99696328004
  10548.5311170    0.99675296980
  10550.6411190    0.99602412180
  10552.7633130    0.99489573909
  10554.8976990    0.99365337603
  10557.0442770    0.99268209525
  10559.2030470    0.99188928154
  10561.3740080    0.99058609794
  10563.5571620    0.98929795340
  10565.7525080    0.98865151407
  10567.9600450    0.98814525508
  10570.1797750    0.98747492547
  10572.4116960    0.98675091658
  10574.6558090    0.98637429794
  10576.9121140    0.98656927586
  10579.1806110    0.98645875199
  10581.4613000    0.98569846173
  10583.7541810    0.98451870067
  10586.0592540    0.98384409141
  10588.3765180    0.98258224143
  10590.7059750    0.98208252801
  10593.0476230    0.98197097244
  10595.4014640    0.98122481746
  10597.7674960    0.98053540201
  10600.1457200    0.98041719765
  10602.5361360    0.97991202401
  10604.9387440    0.97977439629
  10607.3535440    0.98063573789
  10609.7805360    0.98114676989
  10612.2197200    0.98157680615
  10614.6710960    0.98212706362
  10617.1346630    0.98294148781
  10619.6104230    0.98390963998
  10622.0983740    0.98524441319
  10624.5985170    0.98665762403
  10627.1108520    0.98775301270
  10629.6353800    0.98867657935
  10632.1720990    0.98961063302
  10634.7210090    0.99026661087
  10637.2821120    0.99053192506
  10639.8554070    0.99159937247
  10642.4408940    0.99209390925
  10645.0385720    0.99212727126
  10647.6484430    0.99227628521
  10650.2705050    0.99244421467
  10652.9047590    0.99248560331
  10655.5512050    0.99231731531
  10658.2098440    0.99190491651
  10660.8806740    0.99137965054
  10663.5636960    0.99055901745
  10666.2589090    0.99028289516
  10668.9663150    0.98977185316
  10671.6859130    0.98877143983
  10674.4177020    0.98813442960
  10677.1616840    0.98808262813
  10679.9178570    0.98788196991
  10682.6862220    0.98772928013
  10685.4667800    0.98805968858
  10688.2595290    0.98822884507
  10691.0644700    0.98866383344
  10693.8816020    0.98917386633
  10696.7109270    0.99008667201
  10699.5524440    0.99094677391
  10702.4061530    0.99146925981
  10705.2720530    0.99164558287
  10708.1501460    0.99214703060
  10711.0404300    0.99304430552
  10713.9429060    0.99368076972
  10716.8575740    0.99411052480
  10719.7844350    0.99444842121
  10722.7234870    0.99517785879
  10725.6747300    0.99596516022
  10728.6381660    0.99667165455
  10731.6137940    0.99731858846
  10734.6016140    0.99778665850
  10737.6016250    0.99803127942
  10740.6138290    0.99911788464
  10743.6382240    0.99962298548
  10746.6748110    0.99987559422
  10749.7235900    1.00020646384
  10752.7845610    1.00047111472
  10755.8577240    1.00133549631
  10758.9430790    1.00223244159
  10762.0406260    1.00277076244
  10765.1503650    1.00388578074
  10768.2722950    1.00492371925
  10771.4064180    1.00582299435
  10774.5527320    1.00665715079
  10777.7112390    1.00768618576
  10780.8819370    1.00849339334
  10784.0648270    1.00914008196
  10787.2599090    1.00982163962
  10790.4671830    1.00997189970
  10793.6866490    1.00998387542
  10796.9183070    1.00992689119
  10800.1621570    1.00993172253
  10803.4181980    1.01009038395
  10806.6864320    1.01030737812
  10809.9668570    1.01021485076
  10813.2594740    1.01006787093
  10816.5642840    1.00982365919
  10819.8812850    1.00922364521
  10823.2104780    1.00863532562
  10826.5518630    1.00830328591
  10829.9054400    1.00817566060
  10833.2712090    1.00825260958
  10836.6491690    1.00826507841
  10840.0393220    1.00817830615
  10843.4416660    1.00837270237
  10846.8562030    1.00859771474
  10850.2829310    1.00886432500
  10853.7218510    1.00924880878
  10857.1729640    1.00950759764
  10860.6362680    1.00964573814
  10864.1117640    1.00932154491
  10867.5994510    1.00892869736
  10871.0993310    1.00850122400
  10874.6114030    1.00838811272
  10878.1356660    1.00830844161
  10881.6721220    1.00843940663
  10885.2207690    1.00866106091
  10888.7816090    1.00871762857
  10892.3546400    1.00837254427
  10895.9398630    1.00803661431
  10899.5372780    1.00784445190
  10903.1468850    1.00766215898
  10906.7686840    1.00693613337
  10910.4026750    1.00647560761
  10914.0488570    1.00630592220
  10917.7072320    1.00604004525
  10921.3777990    1.00544668487
  10925.0605570    1.00536512578
  10928.7555070    1.00538705553
  10932.4626500    1.00521136532
  10936.1819840    1.00522064035
  10939.9135100    1.00517628911
  10943.6572280    1.00505656638
  10947.4131380    1.00502235404
  10951.1812390    1.00503656118
  10954.9615330    1.00502090138
  10958.7540190    1.00491944739
  10962.5586960    1.00523042260
  10966.3755650    1.00536612540
  10970.2046270    1.00553114301
  10974.0458800    1.00558334591
  10977.8993250    1.00505588120
  10981.7649620    1.00522918046
  10985.6427910    1.00526384714
  10989.5328120    1.00485578315
  10993.4350250    1.00404972977
  10997.3494290    1.00347845413
  11001.2760260    1.00253795772
  11005.2148140    1.00175244498
  11009.1657950    1.00109269039
  11013.1289670    1.00086260098
  11017.1043310    1.00092264576
  11021.0918880    1.00082429117
  11025.0916360    1.00051359198
  11029.1035750    1.00031547416
  11033.1277070    1.00031988619
  11037.1640310    0.99998234769
  11041.2125470    0.99961178123
  11045.2732540    0.99938933273
  11049.3461540    0.99919762185
  11053.4312450    0.99898633559
  11057.5285290    0.99845237667
  11061.6380040    0.99823893884
  11065.7596710    0.99753387532
  11069.8935300    0.99677999936
  11074.0395810    0.99646344643
  11078.1978240    0.99604799362
  11082.3682580    0.99577435917
  11086.5508850    0.99544437218
  11090.7457040    0.99485395622
  11094.9527140    0.99458715080
  11099.1719160    0.99436695680
  11103.4033110    0.99451384271
  11107.6468970    0.99439506284
  11111.9026750    0.99427318374
  11116.1706450    0.99438775876
  11120.4508070    0.99370667878
  11124.7431610    0.99327825164
  11129.0477070    0.99281731983
  11133.3644440    0.99219065274
  11137.6933740    0.99186458473
  11142.0344950    0.99196748933
  11146.3878090    0.99240604638
  11150.7533140    0.99282998480
  11155.1310110    0.99285589697
  11159.5209000    0.99251733026
  11163.9229810    0.99338598764
  11168.3372540    0.99300448314
  11172.7637190    0.99215127651
  11177.2023760    0.99328649619
  11181.6532240    0.99342807469
  11186.1162650    0.99331514234
  11190.5914970    0.99381362942
  11195.0789220    0.99406807507
  11199.5785380    0.99410822816
  11204.0903460    0.99422366780
  11208.6143460    0.99456260679
  11213.1505380    0.99504774046
  11217.6989220    0.99536961297
  11222.2594980    0.99575166074
  11226.8322660    0.99563417292
  11231.4172260    0.99537407593
  11236.0143770    0.99572780760
  11240.6237210    0.99573985253
  11245.2452560    0.99616990337
  11249.8789830    0.99709471999
  11254.5249020    0.99761587593
  11259.1830130    0.99839581559
  11263.8533160    0.99915182695
  11268.5358110    1.00010337249
  11273.2304980    1.00112569034
  11277.9373770    1.00244500261
  11282.6564480    1.00370168003
  11287.3877100    1.00482248321
  11292.1311650    1.00613054928
  11296.8868110    1.00748049450
  11301.6546490    1.00905382804
  11306.4346790    1.01091131552
  11311.2269010    1.01307608225
  11316.0313150    1.01460690444
  11320.8479210    1.01671599308
  11325.6767190    1.01863022483
