#---------------------------------
#  energy flat
  8794.00000000    0.00697085973
  8799.00000000    0.00570925967
  8804.00000000    0.00407366102
  8809.00000000    0.00165924110
  8814.00000000   -0.00037707035
  8819.00000000   -0.00238543464
  8824.00000000   -0.00347565292
  8829.00000000   -0.00315289627
  8834.00000000   -0.00292014588
  8839.00000000   -0.00167184544
  8844.00000000   -0.00078110410
  8849.00000000    0.00032581665
  8854.00000000    0.00137170576
  8859.00000000    0.00190550448
  8864.00000000    0.00141224551
  8869.00000000    0.00094611170
  8874.00000000    0.00032113124
  8879.00000000    0.00150696159
  8884.00000000    0.00313337050
  8889.00000000    0.00311706249
  8894.00000000    0.00370326211
  8899.00000000    0.00181059079
  8904.00000000   -0.00048793066
  8909.00000000   -0.00186275777
  8914.00000000   -0.00344081818
  8919.00000000   -0.00334143322
  8924.00000000   -0.00189483132
  8929.00000000    0.00075000455
  8934.00000000    0.00270643641
  8939.00000000    0.00413516035
  8944.00000000    0.00500165343
  8949.00000000    0.00676800358
  8953.00000000    0.00866621331
  8956.00000000    0.01125317065
  8958.00000000    0.01311569518
  8959.00000000    0.01399363182
  8959.20000000    0.01543234804
  8959.40000000    0.01626732367
  8959.60000000    0.01629368145
  8959.80000000    0.01647724193
  8960.00000000    0.01697767376
  8960.20000000    0.01673360178
  8960.40000000    0.01621786708
  8960.60000000    0.01561623600
  8960.80000000    0.01501686534
  8961.00000000    0.01498732882
  8961.20000000    0.01472044704
  8961.40000000    0.01503881141
  8961.60000000    0.01501564520
  8961.80000000    0.01548052661
  8962.00000000    0.01583875677
  8962.20000000    0.01596971086
  8962.40000000    0.01587379986
  8962.60000000    0.01628093753
  8962.80000000    0.01625099002
  8963.00000000    0.01648366351
  8963.20000000    0.01646152477
  8963.40000000    0.01647781335
  8963.60000000    0.01708304698
  8963.80000000    0.01732702262
  8964.00000000    0.01729810258
  8964.20000000    0.01764893497
  8964.40000000    0.01874817555
  8964.60000000    0.01904619604
  8964.80000000    0.01891411815
  8965.00000000    0.01864723636
  8965.20000000    0.01850878816
  8965.40000000    0.01870693870
  8965.60000000    0.01945745640
  8965.80000000    0.02040894698
  8966.00000000    0.02039358953
  8966.20000000    0.02062749598
  8966.40000000    0.02043911280
  8966.60000000    0.02115634052
  8966.80000000    0.02136414926
  8967.00000000    0.02122837248
  8967.20000000    0.02158352024
  8967.40000000    0.02135177788
  8967.60000000    0.02185590859
  8967.80000000    0.02237113597
  8968.00000000    0.02280601529
  8968.20000000    0.02353577813
  8968.40000000    0.02423060703
  8968.60000000    0.02530724329
  8968.80000000    0.02530051658
  8969.00000000    0.02540455099
  8969.20000000    0.02547735035
  8969.40000000    0.02548151480
  8969.60000000    0.02541005756
  8969.80000000    0.02555621818
  8970.00000000    0.02609281691
  8970.20000000    0.02606759576
  8970.40000000    0.02656042431
  8970.60000000    0.02758178276
  8970.80000000    0.02768910507
  8971.00000000    0.02915042561
  8971.20000000    0.02948707893
  8971.40000000    0.02972982161
  8971.60000000    0.03018874370
  8971.80000000    0.03069061398
  8972.00000000    0.03119659414
  8972.20000000    0.03188053187
  8972.40000000    0.03341398071
  8972.60000000    0.03508264443
  8972.80000000    0.03615599279
  8973.00000000    0.03732962210
  8973.20000000    0.03809041449
  8973.40000000    0.03969743009
  8973.60000000    0.04047281253
  8973.80000000    0.04199865811
  8974.00000000    0.04326455410
  8974.20000000    0.04421851060
  8974.40000000    0.04532083358
  8974.60000000    0.04663152721
  8974.80000000    0.04800551291
  8975.00000000    0.05042998259
  8975.20000000    0.05291568941
  8975.40000000    0.05514062467
  8975.60000000    0.05728254047
  8975.80000000    0.06055569928
  8976.00000000    0.06359295128
  8976.20000000    0.06619167965
  8976.40000000    0.07042798761
  8976.60000000    0.07412631296
  8976.80000000    0.07933481179
  8977.00000000    0.08482196012
  8977.20000000    0.09159508825
  8977.40000000    0.09978365724
  8977.60000000    0.10935396611
  8977.80000000    0.12046054616
  8978.00000000    0.13326697040
  8978.20000000    0.14803585982
  8978.40000000    0.16406935770
  8978.60000000    0.18242472930
  8978.80000000    0.20218814399
  8979.00000000    0.22367297971
  8979.20000000    0.24542084741
  8979.40000000    0.26862032286
  8979.60000000    0.29231791513
  8979.80000000    0.31674768159
  8980.00000000    0.34086185891
  8980.20000000    0.36447575787
  8980.40000000    0.38596392292
  8980.60000000    0.40453253167
  8980.80000000    0.42115295295
  8981.00000000    0.43444015887
  8981.20000000    0.44458834094
  8981.40000000    0.45188662876
  8981.60000000    0.45509199065
  8981.80000000    0.45619935970
  8982.00000000    0.45662746460
  8982.20000000    0.45751289112
  8982.40000000    0.45934286483
  8982.60000000    0.46297840440
  8982.80000000    0.46802681121
  8983.00000000    0.47433396489
  8983.20000000    0.48310878500
  8983.40000000    0.49322352184
  8983.60000000    0.50488161411
  8983.80000000    0.51688770469
  8984.00000000    0.52890231782
  8984.20000000    0.54079188250
  8984.40000000    0.55288847653
  8984.60000000    0.56339834499
  8984.80000000    0.57278446520
  8985.00000000    0.58133802169
  8985.20000000    0.58979488745
  8985.40000000    0.59733288197
  8985.60000000    0.60349149370
  8985.80000000    0.60944511926
  8986.00000000    0.61509738199
  8986.20000000    0.62177659335
  8986.40000000    0.62787106587
  8986.60000000    0.63543738078
  8986.80000000    0.64365643996
  8987.00000000    0.65345892448
  8987.20000000    0.66435534816
  8987.40000000    0.67621049604
  8987.60000000    0.68886839830
  8987.80000000    0.70346995608
  8988.00000000    0.71835087553
  8988.20000000    0.73427107241
  8988.40000000    0.74988168573
  8988.60000000    0.76737903250
  8988.80000000    0.78364844404
  8989.00000000    0.80169608815
  8989.20000000    0.81906076628
  8989.40000000    0.83700749777
  8989.60000000    0.85492658264
  8989.80000000    0.87389583545
  8990.00000000    0.89250043173
  8990.20000000    0.91124979039
  8990.40000000    0.93011267630
  8990.60000000    0.95021396208
  8990.80000000    0.96910190189
  8991.00000000    0.98769977900
  8991.20000000    1.00492998418
  8991.40000000    1.01980902432
  8991.60000000    1.03486200637
  8991.80000000    1.04745614450
  8992.00000000    1.05968151543
  8992.20000000    1.06950003219
  8992.40000000    1.07834172562
  8992.60000000    1.08672587830
  8992.80000000    1.09434178363
  8993.00000000    1.10020718147
  8993.20000000    1.10684389086
  8993.40000000    1.11295956161
  8993.60000000    1.11849151807
  8993.80000000    1.12418857932
  8994.00000000    1.12854961353
  8994.20000000    1.13342344778
  8994.40000000    1.13809044291
  8994.60000000    1.14420071356
  8994.80000000    1.14966336086
  8995.00000000    1.15452647027
  8995.20000000    1.16042433340
  8995.40000000    1.16570847943
  8995.60000000    1.17077777158
  8995.80000000    1.17607607628
  8996.00000000    1.17928193069
  8996.20000000    1.18125162713
  8996.40000000    1.18133683279
  8996.60000000    1.18236431941
  8996.80000000    1.18265520311
  8997.00000000    1.18369294307
  8997.20000000    1.18338253057
  8997.40000000    1.17983732753
  8997.60000000    1.17514288983
  8997.80000000    1.17028866969
  8998.00000000    1.16617205820
  8998.20000000    1.16174462624
  8998.40000000    1.15812076625
  8998.60000000    1.15471482101
  8998.80000000    1.15148877408
  8999.00000000    1.14795128988
  8999.20000000    1.14386481756
  8999.40000000    1.13909681357
  8999.60000000    1.13532842211
  8999.80000000    1.13110515841
  9000.00000000    1.12706446397
  9000.20000000    1.12431374446
  9000.40000000    1.11981724082
  9000.60000000    1.11536726935
  9000.80000000    1.11061407963
  9001.00000000    1.10652205367
  9001.20000000    1.10289268446
  9001.40000000    1.09937642706
  9001.60000000    1.09685854841
  9001.80000000    1.09289100156
  9002.00000000    1.08879613861
  9002.20000000    1.08385534788
  9002.40000000    1.07836269084
  9002.60000000    1.07317980264
  9002.80000000    1.06802721172
  9003.00000000    1.06369976776
  9003.20000000    1.05903499264
  9003.40000000    1.05572142829
  9003.60000000    1.05150357539
  9003.80000000    1.04748123633
  9004.00000000    1.04432000525
  9004.20000000    1.03974157301
  9004.40000000    1.03601048051
  9004.60000000    1.03344750338
  9004.80000000    1.03118196460
  9005.00000000    1.02944114014
  9005.20000000    1.02851744752
  9005.40000000    1.02636930639
  9005.60000000    1.02422721315
  9005.80000000    1.02152708744
  9006.00000000    1.01882972156
  9006.20000000    1.01705942628
  9006.40000000    1.01554711389
  9006.60000000    1.01356102113
  9006.80000000    1.01207231133
  9007.00000000    1.01138162173
  9007.20000000    1.01079602737
  9007.40000000    1.00896111896
  9007.60000000    1.00684764883
  9007.80000000    1.00560597084
  9008.00000000    1.00434609153
  9008.20000000    1.00339741729
  9008.40000000    1.00269254609
  9008.60000000    1.00193967675
  9008.80000000    1.00202119929
  9009.00000000    1.00239440467
  9009.22786000    1.00281457456
  9009.48358100    1.00349833823
  9009.76716200    1.00394187384
  9010.07860400    1.00440908414
  9010.41790500    1.00563857475
  9010.78506700    1.00731517436
  9011.18009000    1.00824503027
  9011.60297300    1.00919470724
  9012.05371600    1.00814324981
  9012.53231900    1.00775701932
  9013.03878300    1.00550503172
  9013.57310700    1.00403454916
  9014.13529200    1.00289624826
  9014.72533700    1.00086651466
  9015.34324200    0.99722725052
  9015.98900800    0.99572738276
  9016.66263400    0.99275834972
  9017.36412000    0.98876043459
  9018.09346700    0.98617645867
  9018.85067400    0.98176714495
  9019.63574100    0.97765948133
  9020.44866900    0.97108107549
  9021.28945700    0.96422447796
  9022.15810600    0.95889447142
  9023.05461400    0.95451356058
  9023.97898300    0.95036779608
  9024.93121300    0.94806613803
  9025.91130300    0.94679190424
  9026.91925300    0.94591027525
  9027.95506400    0.94597007620
  9029.01873400    0.94515079972
  9030.11026600    0.94558172428
  9031.23272300    0.94853723341
  9032.36737300    0.95260155889
  9033.51421400    0.95850571399
  9034.67324800    0.96514934205
  9035.84447300    0.97313009087
  9037.02789000    0.98095388009
  9038.22349900    0.98959522801
  9039.43130000    0.99825688579
  9040.65129300    1.00662677521
  9041.88347800    1.01401142150
  9043.12785500    1.02013943383
  9044.38442300    1.02657715411
  9045.65318400    1.03110654411
  9046.93413600    1.03420277593
  9048.22728000    1.03629025722
  9049.53261700    1.03875140715
  9050.85014500    1.03813975444
  9052.17986500    1.03758934623
  9053.52177700    1.03701065144
  9054.87588100    1.03739811806
  9056.24217700    1.03540123411
  9057.62066400    1.03335673424
  9059.01134400    1.03138899989
  9060.41421500    1.02870900191
  9061.82927900    1.02665579426
  9063.25653400    1.02534780710
  9064.69598100    1.02315060131
  9066.14762000    1.02216643769
  9067.61145200    1.02072902444
  9069.08747500    1.02028345693
  9070.57568900    1.01918111688
  9072.07609600    1.01777673909
  9073.58869500    1.01552089232
  9075.11348500    1.01155323255
  9076.65046800    1.00828034738
  9078.19964200    1.00558126012
  9079.76100900    1.00239156210
  9081.33456700    0.99912168178
  9082.92031700    0.99618039580
  9084.51825900    0.99391709458
  9086.12839300    0.99208420833
  9087.75071900    0.98911243064
  9089.38523700    0.98714531499
  9091.03194600    0.98550601467
  9092.69084800    0.98380885964
  9094.36194200    0.98160818164
  9096.04522700    0.98026069693
  9097.74070400    0.97990536018
  9099.44837400    0.97939473418
  9101.16823500    0.97955782631
  9102.90028800    0.98035953471
  9104.64453300    0.98135418216
  9106.40097000    0.98289936530
  9108.16959800    0.98429233417
  9109.95041900    0.98528549926
  9111.74343200    0.98499280772
  9113.54863600    0.98606043719
  9115.36603200    0.98838690270
  9117.19562100    0.99068337512
  9119.03740100    0.99273226968
  9120.89137300    0.99544230454
  9122.75753700    0.99857616017
  9124.63589300    1.00052505040
  9126.52644100    1.00403398341
  9128.42918100    1.00723134364
  9130.34411200    1.00924092795
  9132.27123600    1.01063854356
  9134.21055200    1.01169402284
  9136.16205900    1.01165301581
  9138.12575800    1.01103666593
  9140.10164900    1.01026172653
  9142.08973300    1.00939149778
  9144.09000800    1.00759949717
  9146.10247500    1.00526712583
  9148.12713300    1.00325910900
  9150.16398400    1.00163791586
  9152.21302700    1.00074960200
  9154.27426100    0.99949190136
  9156.34768800    0.99846649337
  9158.43330600    0.99762364955
  9160.53111700    0.99597288022
  9162.64111900    0.99408093441
  9164.76331300    0.99381779379
  9166.89769900    0.99394801901
  9169.04427700    0.99293902489
  9171.20304700    0.99284244606
  9173.37400800    0.99202377078
  9175.55716200    0.99108836031
  9177.75250800    0.99135053410
  9179.96004500    0.99158717283
  9182.17977500    0.99186236128
  9184.41169600    0.99197469313
  9186.65580900    0.99213209689
  9188.91211400    0.99280471116
  9191.18061100    0.99327327470
  9193.46130000    0.99404244484
  9195.75418100    0.99524370014
  9198.05925400    0.99657985705
  9200.37651800    0.99831514099
  9202.70597500    0.99888158630
  9205.04762300    0.99988035846
  9207.40146400    1.00086260628
  9209.76749600    1.00193760622
  9212.14572000    1.00243333863
  9214.53613600    1.00235591311
  9216.93874400    1.00259834798
  9219.35354400    1.00258026915
  9221.78053600    1.00151251854
  9224.21972000    1.00098390932
  9226.67109600    1.00063969250
  9229.13466300    1.00038609604
  9231.61042300    0.99966081311
  9234.09837400    0.99983565046
  9236.59851700    1.00030843294
  9239.11085200    1.00062411873
  9241.63538000    1.00126553478
  9244.17209900    1.00166174039
  9246.72100900    1.00235638602
  9249.28211200    1.00340897200
  9251.85540700    1.00441992986
  9254.44089400    1.00537108278
  9257.03857200    1.00568818768
  9259.64844300    1.00589556184
  9262.27050500    1.00589241696
  9264.90475900    1.00543082210
  9267.55120500    1.00536840232
  9270.20984400    1.00497143447
  9272.88067400    1.00434749087
  9275.56369600    1.00345206932
  9278.25890900    1.00405846709
  9280.96631500    1.00461179577
  9283.68591300    1.00496274819
  9286.41770200    1.00495379486
  9289.16168400    1.00510388255
  9291.91785700    1.00551399002
  9294.68622200    1.00617864115
  9297.46678000    1.00560047270
  9300.25952900    1.00479325899
  9303.06447000    1.00482378256
  9305.88160200    1.00346270826
  9308.71092700    1.00262632247
  9311.55244400    1.00248216389
  9314.40615300    1.00199850502
  9317.27205300    1.00169386285
  9320.15014600    1.00089077160
  9323.04043000    0.99980155970
  9325.94290600    0.99990438782
  9328.85757400    1.00075358399
  9331.78443500    1.00121712241
  9334.72348700    1.00091960934
  9337.67473000    1.00082381936
  9340.63816600    1.00139234836
  9343.61379400    1.00109245216
  9346.60161400    1.00080922126
  9349.60162500    1.00043603312
  9352.61382900    1.00162035061
  9355.63822400    1.00234610069
  9358.67481100    1.00246883821
  9361.72359000    1.00248895715
  9364.78456100    1.00231091726
  9367.85772400    1.00215234834
  9370.94307900    1.00180591676
  9374.04062600    1.00120402229
  9377.15036500    1.00027824035
  9380.27229500    0.99991692513
  9383.40641800    0.99972737386
  9386.55273200    0.99944963935
  9389.71123900    0.99919447390
  9392.88193700    0.99914209340
  9396.06482700    0.99932885917
  9399.25990900    0.99916971950
  9402.46718300    0.99892378877
  9405.68664900    0.99969640240
  9408.91830700    0.99997983532
  9412.16215700    1.00127930952
  9415.41819800    1.00172131911
  9418.68643200    1.00033446692
  9421.96685700    1.00017298504
  9425.25947400    0.99985736393
  9428.56428400    1.00012632155
  9431.88128500    0.99988269958
  9435.21047800    0.99979164535
  9438.55186300    0.99976825440
  9441.90544000    0.99947650710
  9445.27120900    0.99812829576
  9448.64916900    0.99761761747
  9452.03932200    0.99748966731
  9455.44166600    0.99726745445
  9458.85620300    0.99753555792
  9462.28293100    0.99778122770
  9465.72185100    0.99793844871
  9469.17296400    0.99814176618
  9472.63626800    0.99832927874
  9476.11176400    0.99874279639
  9479.59945100    0.99946097030
  9483.09933100    0.99961799410
  9486.61140300    0.99949184520
  9490.13566600    1.00053674584
  9493.67212200    1.00106039001
  9497.22076900    1.00092894426
  9500.78160900    1.00061682622
  9504.35464000    1.00043324474
  9507.93986300    1.00005982278
  9511.53727800    0.99987727437
  9515.14688500    0.99946406505
  9518.76868400    0.99892472348
  9522.40267500    0.99908752641
  9526.04885700    0.99914255616
  9529.70723200    0.99783437687
  9533.37779900    0.99647212090
  9537.06055700    0.99565802166
  9540.75550700    0.99509218977
  9544.46265000    0.99530082023
  9548.18198400    0.99499149522
  9551.91351000    0.99575486661
  9555.65722800    0.99674936450
  9559.41313800    0.99622924642
  9563.18123900    0.99673578247
  9566.96153300    0.99732054093
  9570.75401900    0.99717154513
  9574.55869600    0.99617097635
  9578.37556500    0.99591976088
  9582.20462700    0.99707108813
  9586.04588000    0.99731246948
  9589.89932500    0.99815318202
  9593.76496200    0.99897030271
  9597.64279100    0.99858032221
  9601.53281200    0.99806838267
  9605.43502500    0.99829481682
  9609.34942900    0.99681192255
  9613.27602600    0.99667264761
  9617.21481400    0.99601823930
  9621.16579500    0.99482499525
  9625.12896700    0.99499100155
  9629.10433100    0.99519055245
  9633.09188800    0.99502348730
  9637.09163600    0.99538056607
  9641.10357500    0.99556284576
  9645.12770700    0.99597488146
  9649.16403100    0.99636900030
  9653.21254700    0.99836217899
  9657.27325400    1.00029500661
  9661.34615400    1.00192556253
  9665.43124500    1.00411174085
  9669.52852900    1.00697206141
  9673.63800400    1.00805638482
  9677.75967100    1.00693703602
  9681.89353000    1.00676768987
  9686.03958100    1.00751358318
  9690.19782400    1.00699254604
  9694.36825800    1.00646361219
  9698.55088500    1.00574324472
  9702.74570400    1.00499273611
  9706.95271400    1.00572347601
  9711.17191600    1.00478132257
  9715.40331100    1.00389713460
  9719.64689700    1.00277520315
  9723.90267500    1.00156779166
  9728.17064500    1.00017975564
  9732.45080700    0.99913736777
  9736.74316100    0.99859989312
  9741.04770700    0.99836328818
  9745.36444400    0.99993938925
  9749.69337400    1.00128498777
  9754.03449500    1.00001083896
  9758.38780900    0.99899819579
  9762.75331400    0.99919175386
  9767.13101100    0.99851257120
  9771.52090000    0.99925503154
  9775.92298100    1.00108443722
  9780.33725400    1.00370103015
  9784.76371900    1.00482615339
  9789.20237600    1.00439267949
  9793.65322400    1.00308682986
  9798.11626500    1.00161866140
  9802.59149700    1.00083305204
  9807.07892200    1.00011176015
  9811.57853800    1.00015747535
  9816.09034600    1.00031333956
  9820.61434600    0.99985181459
  9825.15053800    0.99999057322
  9829.69892200    1.00014717053
  9834.25949800    0.99911282428
  9838.83226600    0.99781918276
  9843.41722600    0.99602330001
  9848.01437700    0.99566129655
  9852.62372100    0.99608705861
  9857.24525600    0.99740988698
  9861.87898300    0.99971894438
  9866.52490200    1.00176029817
  9871.18301300    1.00340654136
  9875.85331600    1.00497290975
  9880.53581100    1.00401856660
  9885.23049800    1.00197336477
  9889.93737700    0.99921586105
  9894.65644800    0.99870480157
  9899.38771000    0.99837503468
  9904.13116500    0.99953109697
  9908.88681100    0.99869611873
  9913.65464900    0.99891026097
  9918.43467900    0.99873105819
  9923.22690100    0.99773777109
  9928.03131500    0.99704018914
  9932.84792100    0.99774482565
  9937.67671900    0.99738960163
