#---------------------------------
#  energy flat
  10182.0000000    0.00171648164
  10187.0000000    0.00158682158
  10192.0000000    0.00150951998
  10197.0000000    0.00156542446
  10202.0000000    0.00151507207
  10207.0000000    0.00148608654
  10212.0000000    0.00112957190
  10217.0000000    0.00110395503
  10222.0000000    0.00075966378
  10227.0000000    0.00050988725
  10232.0000000    0.00050698471
  10237.0000000    0.00049792236
  10242.0000000    0.00019848229
  10247.0000000    0.00027402119
  10252.0000000   -0.00020896223
  10257.0000000   -0.00082168683
  10262.0000000   -0.00123787472
  10267.0000000   -0.00146214575
  10272.0000000   -0.00131394023
  10277.0000000   -0.00135437917
  10282.0000000   -0.00103687488
  10287.0000000   -0.00074660854
  10292.0000000    0.00001526893
  10297.0000000    0.00034480411
  10302.0000000    0.00068839138
  10307.0000000    0.00083601941
  10312.0000000    0.00093061526
  10317.0000000    0.00151645665
  10322.0000000    0.00239171329
  10327.0000000    0.00393444404
  10332.0000000    0.00602972979
  10337.0000000    0.00855803156
  10341.0000000    0.01113243875
  10344.0000000    0.01383168154
  10346.0000000    0.01588020024
  10347.0000000    0.01700138049
  10347.2000000    0.01792113709
  10347.4000000    0.01859257599
  10347.6000000    0.01905948965
  10347.8000000    0.01956124479
  10348.0000000    0.01951544978
  10348.2000000    0.01964174471
  10348.4000000    0.01987901263
  10348.6000000    0.01999828152
  10348.8000000    0.01993323707
  10349.0000000    0.02001073469
  10349.2000000    0.02028380655
  10349.4000000    0.02062848631
  10349.6000000    0.02109905737
  10349.8000000    0.02153016708
  10350.0000000    0.02166704920
  10350.2000000    0.02175523026
  10350.4000000    0.02175197650
  10350.6000000    0.02201090003
  10350.8000000    0.02249282825
  10351.0000000    0.02286137730
  10351.2000000    0.02339672270
  10351.4000000    0.02393216435
  10351.6000000    0.02463189992
  10351.8000000    0.02461671151
  10352.0000000    0.02471288108
  10352.2000000    0.02514947688
  10352.4000000    0.02507952383
  10352.6000000    0.02562805510
  10352.8000000    0.02621864637
  10353.0000000    0.02687632193
  10353.2000000    0.02761715503
  10353.4000000    0.02808368371
  10353.6000000    0.02840921028
  10353.8000000    0.02867698855
  10354.0000000    0.02940453955
  10354.2000000    0.02985451371
  10354.4000000    0.03048100518
  10354.6000000    0.03115408028
  10354.8000000    0.03156517058
  10355.0000000    0.03229079664
  10355.2000000    0.03301218782
  10355.4000000    0.03374811232
  10355.6000000    0.03437806869
  10355.8000000    0.03461090923
  10356.0000000    0.03511699550
  10356.2000000    0.03587159195
  10356.4000000    0.03684130082
  10356.6000000    0.03763555111
  10356.8000000    0.03850227552
  10357.0000000    0.03936341758
  10357.2000000    0.03971733707
  10357.4000000    0.04030609965
  10357.6000000    0.04114751105
  10357.8000000    0.04192164568
  10358.0000000    0.04302764055
  10358.2000000    0.04424354968
  10358.4000000    0.04532028541
  10358.6000000    0.04651107403
  10358.8000000    0.04763747330
  10359.0000000    0.04844539069
  10359.2000000    0.04919074741
  10359.4000000    0.05030704073
  10359.6000000    0.05160649240
  10359.8000000    0.05306552189
  10360.0000000    0.05438980534
  10360.2000000    0.05601697863
  10360.4000000    0.05749179265
  10360.6000000    0.05902445122
  10360.8000000    0.06046461626
  10361.0000000    0.06213866192
  10361.2000000    0.06372926129
  10361.4000000    0.06551514616
  10361.6000000    0.06746859736
  10361.8000000    0.06950549485
  10362.0000000    0.07138974433
  10362.2000000    0.07331865249
  10362.4000000    0.07543428017
  10362.6000000    0.07781766747
  10362.8000000    0.08025485694
  10363.0000000    0.08303786248
  10363.2000000    0.08590084943
  10363.4000000    0.08900840043
  10363.6000000    0.09198159039
  10363.8000000    0.09522542738
  10364.0000000    0.09829919563
  10364.2000000    0.10195862790
  10364.4000000    0.10525645956
  10364.6000000    0.10904659548
  10364.8000000    0.11288562498
  10365.0000000    0.11722956712
  10365.2000000    0.12179227907
  10365.4000000    0.12682756463
  10365.6000000    0.13189278306
  10365.8000000    0.13766869059
  10366.0000000    0.14404854910
  10366.2000000    0.15070964185
  10366.4000000    0.15852444941
  10366.6000000    0.16684599832
  10366.8000000    0.17554926351
  10367.0000000    0.18513944636
  10367.2000000    0.19575812646
  10367.4000000    0.20705708156
  10367.6000000    0.22021601320
  10367.8000000    0.23475455177
  10368.0000000    0.25128223060
  10368.2000000    0.26944312763
  10368.4000000    0.28997276376
  10368.6000000    0.31276228342
  10368.8000000    0.33807107274
  10369.0000000    0.36559373946
  10369.2000000    0.39581777547
  10369.4000000    0.42907321234
  10369.6000000    0.46526977020
  10369.8000000    0.50431678424
  10370.0000000    0.54699481898
  10370.2000000    0.59310820395
  10370.4000000    0.64287407275
  10370.6000000    0.69688742538
  10370.8000000    0.75454238591
  10371.0000000    0.81703136052
  10371.2000000    0.88708959753
  10371.4000000    0.95655971204
  10371.6000000    1.00671840319
  10371.8000000    1.06333488793
  10372.0000000    1.12893854157
  10372.2000000    1.19046785300
  10372.4000000    1.24802022410
  10372.6000000    1.30117697939
  10372.8000000    1.34808016326
  10373.0000000    1.38813131049
  10373.2000000    1.42308558426
  10373.4000000    1.45288311852
  10373.6000000    1.47833912657
  10373.8000000    1.50000452690
  10374.0000000    1.51825256581
  10374.2000000    1.53394715754
  10374.4000000    1.54677915602
  10374.6000000    1.55802037101
  10374.8000000    1.56771911835
  10375.0000000    1.57624710432
  10375.2000000    1.58417699932
  10375.4000000    1.59165028645
  10375.6000000    1.59887389681
  10375.8000000    1.60497313590
  10376.0000000    1.61063270578
  10376.2000000    1.61525009895
  10376.4000000    1.61882570008
  10376.6000000    1.62084054416
  10376.8000000    1.62089135536
  10377.0000000    1.61839487554
  10377.2000000    1.61295552853
  10377.4000000    1.60482490417
  10377.6000000    1.59414487053
  10377.8000000    1.58082591749
  10378.0000000    1.56539413181
  10378.2000000    1.54827146078
  10378.4000000    1.52977301746
  10378.6000000    1.50992748314
  10378.8000000    1.48974044800
  10379.0000000    1.46867023275
  10379.2000000    1.44769085845
  10379.4000000    1.42714015240
  10379.6000000    1.40713495837
  10379.8000000    1.38789375727
  10380.0000000    1.36973512684
  10380.2000000    1.35266099184
  10380.4000000    1.33644112870
  10380.6000000    1.32157332761
  10380.8000000    1.30788395835
  10381.0000000    1.29496878258
  10381.2000000    1.28279854088
  10381.4000000    1.27118189358
  10381.6000000    1.26021566511
  10381.8000000    1.24951813895
  10382.0000000    1.23908219249
  10382.2000000    1.22876865207
  10382.4000000    1.21872323568
  10382.6000000    1.20883487378
  10382.8000000    1.19883330412
  10383.0000000    1.18854662888
  10383.2000000    1.17834174210
  10383.4000000    1.16862538403
  10383.6000000    1.15919216294
  10383.8000000    1.14988230827
  10384.0000000    1.14085693747
  10384.2000000    1.13218265344
  10384.4000000    1.12361999284
  10384.6000000    1.11538243171
  10384.8000000    1.10746092245
  10385.0000000    1.09950820509
  10385.2000000    1.09230368897
  10385.4000000    1.08525256627
  10385.6000000    1.07861739901
  10385.8000000    1.07298721958
  10386.0000000    1.06725691777
  10386.2000000    1.06195027038
  10386.4000000    1.05729307305
  10386.6000000    1.05292709350
  10386.8000000    1.04920344116
  10387.0000000    1.04531132963
  10387.2000000    1.04231217240
  10387.4000000    1.03985870946
  10387.6000000    1.03781503951
  10387.8000000    1.03629261657
  10388.0000000    1.03470009769
  10388.2000000    1.03350967123
  10388.4000000    1.03224664594
  10388.6000000    1.03135221858
  10388.8000000    1.03079751469
  10389.0000000    1.03033729626
  10389.2000000    1.03028282635
  10389.4000000    1.03011937489
  10389.6000000    1.03002268885
  10389.8000000    1.02993732969
  10390.0000000    1.02992489529
  10390.2000000    1.02965660514
  10390.4000000    1.02933669533
  10390.6000000    1.02916978718
  10390.8000000    1.02906001823
  10391.0000000    1.02888361435
  10391.2000000    1.02861997842
  10391.4000000    1.02895496747
  10391.6000000    1.02918328198
  10391.8000000    1.02948798382
  10392.0000000    1.02954856968
  10392.2000000    1.02992693025
  10392.4000000    1.03057686663
  10392.6000000    1.03095881692
  10392.8000000    1.03189396176
  10393.0000000    1.03252762594
  10393.2000000    1.03366328060
  10393.4000000    1.03463451013
  10393.6000000    1.03582784284
  10393.8000000    1.03730487672
  10394.0000000    1.03855415402
  10394.2000000    1.03971850528
  10394.4000000    1.04084528382
  10394.6000000    1.04211562660
  10394.8000000    1.04340421953
  10395.0000000    1.04476996559
  10395.2000000    1.04551526512
  10395.4000000    1.04648362795
  10395.6000000    1.04730623474
  10395.8000000    1.04745430324
  10396.0000000    1.04721503481
  10396.2000000    1.04628910045
  10396.4000000    1.04521952640
  10396.6000000    1.04334778928
  10396.8000000    1.04119497107
  10397.0000000    1.03844461078
  10397.2278600    1.03447074808
  10397.4835810    1.02965930364
  10397.7671620    1.02332037071
  10398.0786040    1.01591170973
  10398.4179050    1.00701775937
  10398.7850670    0.99664780549
  10399.1800900    0.98480441957
  10399.6029730    0.97329713844
  10400.0537160    0.96081133299
  10400.5323190    0.94472131415
  10401.0387830    0.92799664257
  10401.5731070    0.91553396192
  10402.1352920    0.90499676333
  10402.7253370    0.89633827979
  10403.3432420    0.88907364334
  10403.9890080    0.88443736145
  10404.6626340    0.88211823293
  10405.3641200    0.88194694064
  10406.0934670    0.88371606855
  10406.8506740    0.88697279090
  10407.6357410    0.89165505988
  10408.4486690    0.89755801157
  10409.2894570    0.90546429738
  10410.1581060    0.91562568138
  10411.0546140    0.92561346468
  10411.9789830    0.93550735019
  10412.9312130    0.95131954199
  10413.9113030    0.96929663738
  10414.9192530    0.98796996146
  10415.9550640    1.00694554712
  10417.0187340    1.02529777634
  10418.1102660    1.04138418686
  10419.2327230    1.05454863259
  10420.3673730    1.06544088479
  10421.5142140    1.07404659980
  10422.6732480    1.08057991890
  10423.8444730    1.08489444857
  10425.0278900    1.08758046680
  10426.2234990    1.08894278455
  10427.4313000    1.08916051420
  10428.6512930    1.08889169454
  10429.8834780    1.08857164848
  10431.1278550    1.08853810455
  10432.3844230    1.08872224479
  10433.6531840    1.08887622691
  10434.9341360    1.08857569747
  10436.2272800    1.08723017557
  10437.5326170    1.08471713387
  10438.8501450    1.08061683807
  10440.1798650    1.07554054872
  10441.5217770    1.06968624193
  10442.8758810    1.06350598588
  10444.2421770    1.05718582115
  10445.6206640    1.05122382224
  10447.0113440    1.04528840805
  10448.4142150    1.03929670514
  10449.8292790    1.03345380498
  10451.2565340    1.02790724794
  10452.6959810    1.02264518379
  10454.1476200    1.01732120750
  10455.6114520    1.01249459730
  10457.0874750    1.00798738100
  10458.5756890    1.00395325002
  10460.0760960    1.00071278419
  10461.5886950    0.99805836164
  10463.1134850    0.99610517177
  10464.6504680    0.99444154139
  10466.1996420    0.99391317388
  10467.7610090    0.99342888757
  10469.3345670    0.99279837765
  10470.9203170    0.99195491475
  10472.5182590    0.99100482130
  10474.1283930    0.99008252182
  10475.7507190    0.98899500557
  10477.3852370    0.98794483570
  10479.0319460    0.98707759576
  10480.6908480    0.98587591280
  10482.3619420    0.98480336622
  10484.0452270    0.98413373336
  10485.7407040    0.98361797198
  10487.4483740    0.98359972723
  10489.1682350    0.98365170514
  10490.9002880    0.98393717806
  10492.6445330    0.98488159379
  10494.4009700    0.98661568839
  10496.1695980    0.98884728591
  10497.9504190    0.99174850018
  10499.7434320    0.99558942482
  10501.5486360    0.99984187617
  10503.3660320    1.00387545043
  10505.1956210    1.00797081613
  10507.0374010    1.01120420449
  10508.8913730    1.01394020449
  10510.7575370    1.01610682545
  10512.6358930    1.01739742232
  10514.5264410    1.01829072314
  10516.4291810    1.01818844631
  10518.3441120    1.01736488420
  10520.2712360    1.01714957608
  10522.2105520    1.01587858072
  10524.1620590    1.01318748211
  10526.1257580    1.01063352885
  10528.1016490    1.00818800570
  10530.0897330    1.00552979299
  10532.0900080    1.00262785872
  10534.1024750    0.99996031100
  10536.1271330    0.99695288862
  10538.1639840    0.99400669212
  10540.2130270    0.99149702573
  10542.2742610    0.98931217833
  10544.3476880    0.98788307291
  10546.4333060    0.98696497609
  10548.5311170    0.98620207682
  10550.6411190    0.98589727829
  10552.7633130    0.98626666100
  10554.8976990    0.98671282042
  10557.0442770    0.98698810897
  10559.2030470    0.98807356531
  10561.3740080    0.98901912060
  10563.5571620    0.98965507016
  10565.7525080    0.99034453086
  10567.9600450    0.99082731754
  10570.1797750    0.99104208392
  10572.4116960    0.99114249756
  10574.6558090    0.99087278259
  10576.9121140    0.99044530473
  10579.1806110    0.99001140336
  10581.4613000    0.98946851215
  10583.7541810    0.98857469326
  10586.0592540    0.98786337017
  10588.3765180    0.98658306176
  10590.7059750    0.98507198926
  10593.0476230    0.98325412309
  10595.4014640    0.98196045835
  10597.7674960    0.98072380526
  10600.1457200    0.98013741709
  10602.5361360    0.97987826892
  10604.9387440    0.97989339933
  10607.3535440    0.98094620932
  10609.7805360    0.98209690383
  10612.2197200    0.98337219596
  10614.6710960    0.98502612826
  10617.1346630    0.98664035512
  10619.6104230    0.98821673798
  10622.0983740    0.98981546033
  10624.5985170    0.99106531781
  10627.1108520    0.99158297324
  10629.6353800    0.99234043527
  10632.1720990    0.99293375840
  10634.7210090    0.99313396710
  10637.2821120    0.99319158175
  10639.8554070    0.99347684954
  10642.4408940    0.99338541200
  10645.0385720    0.99351714946
  10647.6484430    0.99387905162
  10650.2705050    0.99346866380
  10652.9047590    0.99329990146
  10655.5512050    0.99297780814
  10658.2098440    0.99232801917
  10660.8806740    0.99159830506
  10663.5636960    0.99137271607
  10666.2589090    0.99132114150
  10668.9663150    0.99069247771
  10671.6859130    0.99020550301
  10674.4177020    0.99000112147
  10677.1616840    0.98938884621
  10679.9178570    0.98890841744
  10682.6862220    0.98874383817
  10685.4667800    0.98883271232
  10688.2595290    0.98973997815
  10691.0644700    0.99053642517
  10693.8816020    0.99107089995
  10696.7109270    0.99197819576
  10699.5524440    0.99311369164
  10702.4061530    0.99374064762
  10705.2720530    0.99489615340
  10708.1501460    0.99584653588
  10711.0404300    0.99713762776
  10713.9429060    0.99837491966
  10716.8575740    0.99941067452
  10719.7844350    1.00011062351
  10722.7234870    1.00073549204
  10725.6747300    1.00095542606
  10728.6381660    1.00096703707
  10731.6137940    1.00149590680
  10734.6016140    1.00175749285
  10737.6016250    1.00162480860
  10740.6138290    1.00144112422
  10743.6382240    1.00135047475
  10746.6748110    1.00096964672
  10749.7235900    1.00088540075
  10752.7845610    1.00106369834
  10755.8577240    1.00126356424
  10758.9430790    1.00170292512
  10762.0406260    1.00236023958
  10765.1503650    1.00278315917
  10768.2722950    1.00320865353
  10771.4064180    1.00393143462
  10774.5527320    1.00484774841
  10777.7112390    1.00590272836
  10780.8819370    1.00675622867
  10784.0648270    1.00756742850
  10787.2599090    1.00818597244
  10790.4671830    1.00859220466
  10793.6866490    1.00870121016
  10796.9183070    1.00850891762
  10800.1621570    1.00849441312
  10803.4181980    1.00845169214
  10806.6864320    1.00876416339
  10809.9668570    1.00865353061
  10813.2594740    1.00826796845
  10816.5642840    1.00820396811
  10819.8812850    1.00757523519
  10823.2104780    1.00763292856
  10826.5518630    1.00841279575
  10829.9054400    1.00866529740
  10833.2712090    1.00911357367
  10836.6491690    1.00955525052
  10840.0393220    1.00904165024
  10843.4416660    1.00849610245
  10846.8562030    1.00856628171
  10850.2829310    1.00857742678
  10853.7218510    1.00884034508
  10857.1729640    1.00917016992
  10860.6362680    1.00921495020
  10864.1117640    1.00921811782
  10867.5994510    1.00897844315
  10871.0993310    1.00872241743
  10874.6114030    1.00847961165
  10878.1356660    1.00860933954
  10881.6721220    1.00836464901
  10885.2207690    1.00821361469
  10888.7816090    1.00839158448
  10892.3546400    1.00809232224
  10895.9398630    1.00734674976
  10899.5372780    1.00683642139
  10903.1468850    1.00669062716
  10906.7686840    1.00649813473
  10910.4026750    1.00651374466
  10914.0488570    1.00671603083
  10917.7072320    1.00676402786
  10921.3777990    1.00682707723
  10925.0605570    1.00684391548
  10928.7555070    1.00678369568
  10932.4626500    1.00635108735
  10936.1819840    1.00576626556
  10939.9135100    1.00505460373
  10943.6572280    1.00409576220
  10947.4131380    1.00288471035
  10951.1812390    1.00266455635
  10954.9615330    1.00210611051
  10958.7540190    1.00132197312
  10962.5586960    1.00114448675
  10966.3755650    1.00086354219
  10970.2046270    1.00072265377
  10974.0458800    1.00050720812
  10977.8993250    1.00015524533
  10981.7649620    0.99960442889
  10985.6427910    0.99943940357
  10989.5328120    0.99887291549
  10993.4350250    0.99872831945
  10997.3494290    0.99846438771
  11001.2760260    0.99839534460
  11005.2148140    0.99840674203
  11009.1657950    0.99836181004
  11013.1289670    0.99807720809
  11017.1043310    0.99802447035
  11021.0918880    0.99817022943
  11025.0916360    0.99857391394
  11029.1035750    0.99899447950
  11033.1277070    0.99963978952
  11037.1640310    0.99969153501
  11041.2125470    0.99977454952
  11045.2732540    1.00008441854
  11049.3461540    0.99961345745
  11053.4312450    0.99882042085
  11057.5285290    0.99802701935
  11061.6380040    0.99696190671
  11065.7596710    0.99585654562
  11069.8935300    0.99506522706
  11074.0395810    0.99457209211
  11078.1978240    0.99432203012
  11082.3682580    0.99443300126
  11086.5508850    0.99436368849
  11090.7457040    0.99467097563
  11094.9527140    0.99539896084
  11099.1719160    0.99528260621
  11103.4033110    0.99528694073
  11107.6468970    0.99514678504
  11111.9026750    0.99498774194
  11116.1706450    0.99432003220
  11120.4508070    0.99391589156
  11124.7431610    0.99393332894
  11129.0477070    0.99374326708
  11133.3644440    0.99396189913
  11137.6933740    0.99385605464
  11142.0344950    0.99409991740
  11146.3878090    0.99448914908
  11150.7533140    0.99495842146
  11155.1310110    0.99513617191
  11159.5209000    0.99486857670
  11163.9229810    0.99661995534
  11168.3372540    0.99624151258
  11172.7637190    0.99506479579
  11177.2023760    0.99652880994
  11181.6532240    0.99657435872
  11186.1162650    0.99656098987
  11190.5914970    0.99657416565
  11195.0789220    0.99695770435
  11199.5785380    0.99698134183
  11204.0903460    0.99710272728
  11208.6143460    0.99762593398
  11213.1505380    0.99770164382
  11217.6989220    0.99837702822
  11222.2594980    0.99931198777
  11226.8322660    1.00002555374
  11231.4172260    1.00052342045
  11236.0143770    1.00112951423
  11240.6237210    1.00089444734
  11245.2452560    1.00071913068
  11249.8789830    1.00013010303
  11254.5249020    0.99979524386
  11259.1830130    1.00009970000
  11263.8533160    1.00047600622
  11268.5358110    1.00051189081
  11273.2304980    1.00128041227
  11277.9373770    1.00147409617
  11282.6564480    1.00176570283
  11287.3877100    1.00204612771
  11292.1311650    1.00271430296
  11296.8868110    1.00349220970
  11301.6546490    1.00435962470
  11306.4346790    1.00573179742
  11311.2269010    1.00739283847
  11316.0313150    1.00810611212
  11320.8479210    1.01017808537
  11325.6767190    1.01207347594
