#---------------------------------
#  energy flat
  10182.0000000    0.00297548256
  10187.0000000    0.00285541748
  10192.0000000    0.00249881386
  10197.0000000    0.00217935837
  10202.0000000    0.00182672873
  10207.0000000    0.00136066772
  10212.0000000    0.00106376028
  10217.0000000    0.00062577634
  10222.0000000    0.00018623737
  10227.0000000    0.00016025208
  10232.0000000    0.00032743705
  10237.0000000    0.00004063735
  10242.0000000   -0.00016944714
  10247.0000000   -0.00002904338
  10252.0000000   -0.00027713991
  10257.0000000   -0.00044247387
  10262.0000000   -0.00037999479
  10267.0000000   -0.00019008898
  10272.0000000   -0.00041287295
  10277.0000000   -0.00021337775
  10282.0000000   -0.00014597438
  10287.0000000    0.00017446822
  10292.0000000   -0.00022403503
  10297.0000000   -0.00005227134
  10302.0000000   -0.00009855851
  10307.0000000   -0.00019477968
  10312.0000000    0.00019883609
  10317.0000000    0.00111641323
  10322.0000000    0.00251544738
  10327.0000000    0.00441261200
  10332.0000000    0.00572093560
  10337.0000000    0.00738657235
  10341.0000000    0.00947692083
  10344.0000000    0.01177773136
  10346.0000000    0.01385964072
  10347.0000000    0.01499117635
  10347.2000000    0.01629211832
  10347.4000000    0.01689044235
  10347.6000000    0.01719443226
  10347.8000000    0.01796545187
  10348.0000000    0.01798201895
  10348.2000000    0.01777699312
  10348.4000000    0.01755719444
  10348.6000000    0.01771889838
  10348.8000000    0.01844836393
  10349.0000000    0.01922854099
  10349.2000000    0.01983256682
  10349.4000000    0.02038795452
  10349.6000000    0.02042767438
  10349.8000000    0.02055257576
  10350.0000000    0.02028206556
  10350.2000000    0.02004965379
  10350.4000000    0.02016427464
  10350.6000000    0.02058757051
  10350.8000000    0.02121086153
  10351.0000000    0.02177722089
  10351.2000000    0.02183966158
  10351.4000000    0.02186806421
  10351.6000000    0.02196868972
  10351.8000000    0.02240364838
  10352.0000000    0.02283670643
  10352.2000000    0.02324998095
  10352.4000000    0.02388813122
  10352.6000000    0.02402659598
  10352.8000000    0.02455615277
  10353.0000000    0.02453332555
  10353.2000000    0.02493459172
  10353.4000000    0.02544125490
  10353.6000000    0.02576407804
  10353.8000000    0.02640473365
  10354.0000000    0.02723009321
  10354.2000000    0.02779938985
  10354.4000000    0.02851546480
  10354.6000000    0.02904139317
  10354.8000000    0.02956956771
  10355.0000000    0.03009100375
  10355.2000000    0.03050030428
  10355.4000000    0.03097811286
  10355.6000000    0.03137151745
  10355.8000000    0.03197027343
  10356.0000000    0.03254190263
  10356.2000000    0.03344648273
  10356.4000000    0.03421491062
  10356.6000000    0.03502256002
  10356.8000000    0.03581293122
  10357.0000000    0.03662127174
  10357.2000000    0.03722521118
  10357.4000000    0.03755477282
  10357.6000000    0.03804294833
  10357.8000000    0.03915452124
  10358.0000000    0.03997011862
  10358.2000000    0.04130440751
  10358.4000000    0.04207300818
  10358.6000000    0.04263720776
  10358.8000000    0.04335863895
  10359.0000000    0.04442148735
  10359.2000000    0.04565452600
  10359.4000000    0.04694786556
  10359.6000000    0.04797771260
  10359.8000000    0.04937731308
  10360.0000000    0.05046521487
  10360.2000000    0.05159890388
  10360.4000000    0.05270391108
  10360.6000000    0.05391396972
  10360.8000000    0.05541447489
  10361.0000000    0.05697769992
  10361.2000000    0.05854317111
  10361.4000000    0.05992722122
  10361.6000000    0.06123835733
  10361.8000000    0.06320019040
  10362.0000000    0.06496263306
  10362.2000000    0.06675168415
  10362.4000000    0.06870384143
  10362.6000000    0.07124691311
  10362.8000000    0.07336977899
  10363.0000000    0.07568978912
  10363.2000000    0.07813247446
  10363.4000000    0.08049602565
  10363.6000000    0.08335874401
  10363.8000000    0.08657825716
  10364.0000000    0.08995655696
  10364.2000000    0.09327092743
  10364.4000000    0.09666546873
  10364.6000000    0.10014985668
  10364.8000000    0.10383778180
  10365.0000000    0.10808413830
  10365.2000000    0.11296806033
  10365.4000000    0.11861636988
  10365.6000000    0.12391185861
  10365.8000000    0.12954427221
  10366.0000000    0.13579870096
  10366.2000000    0.14231489443
  10366.4000000    0.14982631214
  10366.6000000    0.15804699990
  10366.8000000    0.16724356033
  10367.0000000    0.17757408893
  10367.2000000    0.18906242964
  10367.4000000    0.20154513067
  10367.6000000    0.21581975369
  10367.8000000    0.23201052895
  10368.0000000    0.24953103438
  10368.2000000    0.26980810362
  10368.4000000    0.29245315000
  10368.6000000    0.31807799452
  10368.8000000    0.34612627919
  10369.0000000    0.37715401644
  10369.2000000    0.41125606359
  10369.4000000    0.44783684112
  10369.6000000    0.48728407181
  10369.8000000    0.53065138022
  10370.0000000    0.57729826352
  10370.2000000    0.62853008963
  10370.4000000    0.68433528215
  10370.6000000    0.74453967683
  10370.8000000    0.80914050917
  10371.0000000    0.88109321506
  10371.2000000    0.95797575810
  10371.4000000    1.02966082202
  10371.6000000    1.07750868561
  10371.8000000    1.14754864281
  10372.0000000    1.21664086543
  10372.2000000    1.28216425046
  10372.4000000    1.34415905581
  10372.6000000    1.40085703014
  10372.8000000    1.44940122300
  10373.0000000    1.49100611859
  10373.2000000    1.52580890543
  10373.4000000    1.55560219626
  10373.6000000    1.58074537728
  10373.8000000    1.60125088847
  10374.0000000    1.61827256746
  10374.2000000    1.63379291448
  10374.4000000    1.64704304930
  10374.6000000    1.65833432469
  10374.8000000    1.66894947378
  10375.0000000    1.67831485993
  10375.2000000    1.68646711268
  10375.4000000    1.69426012016
  10375.6000000    1.70175020900
  10375.8000000    1.70856900754
  10376.0000000    1.71463841803
  10376.2000000    1.71910524263
  10376.4000000    1.72162460816
  10376.6000000    1.72249162581
  10376.8000000    1.72100791049
  10377.0000000    1.71661261158
  10377.2000000    1.70910702932
  10377.4000000    1.69875828431
  10377.6000000    1.68507843987
  10377.8000000    1.66846040194
  10378.0000000    1.64878875163
  10378.2000000    1.62729542428
  10378.4000000    1.60487059228
  10378.6000000    1.58195934175
  10378.8000000    1.55837610430
  10379.0000000    1.53477434117
  10379.2000000    1.51173909178
  10379.4000000    1.48895140021
  10379.6000000    1.46647968775
  10379.8000000    1.44504307268
  10380.0000000    1.42500612466
  10380.2000000    1.40631268923
  10380.4000000    1.38904241837
  10380.6000000    1.37283229678
  10380.8000000    1.35710868802
  10381.0000000    1.34250967562
  10381.2000000    1.32891776737
  10381.4000000    1.31604476257
  10381.6000000    1.30370837585
  10381.8000000    1.29226903016
  10382.0000000    1.28154962349
  10382.2000000    1.27105669021
  10382.4000000    1.26036691408
  10382.6000000    1.25018939198
  10382.8000000    1.24009095913
  10383.0000000    1.22989762370
  10383.2000000    1.22038880486
  10383.4000000    1.21084106409
  10383.6000000    1.20099056294
  10383.8000000    1.19111789903
  10384.0000000    1.18167489682
  10384.2000000    1.17297861093
  10384.4000000    1.16453885850
  10384.6000000    1.15603478308
  10384.8000000    1.14823215403
  10385.0000000    1.14046696976
  10385.2000000    1.13348582094
  10385.4000000    1.12666997492
  10385.6000000    1.11987723176
  10385.8000000    1.11347440721
  10386.0000000    1.10719109710
  10386.2000000    1.10113995507
  10386.4000000    1.09571181346
  10386.6000000    1.09103003835
  10386.8000000    1.08667977974
  10387.0000000    1.08306292829
  10387.2000000    1.08008566290
  10387.4000000    1.07659172625
  10387.6000000    1.07335604511
  10387.8000000    1.07104849489
  10388.0000000    1.06928100705
  10388.2000000    1.06754508362
  10388.4000000    1.06613099817
  10388.6000000    1.06530068777
  10388.8000000    1.06435144764
  10389.0000000    1.06351705150
  10389.2000000    1.06228036257
  10389.4000000    1.06070289085
  10389.6000000    1.05935879054
  10389.8000000    1.05866602078
  10390.0000000    1.05818312341
  10390.2000000    1.05782698990
  10390.4000000    1.05689716161
  10390.6000000    1.05561065249
  10390.8000000    1.05454593616
  10391.0000000    1.05369195433
  10391.2000000    1.05278452294
  10391.4000000    1.05162079559
  10391.6000000    1.05082866165
  10391.8000000    1.05030721606
  10392.0000000    1.04958925608
  10392.2000000    1.04952141299
  10392.4000000    1.04983086363
  10392.6000000    1.04992945791
  10392.8000000    1.05009312826
  10393.0000000    1.05034658203
  10393.2000000    1.05023764858
  10393.4000000    1.05043430258
  10393.6000000    1.05095745037
  10393.8000000    1.05119630732
  10394.0000000    1.05113912378
  10394.2000000    1.05144817287
  10394.4000000    1.05200026056
  10394.6000000    1.05179739785
  10394.8000000    1.05143516375
  10395.0000000    1.05147872799
  10395.2000000    1.05108819681
  10395.4000000    1.05033130049
  10395.6000000    1.04951144382
  10395.8000000    1.04857921072
  10396.0000000    1.04756172783
  10396.2000000    1.04628603978
  10396.4000000    1.04449971185
  10396.6000000    1.04220775441
  10396.8000000    1.03913492527
  10397.0000000    1.03544623100
  10397.2278600    1.03084467217
  10397.4835810    1.02500822063
  10397.7671620    1.01820147329
  10398.0786040    1.01094856666
  10398.4179050    1.00222156863
  10398.7850670    0.98956763022
  10399.1800900    0.97437988628
  10399.6029730    0.96146152396
  10400.0537160    0.94813325613
  10400.5323190    0.93483781774
  10401.0387830    0.92175723770
  10401.5731070    0.91009868877
  10402.1352920    0.89958983087
  10402.7253370    0.89054702002
  10403.3432420    0.88442509356
  10403.9890080    0.88053848644
  10404.6626340    0.87980144864
  10405.3641200    0.88106644308
  10406.0934670    0.88323968711
  10406.8506740    0.88658134409
  10407.6357410    0.89092845300
  10408.4486690    0.89584317541
  10409.2894570    0.90164811110
  10410.1581060    0.90932987677
  10411.0546140    0.91965481816
  10411.9789830    0.93323724346
  10412.9312130    0.94932235947
  10413.9113030    0.96092470203
  10414.9192530    0.97710007537
  10415.9550640    0.99577869396
  10417.0187340    1.01366922684
  10418.1102660    1.03025280881
  10419.2327230    1.04565462427
  10420.3673730    1.05828687645
  10421.5142140    1.06795520630
  10422.6732480    1.07553217587
  10423.8444730    1.08093798186
  10425.0278900    1.08480778704
  10426.2234990    1.08765719140
  10427.4313000    1.08976508396
  10428.6512930    1.09131636066
  10429.8834780    1.09312363420
  10431.1278550    1.09436655480
  10432.3844230    1.09486752365
  10433.6531840    1.09435010442
  10434.9341360    1.09410171814
  10436.2272800    1.09310417668
  10437.5326170    1.09051673859
  10438.8501450    1.08656784242
  10440.1798650    1.08286713967
  10441.5217770    1.07889906425
  10442.8758810    1.07447789016
  10444.2421770    1.06937158485
  10445.6206640    1.06302812408
  10447.0113440    1.05641734089
  10448.4142150    1.05027167167
  10449.8292790    1.04385196017
  10451.2565340    1.03689852565
  10452.6959810    1.03068667564
  10454.1476200    1.02531438141
  10455.6114520    1.02034277694
  10457.0874750    1.01586344022
  10458.5756890    1.01132830484
  10460.0760960    1.00715394081
  10461.5886950    1.00322354298
  10463.1134850    1.00042986887
  10464.6504680    0.99848850522
  10466.1996420    0.99670433994
  10467.7610090    0.99548304577
  10469.3345670    0.99440457417
  10470.9203170    0.99295072889
  10472.5182590    0.99111060004
  10474.1283930    0.98942064840
  10475.7507190    0.98784749630
  10477.3852370    0.98711368426
  10479.0319460    0.98636390593
  10480.6908480    0.98494102789
  10482.3619420    0.98413689847
  10484.0452270    0.98353731319
  10485.7407040    0.98385027994
  10487.4483740    0.98447878027
  10489.1682350    0.98482389583
  10490.9002880    0.98587076506
  10492.6445330    0.98683178065
  10494.4009700    0.98879055986
  10496.1695980    0.99143325663
  10497.9504190    0.99440472130
  10499.7434320    0.99812870508
  10501.5486360    1.00200124743
  10503.3660320    1.00578104985
  10505.1956210    1.00878085860
  10507.0374010    1.01139969974
  10508.8913730    1.01381249207
  10510.7575370    1.01529101921
  10512.6358930    1.01673570272
  10514.5264410    1.01769079317
  10516.4291810    1.01753829354
  10518.3441120    1.01747061241
  10520.2712360    1.01740691861
  10522.2105520    1.01673904860
  10524.1620590    1.01458428263
  10526.1257580    1.01260687205
  10528.1016490    1.01042169651
  10530.0897330    1.00812551753
  10532.0900080    1.00566892080
  10534.1024750    1.00416046713
  10536.1271330    1.00259870002
  10538.1639840    1.00098757177
  10540.2130270    0.99990207619
  10542.2742610    0.99840760475
  10544.3476880    0.99665305466
  10546.4333060    0.99530722240
  10548.5311170    0.99458102106
  10550.6411190    0.99425167878
  10552.7633130    0.99460612048
  10554.8976990    0.99393874368
  10557.0442770    0.99297359928
  10559.2030470    0.99204787246
  10561.3740080    0.99030240001
  10563.5571620    0.98966135360
  10565.7525080    0.98922132373
  10567.9600450    0.98872043323
  10570.1797750    0.98848079790
  10572.4116960    0.98840380608
  10574.6558090    0.98861787143
  10576.9121140    0.98838939183
  10579.1806110    0.98807691273
  10581.4613000    0.98767232876
  10583.7541810    0.98693185249
  10586.0592540    0.98552339725
  10588.3765180    0.98409696246
  10590.7059750    0.98337009506
  10593.0476230    0.98282529224
  10595.4014640    0.98217449434
  10597.7674960    0.98191545005
  10600.1457200    0.98171187890
  10602.5361360    0.98082422031
  10604.9387440    0.98016193737
  10607.3535440    0.98041902576
  10609.7805360    0.98025323792
  10612.2197200    0.98010491000
  10614.6710960    0.98098645120
  10617.1346630    0.98189389796
  10619.6104230    0.98265988663
  10622.0983740    0.98351963090
  10624.5985170    0.98537993744
  10627.1108520    0.98624244957
  10629.6353800    0.98679832614
  10632.1720990    0.98778951810
  10634.7210090    0.98800656705
  10637.2821120    0.98780247283
  10639.8554070    0.98775726471
  10642.4408940    0.98789460529
  10645.0385720    0.98798606095
  10647.6484430    0.98789718135
  10650.2705050    0.98832528332
  10652.9047590    0.98885685843
  10655.5512050    0.98899597367
  10658.2098440    0.98911353498
  10660.8806740    0.98937776880
  10663.5636960    0.98925073185
  10666.2589090    0.98914719409
  10668.9663150    0.98891467248
  10671.6859130    0.98805736023
  10674.4177020    0.98782229484
  10677.1616840    0.98758216491
  10679.9178570    0.98710048702
  10682.6862220    0.98622214832
  10685.4667800    0.98564505317
  10688.2595290    0.98532517436
  10691.0644700    0.98616912178
  10693.8816020    0.98717011153
  10696.7109270    0.98811269196
  10699.5524440    0.98967883552
  10702.4061530    0.99059893440
  10705.2720530    0.99056663378
  10708.1501460    0.99079985265
  10711.0404300    0.99190140149
  10713.9429060    0.99300871813
  10716.8575740    0.99363347999
  10719.7844350    0.99473060491
  10722.7234870    0.99603430131
  10725.6747300    0.99688690038
  10728.6381660    0.99792883655
  10731.6137940    0.99843262498
  10734.6016140    0.99854902454
  10737.6016250    0.99855872097
  10740.6138290    0.99855354132
  10743.6382240    0.99825313674
  10746.6748110    0.99793972925
  10749.7235900    0.99746081600
  10752.7845610    0.99736002777
  10755.8577240    0.99736476728
  10758.9430790    0.99780060392
  10762.0406260    0.99846006928
  10765.1503650    0.99933438925
  10768.2722950    1.00021539526
  10771.4064180    1.00147995241
  10774.5527320    1.00219402641
  10777.7112390    1.00239150150
  10780.8819370    1.00308074999
  10784.0648270    1.00442575363
  10787.2599090    1.00530205528
  10790.4671830    1.00596036630
  10793.6866490    1.00646582686
  10796.9183070    1.00694784887
  10800.1621570    1.00783993751
  10803.4181980    1.00869440765
  10806.6864320    1.00991054742
  10809.9668570    1.01135167496
  10813.2594740    1.01232543781
  10816.5642840    1.01242180755
  10819.8812850    1.01217656425
  10823.2104780    1.01258059257
  10826.5518630    1.01253964376
  10829.9054400    1.01193430407
  10833.2712090    1.01232943774
  10836.6491690    1.01293178075
  10840.0393220    1.01357457471
  10843.4416660    1.01420751862
  10846.8562030    1.01419181415
  10850.2829310    1.01364925231
  10853.7218510    1.01340311803
  10857.1729640    1.01303577751
  10860.6362680    1.01298452527
  10864.1117640    1.01286766938
  10867.5994510    1.01173956087
  10871.0993310    1.01039481152
  10874.6114030    1.01002785523
  10878.1356660    1.00985235634
  10881.6721220    1.00956507911
  10885.2207690    1.00976678950
  10888.7816090    1.01013076123
  10892.3546400    1.00979741554
  10895.9398630    1.00970860138
  10899.5372780    1.00940525714
  10903.1468850    1.00923971112
  10906.7686840    1.00914098151
  10910.4026750    1.00911273454
  10914.0488570    1.00935630647
  10917.7072320    1.00896723396
  10921.3777990    1.00832517857
  10925.0605570    1.00841662041
  10928.7555070    1.00864674552
  10932.4626500    1.00810870432
  10936.1819840    1.00802917053
  10939.9135100    1.00799235963
  10943.6572280    1.00693525668
  10947.4131380    1.00607627012
  10951.1812390    1.00594545677
  10954.9615330    1.00513461440
  10958.7540190    1.00427749203
  10962.5586960    1.00416300933
  10966.3755650    1.00404959432
  10970.2046270    1.00398495631
  10974.0458800    1.00415055408
  10977.8993250    1.00409167476
  10981.7649620    1.00396872510
  10985.6427910    1.00398083011
  10989.5328120    1.00352645902
  10993.4350250    1.00304286244
  10997.3494290    1.00243755922
  11001.2760260    1.00164158146
  11005.2148140    1.00096713955
  11009.1657950    1.00037985837
  11013.1289670    0.99972754786
  11017.1043310    0.99933042125
  11021.0918880    0.99943510663
  11025.0916360    0.99943885922
  11029.1035750    0.99960320962
  11033.1277070    0.99984621809
  11037.1640310    1.00008147771
  11041.2125470    1.00015314572
  11045.2732540    0.99955776677
  11049.3461540    0.99888319830
  11053.4312450    0.99825323429
  11057.5285290    0.99786322260
  11061.6380040    0.99724816850
  11065.7596710    0.99663388415
  11069.8935300    0.99661458170
  11074.0395810    0.99625572676
  11078.1978240    0.99587099142
  11082.3682580    0.99566004249
  11086.5508850    0.99524824733
  11090.7457040    0.99493105615
  11094.9527140    0.99464214582
  11099.1719160    0.99465249478
  11103.4033110    0.99467502908
  11107.6468970    0.99457579705
  11111.9026750    0.99455538540
  11116.1706450    0.99473148206
  11120.4508070    0.99441837584
  11124.7431610    0.99448715876
  11129.0477070    0.99438903869
  11133.3644440    0.99419244112
  11137.6933740    0.99413377265
  11142.0344950    0.99397537091
  11146.3878090    0.99402663901
  11150.7533140    0.99359903800
  11155.1310110    0.99324879065
  11159.5209000    0.99247232043
  11163.9229810    0.99354788616
  11168.3372540    0.99291376117
  11172.7637190    0.99185929329
  11177.2023760    0.99263800167
  11181.6532240    0.99201348028
  11186.1162650    0.99189550880
  11190.5914970    0.99179985425
  11195.0789220    0.99150323239
  11199.5785380    0.99141134186
  11204.0903460    0.99154704718
  11208.6143460    0.99186000884
  11213.1505380    0.99173805603
  11217.6989220    0.99186252063
  11222.2594980    0.99214660330
  11226.8322660    0.99240300429
  11231.4172260    0.99289751815
  11236.0143770    0.99349860249
  11240.6237210    0.99429178788
  11245.2452560    0.99563739548
  11249.8789830    0.99672296319
  11254.5249020    0.99781390897
  11259.1830130    0.99861141120
  11263.8533160    0.99957004497
  11268.5358110    1.00051794639
  11273.2304980    1.00138664500
  11277.9373770    1.00232613729
  11282.6564480    1.00359327110
  11287.3877100    1.00488688258
  11292.1311650    1.00643493771
  11296.8868110    1.00807914135
  11301.6546490    1.01022868815
  11306.4346790    1.01340654242
  11311.2269010    1.01628145120
  11316.0313150    1.01794590361
  11320.8479210    1.02092772162
  11325.6767190    1.02366506092
