#---------------------------------
#  energy flat
  8794.00000000    0.00466500892
  8799.00000000    0.00366397852
  8804.00000000    0.00266281579
  8809.00000000    0.00108589992
  8814.00000000   -0.00049300084
  8819.00000000   -0.00162543158
  8824.00000000   -0.00243128022
  8829.00000000   -0.00292007426
  8834.00000000   -0.00255522927
  8839.00000000   -0.00184580575
  8844.00000000   -0.00069613156
  8849.00000000    0.00042840058
  8854.00000000    0.00084921973
  8859.00000000    0.00156830309
  8864.00000000    0.00175119898
  8869.00000000    0.00138189587
  8874.00000000    0.00151569859
  8879.00000000    0.00184706494
  8884.00000000    0.00286269227
  8889.00000000    0.00222000236
  8894.00000000    0.00200856491
  8899.00000000    0.00055775632
  8904.00000000   -0.00072168930
  8909.00000000   -0.00189103917
  8914.00000000   -0.00250911633
  8919.00000000   -0.00241011552
  8924.00000000   -0.00144159647
  8929.00000000   -0.00038203671
  8934.00000000    0.00096493648
  8939.00000000    0.00215814613
  8944.00000000    0.00369262614
  8949.00000000    0.00494088367
  8953.00000000    0.00624945157
  8956.00000000    0.00730762694
  8958.00000000    0.00855645440
  8959.00000000    0.00940972703
  8959.20000000    0.01044516250
  8959.40000000    0.01100422213
  8959.60000000    0.01039576396
  8959.80000000    0.01074812941
  8960.00000000    0.01092410346
  8960.20000000    0.01102650392
  8960.40000000    0.01094616130
  8960.60000000    0.01092933547
  8960.80000000    0.01109657597
  8961.00000000    0.01126553671
  8961.20000000    0.01124262385
  8961.40000000    0.01187856525
  8961.60000000    0.01196733606
  8961.80000000    0.01232062779
  8962.00000000    0.01229639167
  8962.20000000    0.01233461371
  8962.40000000    0.01259673239
  8962.60000000    0.01298972211
  8962.80000000    0.01312189606
  8963.00000000    0.01288620199
  8963.20000000    0.01296200479
  8963.40000000    0.01337259395
  8963.60000000    0.01327081442
  8963.80000000    0.01389524340
  8964.00000000    0.01415789140
  8964.20000000    0.01451607921
  8964.40000000    0.01460802586
  8964.60000000    0.01468078515
  8964.80000000    0.01510751816
  8965.00000000    0.01579731649
  8965.20000000    0.01580801459
  8965.40000000    0.01600489625
  8965.60000000    0.01628448205
  8965.80000000    0.01659860510
  8966.00000000    0.01688096976
  8966.20000000    0.01721877928
  8966.40000000    0.01755076642
  8966.60000000    0.01756040591
  8966.80000000    0.01735951375
  8967.00000000    0.01799532282
  8967.20000000    0.01838050526
  8967.40000000    0.01837267764
  8967.60000000    0.01858398290
  8967.80000000    0.01867553257
  8968.00000000    0.01873757341
  8968.20000000    0.01961381995
  8968.40000000    0.02019272857
  8968.60000000    0.02045497958
  8968.80000000    0.02091783776
  8969.00000000    0.02139948631
  8969.20000000    0.02193433017
  8969.40000000    0.02259356105
  8969.60000000    0.02232015389
  8969.80000000    0.02290845771
  8970.00000000    0.02348471979
  8970.20000000    0.02409935660
  8970.40000000    0.02489991232
  8970.60000000    0.02529885673
  8970.80000000    0.02522486580
  8971.00000000    0.02619744612
  8971.20000000    0.02665487890
  8971.40000000    0.02737180419
  8971.60000000    0.02778173172
  8971.80000000    0.02849362859
  8972.00000000    0.02871578464
  8972.20000000    0.02964602044
  8972.40000000    0.02982702291
  8972.60000000    0.03056313556
  8972.80000000    0.03166261712
  8973.00000000    0.03245655650
  8973.20000000    0.03311856624
  8973.40000000    0.03431874835
  8973.60000000    0.03519817073
  8973.80000000    0.03610524938
  8974.00000000    0.03754123753
  8974.20000000    0.03846737121
  8974.40000000    0.03997666832
  8974.60000000    0.04141120088
  8974.80000000    0.04303945962
  8975.00000000    0.04425578558
  8975.20000000    0.04617026680
  8975.40000000    0.04850607599
  8975.60000000    0.05071882142
  8975.80000000    0.05331822525
  8976.00000000    0.05608674249
  8976.20000000    0.05885208390
  8976.40000000    0.06214699645
  8976.60000000    0.06598550676
  8976.80000000    0.06988541663
  8977.00000000    0.07483361800
  8977.20000000    0.08016159678
  8977.40000000    0.08666648854
  8977.60000000    0.09355274563
  8977.80000000    0.10235562151
  8978.00000000    0.11294093701
  8978.20000000    0.12512343484
  8978.40000000    0.13990456288
  8978.60000000    0.15778147226
  8978.80000000    0.17945986085
  8979.00000000    0.20560996299
  8979.20000000    0.23748570577
  8979.40000000    0.27601377252
  8979.60000000    0.32214294513
  8979.80000000    0.37620443712
  8980.00000000    0.43867766786
  8980.20000000    0.50628900902
  8980.40000000    0.57535659061
  8980.60000000    0.64168862719
  8980.80000000    0.69974327971
  8981.00000000    0.74283527474
  8981.20000000    0.76741667073
  8981.40000000    0.77164548100
  8981.60000000    0.75737017601
  8981.80000000    0.72743286684
  8982.00000000    0.68835474165
  8982.20000000    0.64426465561
  8982.40000000    0.60155160257
  8982.60000000    0.56286740792
  8982.80000000    0.52987303532
  8983.00000000    0.50505979798
  8983.20000000    0.48686293343
  8983.40000000    0.47661536767
  8983.60000000    0.47266619358
  8983.80000000    0.47448292875
  8984.00000000    0.48098181800
  8984.20000000    0.49062112374
  8984.40000000    0.50299155958
  8984.60000000    0.51658949801
  8984.80000000    0.53000870389
  8985.00000000    0.54304592339
  8985.20000000    0.55456288279
  8985.40000000    0.56474351598
  8985.60000000    0.57348937182
  8985.80000000    0.58165607415
  8986.00000000    0.59025406892
  8986.20000000    0.59855370700
  8986.40000000    0.60788804670
  8986.60000000    0.61839179637
  8986.80000000    0.63020853029
  8987.00000000    0.64388740383
  8987.20000000    0.66009454907
  8987.40000000    0.67811315257
  8987.60000000    0.69816115616
  8987.80000000    0.71970422484
  8988.00000000    0.74300476216
  8988.20000000    0.76763799954
  8988.40000000    0.79282651795
  8988.60000000    0.81756635520
  8988.80000000    0.84236802726
  8989.00000000    0.86733342552
  8989.20000000    0.89245910936
  8989.40000000    0.91719751111
  8989.60000000    0.94122628297
  8989.80000000    0.96463196646
  8990.00000000    0.98765116144
  8990.20000000    1.01028492640
  8990.40000000    1.03032049547
  8990.60000000    1.04912427318
  8990.80000000    1.06551193619
  8991.00000000    1.07902139978
  8991.20000000    1.08966907235
  8991.40000000    1.09712175532
  8991.60000000    1.10077127544
  8991.80000000    1.10262529208
  8992.00000000    1.10250384094
  8992.20000000    1.09921730555
  8992.40000000    1.09556386453
  8992.60000000    1.09059526522
  8992.80000000    1.08598914441
  8993.00000000    1.08172168318
  8993.20000000    1.07956844003
  8993.40000000    1.07773215464
  8993.60000000    1.07748607369
  8993.80000000    1.07903106883
  8994.00000000    1.08287712678
  8994.20000000    1.08877917850
  8994.40000000    1.09853686593
  8994.60000000    1.11092484443
  8994.80000000    1.12308380022
  8995.00000000    1.13419357277
  8995.20000000    1.15112482486
  8995.40000000    1.16804062907
  8995.60000000    1.18580666601
  8995.80000000    1.20223769372
  8996.00000000    1.21686712843
  8996.20000000    1.22902910245
  8996.40000000    1.24007625839
  8996.60000000    1.24990935115
  8996.80000000    1.25730647661
  8997.00000000    1.26187674178
  8997.20000000    1.26402215484
  8997.40000000    1.26207354763
  8997.60000000    1.25762439724
  8997.80000000    1.25026210914
  8998.00000000    1.23916572883
  8998.20000000    1.22551666828
  8998.40000000    1.21079672090
  8998.60000000    1.19439718411
  8998.80000000    1.17661579267
  8999.00000000    1.15965128565
  8999.20000000    1.14385088797
  8999.40000000    1.12826237714
  8999.60000000    1.10984621052
  8999.80000000    1.09544076319
  9000.00000000    1.08404935091
  9000.20000000    1.07527525834
  9000.40000000    1.06762425316
  9000.60000000    1.06035107170
  9000.80000000    1.05426237694
  9001.00000000    1.04918323295
  9001.20000000    1.04501968771
  9001.40000000    1.04223064984
  9001.60000000    1.04062609819
  9001.80000000    1.03953831250
  9002.00000000    1.03938068103
  9002.20000000    1.03914910923
  9002.40000000    1.03853024755
  9002.60000000    1.03689369185
  9002.80000000    1.03451177019
  9003.00000000    1.03286601131
  9003.20000000    1.03093988200
  9003.40000000    1.02868018682
  9003.60000000    1.02657388763
  9003.80000000    1.02400487156
  9004.00000000    1.02162180359
  9004.20000000    1.01855820888
  9004.40000000    1.01630805487
  9004.60000000    1.01382887233
  9004.80000000    1.01159862489
  9005.00000000    1.00840625918
  9005.20000000    1.00619538851
  9005.40000000    1.00290145283
  9005.60000000    1.00049029627
  9005.80000000    0.99914347089
  9006.00000000    0.99812894567
  9006.20000000    0.99768437911
  9006.40000000    0.99601304021
  9006.60000000    0.99427093424
  9006.80000000    0.99148863622
  9007.00000000    0.98979898656
  9007.20000000    0.98736158646
  9007.40000000    0.98477296422
  9007.60000000    0.98305468125
  9007.80000000    0.98227501798
  9008.00000000    0.98059198769
  9008.20000000    0.97808710346
  9008.40000000    0.97564060189
  9008.60000000    0.97345811841
  9008.80000000    0.97202449766
  9009.00000000    0.97079905293
  9009.22786000    0.96949199531
  9009.48358100    0.96870045543
  9009.76716200    0.96811540495
  9010.07860400    0.96809977446
  9010.41790500    0.96926396131
  9010.78506700    0.97227129316
  9011.18009000    0.97707928094
  9011.60297300    0.98388416395
  9012.05371600    0.99456008950
  9012.53231900    1.01080072002
  9013.03878300    1.03436403501
  9013.57310700    1.05971047848
  9014.13529200    1.07869736896
  9014.72533700    1.09430700174
  9015.34324200    1.11038550622
  9015.98900800    1.11828976638
  9016.66263400    1.11590937951
  9017.36412000    1.10643786425
  9018.09346700    1.08856090605
  9018.85067400    1.05781562297
  9019.63574100    1.02771967983
  9020.44866900    1.00180590905
  9021.28945700    0.97724991928
  9022.15810600    0.95521008855
  9023.05461400    0.93735558947
  9023.97898300    0.92247272476
  9024.93121300    0.91439104064
  9025.91130300    0.91218533203
  9026.91925300    0.91217482848
  9027.95506400    0.91500796135
  9029.01873400    0.91975266577
  9030.11026600    0.92379235366
  9031.23272300    0.92829397064
  9032.36737300    0.93455357268
  9033.51421400    0.94211635535
  9034.67324800    0.95331880338
  9035.84447300    0.96636352702
  9037.02789000    0.98130543811
  9038.22349900    0.99607084490
  9039.43130000    1.00817637258
  9040.65129300    1.01538345073
  9041.88347800    1.01905940950
  9043.12785500    1.02355739704
  9044.38442300    1.02727904156
  9045.65318400    1.03065664902
  9046.93413600    1.03434722476
  9048.22728000    1.03886062027
  9049.53261700    1.04349457510
  9050.85014500    1.04786812424
  9052.17986500    1.04966673938
  9053.52177700    1.04922957228
  9054.87588100    1.04715989842
  9056.24217700    1.04276154554
  9057.62066400    1.03715942225
  9059.01134400    1.03132599011
  9060.41421500    1.02646820163
  9061.82927900    1.02219264223
  9063.25653400    1.01774174251
  9064.69598100    1.01403318127
  9066.14762000    1.01151276221
  9067.61145200    1.01066624897
  9069.08747500    1.01104121523
  9070.57568900    1.01304879334
  9072.07609600    1.01625030922
  9073.58869500    1.01916753648
  9075.11348500    1.02070864171
  9076.65046800    1.02096055007
  9078.19964200    1.02028622755
  9079.76100900    1.01815251512
  9081.33456700    1.01561867978
  9082.92031700    1.01356957489
  9084.51825900    1.01282892004
  9086.12839300    1.01297206453
  9087.75071900    1.01265892106
  9089.38523700    1.01275475672
  9091.03194600    1.01325280720
  9092.69084800    1.01260919484
  9094.36194200    1.01067318167
  9096.04522700    1.00845717953
  9097.74070400    1.00425666471
  9099.44837400    0.99859496333
  9101.16823500    0.99323980580
  9102.90028800    0.98740501136
  9104.64453300    0.98155541576
  9106.40097000    0.97586685200
  9108.16959800    0.97194666306
  9109.95041900    0.96996988112
  9111.74343200    0.96965713319
  9113.54863600    0.97033021229
  9115.36603200    0.97291179336
  9117.19562100    0.97590085538
  9119.03740100    0.97859933950
  9120.89137300    0.98139769808
  9122.75753700    0.98406047883
  9124.63589300    0.98752278902
  9126.52644100    0.99147401129
  9128.42918100    0.99586950299
  9130.34411200    1.00013743231
  9132.27123600    1.00451474005
  9134.21055200    1.00789181522
  9136.16205900    1.01019172180
  9138.12575800    1.01146878596
  9140.10164900    1.01182788259
  9142.08973300    1.01163483067
  9144.09000800    1.01115514931
  9146.10247500    1.01049714572
  9148.12713300    1.00950024112
  9150.16398400    1.00812109020
  9152.21302700    1.00635790176
  9154.27426100    1.00432559441
  9156.34768800    1.00226081934
  9158.43330600    1.00071411173
  9160.53111700    0.99891352466
  9162.64111900    0.99675218999
  9164.76331300    0.99491004563
  9166.89769900    0.99318890954
  9169.04427700    0.99204243817
  9171.20304700    0.99158896981
  9173.37400800    0.98955093634
  9175.55716200    0.98795825775
  9177.75250800    0.98874611120
  9179.96004500    0.98990924906
  9182.17977500    0.99120738814
  9184.41169600    0.99187703045
  9186.65580900    0.99261899627
  9188.91211400    0.99371648224
  9191.18061100    0.99442820958
  9193.46130000    0.99599276770
  9195.75418100    0.99828313255
  9198.05925400    0.99959044482
  9200.37651800    1.00000469237
  9202.70597500    1.00018882907
  9205.04762300    0.99984988567
  9207.40146400    0.99922868846
  9209.76749600    0.99877435013
  9212.14572000    0.99817827285
  9214.53613600    0.99734252165
  9216.93874400    0.99594049823
  9219.35354400    0.99425827361
  9221.78053600    0.99192716367
  9224.21972000    0.98931051221
  9226.67109600    0.98741397344
  9229.13466300    0.98596360186
  9231.61042300    0.98585732823
  9234.09837400    0.98639537565
  9236.59851700    0.98725297252
  9239.11085200    0.98793808507
  9241.63538000    0.98936451272
  9244.17209900    0.99035820759
  9246.72100900    0.99200551853
  9249.28211200    0.99397636362
  9251.85540700    0.99505354535
  9254.44089400    0.99669603491
  9257.03857200    0.99874153632
  9259.64844300    1.00023563804
  9262.27050500    1.00243722737
  9264.90475900    1.00375116267
  9267.55120500    1.00500758314
  9270.20984400    1.00648217453
  9272.88067400    1.00670020800
  9275.56369600    1.00696104164
  9278.25890900    1.00615780648
  9280.96631500    1.00601753213
  9283.68591300    1.00586684522
  9286.41770200    1.00455519932
  9289.16168400    1.00311939879
  9291.91785700    1.00167975737
  9294.68622200    1.00017846886
  9297.46678000    0.99946177935
  9300.25952900    0.99891558019
  9303.06447000    0.99895737282
  9305.88160200    0.99845590806
  9308.71092700    0.99923769316
  9311.55244400    0.99976364189
  9314.40615300    1.00022523079
  9317.27205300    1.00073374496
  9320.15014600    1.00145392124
  9323.04043000    1.00083395912
  9325.94290600    0.99996646514
  9328.85757400    1.00059165089
  9331.78443500    1.00025999763
  9334.72348700    0.99939427029
  9337.67473000    0.99919954231
  9340.63816600    0.99909552995
  9343.61379400    0.99816293065
  9346.60161400    0.99777856871
  9349.60162500    0.99904455703
  9352.61382900    1.00003827855
  9355.63822400    1.00061003209
  9358.67481100    1.00088190735
  9361.72359000    1.00070419393
  9364.78456100    0.99994649824
  9367.85772400    1.00025292383
  9370.94307900    0.99976462105
  9374.04062600    0.99936877957
  9377.15036500    0.99937061377
  9380.27229500    0.99974663763
  9383.40641800    1.00005573462
  9386.55273200    0.99966333066
  9389.71123900    0.99975009898
  9392.88193700    1.00078082987
  9396.06482700    1.00204603960
  9399.25990900    1.00312101046
  9402.46718300    1.00412806052
  9405.68664900    1.00531230452
  9408.91830700    1.00708241051
  9412.16215700    1.00862831598
  9415.41819800    1.00830788800
  9418.68643200    1.00805498096
  9421.96685700    1.00774630413
  9425.25947400    1.00741576355
  9428.56428400    1.00675242001
  9431.88128500    1.00748316725
  9435.21047800    1.00809315436
  9438.55186300    1.00731392233
  9441.90544000    1.00662093510
  9445.27120900    1.00632967959
  9448.64916900    1.00629567533
  9452.03932200    1.00548043637
  9455.44166600    1.00399222437
  9458.85620300    1.00316172600
  9462.28293100    1.00324672892
  9465.72185100    1.00370708470
  9469.17296400    1.00311261467
  9472.63626800    1.00226178892
  9476.11176400    1.00081823804
  9479.59945100    1.00103999069
  9483.09933100    1.00161039788
  9486.61140300    1.00211051853
  9490.13566600    1.00315805740
  9493.67212200    1.00367084546
  9497.22076900    1.00386431460
  9500.78160900    1.00432572700
  9504.35464000    1.00305668882
  9507.93986300    1.00140163577
  9511.53727800    1.00066424818
  9515.14688500    0.99922325840
  9518.76868400    0.99716996966
  9522.40267500    0.99586549132
  9526.04885700    0.99564090396
  9529.70723200    0.99547411099
  9533.37779900    0.99595211282
  9537.06055700    0.99593822359
  9540.75550700    0.99510400526
  9544.46265000    0.99496697663
  9548.18198400    0.99499862806
  9551.91351000    0.99467653232
  9555.65722800    0.99515563702
  9559.41313800    0.99516825479
  9563.18123900    0.99631871805
  9566.96153300    0.99677880249
  9570.75401900    0.99586491557
  9574.55869600    0.99538438247
  9578.37556500    0.99528692516
  9582.20462700    0.99521368154
  9586.04588000    0.99541555763
  9589.89932500    0.99550458304
  9593.76496200    0.99706472246
  9597.64279100    0.99794859662
  9601.53281200    0.99934531195
  9605.43502500    0.99991177500
  9609.34942900    0.99983485710
  9613.27602600    1.00030975568
  9617.21481400    1.00094164151
  9621.16579500    1.00181443881
  9625.12896700    1.00286996333
  9629.10433100    1.00248910385
  9633.09188800    1.00146744873
  9637.09163600    1.00083481345
  9641.10357500    1.00078444473
  9645.12770700    1.00102659727
  9649.16403100    0.99992524427
  9653.21254700    0.99966807138
  9657.27325400    1.00094615635
  9661.34615400    1.00156585561
  9665.43124500    1.00180857477
  9669.52852900    1.00130890441
  9673.63800400    1.00132086082
  9677.75967100    1.00047204112
  9681.89353000    0.99906662799
  9686.03958100    0.99850712073
  9690.19782400    0.99937930446
  9694.36825800    0.99920746341
  9698.55088500    0.99919959089
  9702.74570400    1.00002776933
  9706.95271400    0.99916443002
  9711.17191600    1.00036434593
  9715.40331100    1.00205138665
  9719.64689700    1.00111100534
  9723.90267500    0.99925487331
  9728.17064500    0.99898624926
  9732.45080700    0.99889841259
  9736.74316100    0.99780484219
  9741.04770700    0.99897075737
  9745.36444400    1.00147430885
  9749.69337400    1.00225101748
  9754.03449500    1.00286097150
  9758.38780900    1.00225054510
  9762.75331400    1.00079366913
  9767.13101100    0.99903153900
  9771.52090000    0.99815111580
  9775.92298100    0.99739602185
  9780.33725400    0.99678744100
  9784.76371900    0.99623223737
  9789.20237600    0.99688168543
  9793.65322400    0.99686261531
  9798.11626500    0.99696056902
  9802.59149700    0.99858860084
  9807.07892200    0.99937655069
  9811.57853800    1.00072929245
  9816.09034600    1.00182967761
  9820.61434600    1.00201645304
  9825.15053800    1.00243675403
  9829.69892200    1.00214485111
  9834.25949800    1.00155905107
  9838.83226600    0.99994484478
  9843.41722600    0.99943975407
  9848.01437700    0.99830864616
  9852.62372100    0.99770508681
  9857.24525600    0.99772722761
  9861.87898300    0.99892975599
  9866.52490200    0.99983880971
  9871.18301300    0.99974512544
  9875.85331600    0.99998257896
  9880.53581100    1.00072826297
  9885.23049800    1.00176230698
  9889.93737700    1.00254012792
  9894.65644800    1.00271670850
  9899.38771000    1.00274312804
  9904.13116500    1.00189382927
  9908.88681100    1.00071546956
  9913.65464900    0.99990821753
  9918.43467900    0.99946034553
  9923.22690100    0.99957980733
  9928.03131500    0.99979494679
  9932.84792100    1.00083618269
  9937.67671900    1.00189843599
