#---------------------------------
#  energy flat
  8794.00000000    0.00240501908
  8799.00000000    0.00058451993
  8804.00000000   -0.00029671075
  8809.00000000   -0.00246482339
  8814.00000000   -0.00448842073
  8819.00000000   -0.00597490022
  8824.00000000   -0.00633713814
  8829.00000000   -0.00581156992
  8834.00000000   -0.00392144075
  8839.00000000   -0.00230707200
  8844.00000000   -0.00017549064
  8849.00000000    0.00117994814
  8854.00000000    0.00195522195
  8859.00000000    0.00222914260
  8864.00000000    0.00220739759
  8869.00000000    0.00249604489
  8874.00000000    0.00199495577
  8879.00000000    0.00305278691
  8884.00000000    0.00395169978
  8889.00000000    0.00306998361
  8894.00000000    0.00275580957
  8899.00000000    0.00059627399
  8904.00000000   -0.00120027414
  8909.00000000   -0.00322225317
  8914.00000000   -0.00361896114
  8919.00000000   -0.00330118423
  8924.00000000   -0.00193101881
  8929.00000000   -0.00001499664
  8934.00000000    0.00225058098
  8939.00000000    0.00470517748
  8944.00000000    0.00647118209
  8949.00000000    0.00730406782
  8953.00000000    0.00872360369
  8956.00000000    0.00936814172
  8958.00000000    0.00996187666
  8959.00000000    0.01056517156
  8959.20000000    0.01149880592
  8959.40000000    0.01195617097
  8959.60000000    0.01251516602
  8959.80000000    0.01262410842
  8960.00000000    0.01305056370
  8960.20000000    0.01367461491
  8960.40000000    0.01315209184
  8960.60000000    0.01356317316
  8960.80000000    0.01282768019
  8961.00000000    0.01255372989
  8961.20000000    0.01360453006
  8961.40000000    0.01437827516
  8961.60000000    0.01481476398
  8961.80000000    0.01408979004
  8962.00000000    0.01388170506
  8962.20000000    0.01422902486
  8962.40000000    0.01421772666
  8962.60000000    0.01400203561
  8962.80000000    0.01393943690
  8963.00000000    0.01387845651
  8963.20000000    0.01422415800
  8963.40000000    0.01461258294
  8963.60000000    0.01540542413
  8963.80000000    0.01557392042
  8964.00000000    0.01686892392
  8964.20000000    0.01741950375
  8964.40000000    0.01769545598
  8964.60000000    0.01776750086
  8964.80000000    0.01756151969
  8965.00000000    0.01807196537
  8965.20000000    0.01801859105
  8965.40000000    0.01863147590
  8965.60000000    0.01914693836
  8965.80000000    0.01916719724
  8966.00000000    0.01904116070
  8966.20000000    0.01985018501
  8966.40000000    0.01988533236
  8966.60000000    0.02004913555
  8966.80000000    0.02005822808
  8967.00000000    0.02038726096
  8967.20000000    0.02094625601
  8967.40000000    0.02124017151
  8967.60000000    0.02197782825
  8967.80000000    0.02245639318
  8968.00000000    0.02267813195
  8968.20000000    0.02306833703
  8968.40000000    0.02355353705
  8968.60000000    0.02370811586
  8968.80000000    0.02347025393
  8969.00000000    0.02358146196
  8969.20000000    0.02367033729
  8969.40000000    0.02436802171
  8969.60000000    0.02476324356
  8969.80000000    0.02577245311
  8970.00000000    0.02606911974
  8970.20000000    0.02683186031
  8970.40000000    0.02760479626
  8970.60000000    0.02836753684
  8970.80000000    0.02859380688
  8971.00000000    0.02969218543
  8971.20000000    0.03033177244
  8971.40000000    0.03096812283
  8971.60000000    0.03125054831
  8971.80000000    0.03202785370
  8972.00000000    0.03267698875
  8972.20000000    0.03334457256
  8972.40000000    0.03382313750
  8972.60000000    0.03487490865
  8972.80000000    0.03551012622
  8973.00000000    0.03650541828
  8973.20000000    0.03746575479
  8973.40000000    0.03900722725
  8973.60000000    0.03957787416
  8973.80000000    0.04064340097
  8974.00000000    0.04174177952
  8974.20000000    0.04301849609
  8974.40000000    0.04452824964
  8974.60000000    0.04606616182
  8974.80000000    0.04739272240
  8975.00000000    0.04892739796
  8975.20000000    0.05077974822
  8975.40000000    0.05295478996
  8975.60000000    0.05512805155
  8975.80000000    0.05716861154
  8976.00000000    0.06011639741
  8976.20000000    0.06305495890
  8976.40000000    0.06600355392
  8976.60000000    0.06931740204
  8976.80000000    0.07281379579
  8977.00000000    0.07694392064
  8977.20000000    0.08170907124
  8977.40000000    0.08769022172
  8977.60000000    0.09457293400
  8977.80000000    0.10291536398
  8978.00000000    0.11257461470
  8978.20000000    0.12325113655
  8978.40000000    0.13711832296
  8978.60000000    0.15394912472
  8978.80000000    0.17429473901
  8979.00000000    0.19901060571
  8979.20000000    0.22954155407
  8979.40000000    0.26608437086
  8979.60000000    0.30915028095
  8979.80000000    0.35777072441
  8980.00000000    0.41090658291
  8980.20000000    0.46647243630
  8980.40000000    0.52113171543
  8980.60000000    0.57222423855
  8980.80000000    0.61536017166
  8981.00000000    0.64918320722
  8981.20000000    0.67051724550
  8981.40000000    0.68012645359
  8981.60000000    0.67885623786
  8981.80000000    0.66890831223
  8982.00000000    0.65240654980
  8982.20000000    0.63231747891
  8982.40000000    0.61312528118
  8982.60000000    0.59493660339
  8982.80000000    0.57912490724
  8983.00000000    0.56634123978
  8983.20000000    0.55626226222
  8983.40000000    0.54989747782
  8983.60000000    0.54737699888
  8983.80000000    0.54874953663
  8984.00000000    0.55328879252
  8984.20000000    0.55922562753
  8984.40000000    0.56779821243
  8984.60000000    0.57742480878
  8984.80000000    0.58911669997
  8985.00000000    0.60022325224
  8985.20000000    0.61206646497
  8985.40000000    0.62342952913
  8985.60000000    0.63470067786
  8985.80000000    0.64662789513
  8986.00000000    0.65802528169
  8986.20000000    0.66884768663
  8986.40000000    0.67942395104
  8986.60000000    0.69031158353
  8986.80000000    0.70133159876
  8987.00000000    0.71295363099
  8987.20000000    0.72467697440
  8987.40000000    0.73664128937
  8987.60000000    0.74911343559
  8987.80000000    0.76034434115
  8988.00000000    0.77247066380
  8988.20000000    0.78367503883
  8988.40000000    0.79546670432
  8988.60000000    0.80736000475
  8988.80000000    0.81873286090
  8989.00000000    0.83041611431
  8989.20000000    0.84296597895
  8989.40000000    0.85682457775
  8989.60000000    0.87084679294
  8989.80000000    0.88584178069
  8990.00000000    0.90091251049
  8990.20000000    0.91562171437
  8990.40000000    0.93112130705
  8990.60000000    0.94795148121
  8990.80000000    0.96536360558
  8991.00000000    0.98273171696
  8991.20000000    0.99980821358
  8991.40000000    1.01707373423
  8991.60000000    1.03368254889
  8991.80000000    1.04813124544
  8992.00000000    1.06206953147
  8992.20000000    1.07567606867
  8992.40000000    1.08663796510
  8992.60000000    1.09625051794
  8992.80000000    1.10452343709
  8993.00000000    1.11110975639
  8993.20000000    1.11650823973
  8993.40000000    1.12195624871
  8993.60000000    1.12750492201
  8993.80000000    1.13173241046
  8994.00000000    1.13560549384
  8994.20000000    1.13814250390
  8994.40000000    1.14059860372
  8994.60000000    1.14407974792
  8994.80000000    1.14768421292
  8995.00000000    1.15074557770
  8995.20000000    1.15248867068
  8995.40000000    1.15250211688
  8995.60000000    1.15141155587
  8995.80000000    1.14940276990
  8996.00000000    1.14664600545
  8996.20000000    1.14268554579
  8996.40000000    1.13767707257
  8996.60000000    1.13140017167
  8996.80000000    1.12479734820
  8997.00000000    1.11708922296
  8997.20000000    1.10999444365
  8997.40000000    1.10282393289
  8997.60000000    1.09466334424
  8997.80000000    1.08690021870
  8998.00000000    1.07916428642
  8998.20000000    1.07177791523
  8998.40000000    1.06460969819
  8998.60000000    1.05732852859
  8998.80000000    1.05016550147
  8999.00000000    1.04361711505
  8999.20000000    1.03661657787
  8999.40000000    1.02880268263
  8999.60000000    1.02284791031
  8999.80000000    1.01633223669
  9000.00000000    1.01073026795
  9000.20000000    1.00558661103
  9000.40000000    1.00039052657
  9000.60000000    0.99607124952
  9000.80000000    0.99112860438
  9001.00000000    0.98619340930
  9001.20000000    0.98339989458
  9001.40000000    0.98223893917
  9001.60000000    0.98253091043
  9001.80000000    0.98225712559
  9002.00000000    0.98242288026
  9002.20000000    0.98127845519
  9002.40000000    0.97897176413
  9002.60000000    0.97658319241
  9002.80000000    0.97443284220
  9003.00000000    0.97289422001
  9003.20000000    0.97287034413
  9003.40000000    0.97387636819
  9003.60000000    0.97719302459
  9003.80000000    0.97981025242
  9004.00000000    0.98212648019
  9004.20000000    0.98394589212
  9004.40000000    0.98577469632
  9004.60000000    0.98697236478
  9004.80000000    0.98907370493
  9005.00000000    0.99087566340
  9005.20000000    0.99258732614
  9005.40000000    0.99391966261
  9005.60000000    0.99600743341
  9005.80000000    0.99795312253
  9006.00000000    1.00012538154
  9006.20000000    1.00270254848
  9006.40000000    1.00458967324
  9006.60000000    1.00595085270
  9006.80000000    1.00719390157
  9007.00000000    1.00908751823
  9007.20000000    1.01153589860
  9007.40000000    1.01440666474
  9007.60000000    1.01654725463
  9007.80000000    1.01865516091
  9008.00000000    1.02079641071
  9008.20000000    1.02322507910
  9008.40000000    1.02593436916
  9008.60000000    1.02821060519
  9008.80000000    1.03110115892
  9009.00000000    1.03325732889
  9009.22786000    1.03499037501
  9009.48358100    1.03713728932
  9009.76716200    1.03889927846
  9010.07860400    1.03975816052
  9010.41790500    1.04154684455
  9010.78506700    1.04302699834
  9011.18009000    1.04347556499
  9011.60297300    1.04247081993
  9012.05371600    1.04034031546
  9012.53231900    1.03855801678
  9013.03878300    1.03733592743
  9013.57310700    1.03644004881
  9014.13529200    1.03564090978
  9014.72533700    1.03312212686
  9015.34324200    1.02806095871
  9015.98900800    1.02043863988
  9016.66263400    1.01056427977
  9017.36412000    0.99885832604
  9018.09346700    0.98712520545
  9018.85067400    0.97639482526
  9019.63574100    0.96674778915
  9020.44866900    0.95833849426
  9021.28945700    0.95144336333
  9022.15810600    0.94485288103
  9023.05461400    0.93902634271
  9023.97898300    0.93453211002
  9024.93121300    0.93121484025
  9025.91130300    0.92846477137
  9026.91925300    0.92677421053
  9027.95506400    0.92676784140
  9029.01873400    0.92743650659
  9030.11026600    0.92974214313
  9031.23272300    0.93342382471
  9032.36737300    0.93770694907
  9033.51421400    0.94329808579
  9034.67324800    0.95012376954
  9035.84447300    0.95689324924
  9037.02789000    0.96394993939
  9038.22349900    0.97079573440
  9039.43130000    0.97938168279
  9040.65129300    0.98853063556
  9041.88347800    0.99767651865
  9043.12785500    1.00602345789
  9044.38442300    1.01295327214
  9045.65318400    1.01797723903
  9046.93413600    1.01952140477
  9048.22728000    1.01822468958
  9049.53261700    1.01600707000
  9050.85014500    1.01381916006
  9052.17986500    1.01129976368
  9053.52177700    1.00967622249
  9054.87588100    1.00896376243
  9056.24217700    1.00824513811
  9057.62066400    1.00767831317
  9059.01134400    1.00663895294
  9060.41421500    1.00534263560
  9061.82927900    1.00409037788
  9063.25653400    1.00376256111
  9064.69598100    1.00486378833
  9066.14762000    1.00700632750
  9067.61145200    1.00766012285
  9069.08747500    1.00997799076
  9070.57568900    1.01271287603
  9072.07609600    1.01543852746
  9073.58869500    1.01803100118
  9075.11348500    1.01977016729
  9076.65046800    1.02180115653
  9078.19964200    1.02320770210
  9079.76100900    1.02390469415
  9081.33456700    1.02379732167
  9082.92031700    1.02279173848
  9084.51825900    1.02149968491
  9086.12839300    1.01870453225
  9087.75071900    1.01460276230
  9089.38523700    1.01099816490
  9091.03194600    1.00672039783
  9092.69084800    1.00168111630
  9094.36194200    0.99624057829
  9096.04522700    0.99131250480
  9097.74070400    0.98657681145
  9099.44837400    0.98198075926
  9101.16823500    0.97746643720
  9102.90028800    0.97418513105
  9104.64453300    0.97286963332
  9106.40097000    0.97271728195
  9108.16959800    0.97404917330
  9109.95041900    0.97601538669
  9111.74343200    0.97895352559
  9113.54863600    0.98284516493
  9115.36603200    0.98599854059
  9117.19562100    0.98840946471
  9119.03740100    0.99085507713
  9120.89137300    0.99291496035
  9122.75753700    0.99441986120
  9124.63589300    0.99575722610
  9126.52644100    0.99734427852
  9128.42918100    0.99862952031
  9130.34411200    1.00001593615
  9132.27123600    1.00134592110
  9134.21055200    1.00256124105
  9136.16205900    1.00371014691
  9138.12575800    1.00461011414
  9140.10164900    1.00569001878
  9142.08973300    1.00650322785
  9144.09000800    1.00645423006
  9146.10247500    1.00593273636
  9148.12713300    1.00492938614
  9150.16398400    1.00365328471
  9152.21302700    1.00255111194
  9154.27426100    1.00123838252
  9156.34768800    0.99949308340
  9158.43330600    0.99893840964
  9160.53111700    0.99845353751
  9162.64111900    0.99749830216
  9164.76331300    0.99786031279
  9166.89769900    0.99845532364
  9169.04427700    0.99868652458
  9171.20304700    1.00014797662
  9173.37400800    1.00058377777
  9175.55716200    1.00083870609
  9177.75250800    1.00174589393
  9179.96004500    1.00221947884
  9182.17977500    1.00261842113
  9184.41169600    1.00262944246
  9186.65580900    1.00292383922
  9188.91211400    1.00275785746
  9191.18061100    1.00241084008
  9193.46130000    1.00213267650
  9195.75418100    1.00176285191
  9198.05925400    1.00204225123
  9200.37651800    1.00203130573
  9202.70597500    1.00193588157
  9205.04762300    1.00186637260
  9207.40146400    1.00168200189
  9209.76749600    1.00095458834
  9212.14572000    1.00010232155
  9214.53613600    0.99936117089
  9216.93874400    0.99872662418
  9219.35354400    0.99854566624
  9221.78053600    0.99822892601
  9224.21972000    0.99828780802
  9226.67109600    0.99860969513
  9229.13466300    0.99841425613
  9231.61042300    0.99843718806
  9234.09837400    0.99804542722
  9236.59851700    0.99791867808
  9239.11085200    0.99858193596
  9241.63538000    0.99903897996
  9244.17209900    1.00002454165
  9246.72100900    1.00087998094
  9249.28211200    1.00204257397
  9251.85540700    1.00319579263
  9254.44089400    1.00367646347
  9257.03857200    1.00458925881
  9259.64844300    1.00580795561
  9262.27050500    1.00641563095
  9264.90475900    1.00678288418
  9267.55120500    1.00670096005
  9270.20984400    1.00660777801
  9272.88067400    1.00662439724
  9275.56369600    1.00656212484
  9278.25890900    1.00725148419
  9280.96631500    1.00736060254
  9283.68591300    1.00855990536
  9286.41770200    1.00962433269
  9289.16168400    1.00992500353
  9291.91785700    1.00995615280
  9294.68622200    1.00976859050
  9297.46678000    1.00956039189
  9300.25952900    1.00945972611
  9303.06447000    1.00932935165
  9305.88160200    1.00874882520
  9308.71092700    1.00870756963
  9311.55244400    1.00814946589
  9314.40615300    1.00624851550
  9317.27205300    1.00546389460
  9320.15014600    1.00581209110
  9323.04043000    1.00613438124
  9325.94290600    1.00628606803
  9328.85757400    1.00624026811
  9331.78443500    1.00628987297
  9334.72348700    1.00578753913
  9337.67473000    1.00487953768
  9340.63816600    1.00429343163
  9343.61379400    1.00364533147
  9346.60161400    1.00278697008
  9349.60162500    1.00259706155
  9352.61382900    1.00204114302
  9355.63822400    1.00134218658
  9358.67481100    1.00062152615
  9361.72359000    1.00052838909
  9364.78456100    1.00035488398
  9367.85772400    0.99936269297
  9370.94307900    0.99910081864
  9374.04062600    0.99890376274
  9377.15036500    0.99808951794
  9380.27229500    0.99719919709
  9383.40641800    0.99677358076
  9386.55273200    0.99660676603
  9389.71123900    0.99681067578
  9392.88193700    0.99724219251
  9396.06482700    0.99758211759
  9399.25990900    0.99819773984
  9402.46718300    0.99876047108
  9405.68664900    0.99958257200
  9408.91830700    0.99927189394
  9412.16215700    0.99890388795
  9415.41819800    0.99929507421
  9418.68643200    1.00017316322
  9421.96685700    1.00081306679
  9425.25947400    1.00087678776
  9428.56428400    1.00130835280
  9431.88128500    1.00158818980
  9435.21047800    1.00136016671
  9438.55186300    1.00087016234
  9441.90544000    1.00045856146
  9445.27120900    1.00057125929
  9448.64916900    1.00078220286
  9452.03932200    1.00018242495
  9455.44166600    0.99955312825
  9458.85620300    0.99999528191
  9462.28293100    0.99962277860
  9465.72185100    0.99865848548
  9469.17296400    0.99677892346
  9472.63626800    0.99586734622
  9476.11176400    0.99562162816
  9479.59945100    0.99303544367
  9483.09933100    0.99101479891
  9486.61140300    0.99082602777
  9490.13566600    0.99189543857
  9493.67212200    0.99304278547
  9497.22076900    0.99429476358
  9500.78160900    0.99463035966
  9504.35464000    0.99449507857
  9507.93986300    0.99467749633
  9511.53727800    0.99432715937
  9515.14688500    0.99309431492
  9518.76868400    0.99364929953
  9522.40267500    0.99427422887
  9526.04885700    0.99400858560
  9529.70723200    0.99336029733
  9533.37779900    0.99260069520
  9537.06055700    0.99243125220
  9540.75550700    0.99214906009
  9544.46265000    0.99201151144
  9548.18198400    0.99253784215
  9551.91351000    0.99409677289
  9555.65722800    0.99522314891
  9559.41313800    0.99559207218
  9563.18123900    0.99625032207
  9566.96153300    0.99735685925
  9570.75401900    0.99711993057
  9574.55869600    0.99531333169
  9578.37556500    0.99464258211
  9582.20462700    0.99511805726
  9586.04588000    0.99485864857
  9589.89932500    0.99516159971
  9593.76496200    0.99576150701
  9597.64279100    0.99653472381
  9601.53281200    0.99652643104
  9605.43502500    0.99614733419
  9609.34942900    0.99620753286
  9613.27602600    0.99639465136
  9617.21481400    0.99598461607
  9621.16579500    0.99662837228
  9625.12896700    0.99798957832
  9629.10433100    0.99880264319
  9633.09188800    0.99977889806
  9637.09163600    1.00014244318
  9641.10357500    1.00022785209
  9645.12770700    1.00032825677
  9649.16403100    0.99993992994
  9653.21254700    1.00079920138
  9657.27325400    1.00182620703
  9661.34615400    1.00299038109
  9665.43124500    1.00380285117
  9669.52852900    1.00660159498
  9673.63800400    1.00711216531
  9677.75967100    1.00566257922
  9681.89353000    1.00535851751
  9686.03958100    1.00399467384
  9690.19782400    1.00241625066
  9694.36825800    1.00194908132
  9698.55088500    1.00192748726
  9702.74570400    1.00197578773
  9706.95271400    1.00313690409
  9711.17191600    1.00423794945
  9715.40331100    1.00496081874
  9719.64689700    1.00543599877
  9723.90267500    1.00611082424
  9728.17064500    1.00610398645
  9732.45080700    1.00462123055
  9736.74316100    1.00319348134
  9741.04770700    1.00234538538
  9745.36444400    1.00094248590
  9749.69337400    1.00069886078
  9754.03449500    1.00165071857
  9758.38780900    1.00192463801
  9762.75331400    1.00268411937
  9767.13101100    1.00265352322
  9771.52090000    1.00295748046
  9775.92298100    1.00295923801
  9780.33725400    1.00276612969
  9784.76371900    1.00390117570
  9789.20237600    1.00508834990
  9793.65322400    1.00458845387
  9798.11626500    1.00430055828
  9802.59149700    1.00418078340
  9807.07892200    1.00428361950
  9811.57853800    1.00372590178
  9816.09034600    1.00346640707
  9820.61434600    1.00379715525
  9825.15053800    1.00476675726
  9829.69892200    1.00434201209
  9834.25949800    1.00375804714
  9838.83226600    1.00279058042
  9843.41722600    1.00169239292
  9848.01437700    0.99989673897
  9852.62372100    0.99878562144
  9857.24525600    0.99791299121
  9861.87898300    0.99701337928
  9866.52490200    0.99600740850
  9871.18301300    0.99549116864
  9875.85331600    0.99661095876
  9880.53581100    0.99660160003
  9885.23049800    0.99697153550
  9889.93737700    0.99850418686
  9894.65644800    0.99994453192
  9899.38771000    0.99971807834
  9904.13116500    0.99928075972
  9908.88681100    0.99889386338
  9913.65464900    0.99775639032
  9918.43467900    0.99623509954
  9923.22690100    0.99533240421
  9928.03131500    0.99441005330
  9932.84792100    0.99416714976
  9937.67671900    0.99432531632
