#---------------------------------
#  energy flat
  10182.0000000    0.00394427851
  10187.0000000    0.00365844451
  10192.0000000    0.00367025316
  10197.0000000    0.00353596046
  10202.0000000    0.00333017135
  10207.0000000    0.00285277359
  10212.0000000    0.00242148585
  10217.0000000    0.00169825443
  10222.0000000    0.00102514822
  10227.0000000    0.00058751387
  10232.0000000   -0.00004090709
  10237.0000000   -0.00052659428
  10242.0000000   -0.00038137748
  10247.0000000   -0.00040518751
  10252.0000000   -0.00012708064
  10257.0000000   -0.00025813528
  10262.0000000   -0.00007729979
  10267.0000000   -0.00015447309
  10272.0000000   -0.00032140545
  10277.0000000   -0.00013940426
  10282.0000000   -0.00002838139
  10287.0000000    0.00012110965
  10292.0000000    0.00015105145
  10297.0000000    0.00008825516
  10302.0000000   -6.66271422e-6
  10307.0000000   -0.00007204946
  10312.0000000    0.00014155521
  10317.0000000    0.00042432489
  10322.0000000    0.00136183070
  10327.0000000    0.00304797644
  10332.0000000    0.00439762277
  10337.0000000    0.00588806004
  10341.0000000    0.00751894707
  10344.0000000    0.00916918033
  10346.0000000    0.01062919246
  10347.0000000    0.01195662095
  10347.2000000    0.01297129058
  10347.4000000    0.01343691441
  10347.6000000    0.01381303821
  10347.8000000    0.01410924664
  10348.0000000    0.01437164971
  10348.2000000    0.01473456221
  10348.4000000    0.01482703179
  10348.6000000    0.01516701882
  10348.8000000    0.01529303471
  10349.0000000    0.01560931913
  10349.2000000    0.01608957900
  10349.4000000    0.01638798931
  10349.6000000    0.01665984752
  10349.8000000    0.01664222298
  10350.0000000    0.01694775703
  10350.2000000    0.01736791848
  10350.4000000    0.01778082666
  10350.6000000    0.01801991568
  10350.8000000    0.01811497570
  10351.0000000    0.01814631067
  10351.2000000    0.01824577445
  10351.4000000    0.01871075067
  10351.6000000    0.01920370375
  10351.8000000    0.01964692019
  10352.0000000    0.02015178934
  10352.2000000    0.02051029808
  10352.4000000    0.02095727068
  10352.6000000    0.02142703923
  10352.8000000    0.02169306893
  10353.0000000    0.02180678019
  10353.2000000    0.02193810650
  10353.4000000    0.02210479245
  10353.6000000    0.02242431493
  10353.8000000    0.02283748216
  10354.0000000    0.02349583544
  10354.2000000    0.02412517569
  10354.4000000    0.02455492180
  10354.6000000    0.02522661590
  10354.8000000    0.02545689739
  10355.0000000    0.02591721080
  10355.2000000    0.02637299092
  10355.4000000    0.02699507791
  10355.6000000    0.02779318595
  10355.8000000    0.02849726067
  10356.0000000    0.02892726582
  10356.2000000    0.02934729774
  10356.4000000    0.02993855838
  10356.6000000    0.03036156932
  10356.8000000    0.03103922145
  10357.0000000    0.03166247414
  10357.2000000    0.03238468200
  10357.4000000    0.03288955115
  10357.6000000    0.03343198181
  10357.8000000    0.03388530101
  10358.0000000    0.03452526210
  10358.2000000    0.03528749241
  10358.4000000    0.03610813736
  10358.6000000    0.03690611587
  10358.8000000    0.03755928825
  10359.0000000    0.03835493536
  10359.2000000    0.03919617439
  10359.4000000    0.04012276872
  10359.6000000    0.04108796076
  10359.8000000    0.04212335397
  10360.0000000    0.04317506703
  10360.2000000    0.04405736467
  10360.4000000    0.04531165088
  10360.6000000    0.04636336393
  10360.8000000    0.04770779778
  10361.0000000    0.04864060920
  10361.2000000    0.04985720436
  10361.4000000    0.05084868946
  10361.6000000    0.05237134625
  10361.8000000    0.05432065007
  10362.0000000    0.05583968023
  10362.2000000    0.05743098392
  10362.4000000    0.05898343088
  10362.6000000    0.06063172447
  10362.8000000    0.06252326127
  10363.0000000    0.06463731769
  10363.2000000    0.06662262877
  10363.4000000    0.06889858829
  10363.6000000    0.07103647685
  10363.8000000    0.07344947115
  10364.0000000    0.07595455593
  10364.2000000    0.07854875218
  10364.4000000    0.08153514250
  10364.6000000    0.08439602553
  10364.8000000    0.08761089350
  10365.0000000    0.09076708779
  10365.2000000    0.09433619974
  10365.4000000    0.09838208393
  10365.6000000    0.10247628001
  10365.8000000    0.10687731484
  10366.0000000    0.11192039260
  10366.2000000    0.11703950005
  10366.4000000    0.12256401286
  10366.6000000    0.12870906787
  10366.8000000    0.13536819759
  10367.0000000    0.14269229572
  10367.2000000    0.15087862499
  10367.4000000    0.16020630635
  10367.6000000    0.17079074432
  10367.8000000    0.18252922757
  10368.0000000    0.19582133296
  10368.2000000    0.21062548377
  10368.4000000    0.22744021201
  10368.6000000    0.24652223124
  10368.8000000    0.26801841996
  10369.0000000    0.29222952936
  10369.2000000    0.31905880614
  10369.4000000    0.34850521413
  10369.6000000    0.38105342644
  10369.8000000    0.41628081123
  10370.0000000    0.45492473996
  10370.2000000    0.49662423349
  10370.4000000    0.54122943430
  10370.6000000    0.58920040626
  10370.8000000    0.64170492401
  10371.0000000    0.69921017515
  10371.2000000    0.76213425824
  10371.4000000    0.83036604298
  10371.6000000    0.91253431693
  10371.8000000    1.00278764304
  10372.0000000    1.08206108958
  10372.2000000    1.15403620349
  10372.4000000    1.25635014474
  10372.6000000    1.35782814791
  10372.8000000    1.45905613445
  10373.0000000    1.55766477914
  10373.2000000    1.65233165695
  10373.4000000    1.73868590194
  10373.6000000    1.81536182859
  10373.8000000    1.88412560495
  10374.0000000    1.94360662355
  10374.2000000    1.99451648062
  10374.4000000    2.03683704228
  10374.6000000    2.07201196580
  10374.8000000    2.10158930328
  10375.0000000    2.12702644110
  10375.2000000    2.14854512149
  10375.4000000    2.16773043982
  10375.6000000    2.18579731662
  10375.8000000    2.20091870727
  10376.0000000    2.21385983005
  10376.2000000    2.22466498128
  10376.4000000    2.23244641329
  10376.6000000    2.23696502720
  10376.8000000    2.23768900317
  10377.0000000    2.23444141309
  10377.2000000    2.22624928356
  10377.4000000    2.21246603791
  10377.6000000    2.19348464683
  10377.8000000    2.16984729102
  10378.0000000    2.14239742031
  10378.2000000    2.11084542186
  10378.4000000    2.07597464744
  10378.6000000    2.03880676969
  10378.8000000    2.00052743681
  10379.0000000    1.96082968028
  10379.2000000    1.91977696550
  10379.4000000    1.87785810980
  10379.6000000    1.83517129084
  10379.8000000    1.79137405070
  10380.0000000    1.74710726608
  10380.2000000    1.70226161951
  10380.4000000    1.65679177765
  10380.6000000    1.61135260576
  10380.8000000    1.56602492538
  10381.0000000    1.52063957962
  10381.2000000    1.47633066687
  10381.4000000    1.43332925466
  10381.6000000    1.39138147861
  10381.8000000    1.35098599969
  10382.0000000    1.31206898966
  10382.2000000    1.27469028744
  10382.4000000    1.23972365112
  10382.6000000    1.20723358246
  10382.8000000    1.17674084792
  10383.0000000    1.14862702003
  10383.2000000    1.12274262957
  10383.4000000    1.10035880960
  10383.6000000    1.08068935821
  10383.8000000    1.06174480968
  10384.0000000    1.03981304919
  10384.2000000    1.02499786598
  10384.4000000    1.01276208695
  10384.6000000    1.00192472577
  10384.8000000    0.99308676634
  10385.0000000    0.98597180697
  10385.2000000    0.97943590490
  10385.4000000    0.97380312480
  10385.6000000    0.96841575106
  10385.8000000    0.96411334798
  10386.0000000    0.95956183342
  10386.2000000    0.95639241320
  10386.4000000    0.95413699240
  10386.6000000    0.95262719148
  10386.8000000    0.95164515306
  10387.0000000    0.95155302163
  10387.2000000    0.95138922182
  10387.4000000    0.95322948026
  10387.6000000    0.95564412745
  10387.8000000    0.95879558427
  10388.0000000    0.96230434912
  10388.2000000    0.96590697293
  10388.4000000    0.97019174646
  10388.6000000    0.97476751109
  10388.8000000    0.97928999573
  10389.0000000    0.98408559667
  10389.2000000    0.98905147238
  10389.4000000    0.99408478176
  10389.6000000    0.99947099171
  10389.8000000    1.00491245923
  10390.0000000    1.00992373350
  10390.2000000    1.01515501694
  10390.4000000    1.02211213748
  10390.6000000    1.02804481420
  10390.8000000    1.03174356581
  10391.0000000    1.03656043365
  10391.2000000    1.04147167152
  10391.4000000    1.04626123546
  10391.6000000    1.05223238018
  10391.8000000    1.05819712502
  10392.0000000    1.06360474005
  10392.2000000    1.06862852569
  10392.4000000    1.07219214986
  10392.6000000    1.07515020129
  10392.8000000    1.07752858409
  10393.0000000    1.07942806617
  10393.2000000    1.08114680801
  10393.4000000    1.08307518961
  10393.6000000    1.08505804281
  10393.8000000    1.08646148405
  10394.0000000    1.08746477202
  10394.2000000    1.08811142579
  10394.4000000    1.08842190942
  10394.6000000    1.08829623104
  10394.8000000    1.08783205027
  10395.0000000    1.08763708598
  10395.2000000    1.08676219715
  10395.4000000    1.08516567692
  10395.6000000    1.08338219367
  10395.8000000    1.08062865404
  10396.0000000    1.07712161913
  10396.2000000    1.07304630575
  10396.4000000    1.06834494616
  10396.6000000    1.06309292222
  10396.8000000    1.05679675269
  10397.0000000    1.04967481217
  10397.2278600    1.04133792967
  10397.4835810    1.03241378579
  10397.7671620    1.02154296564
  10398.0786040    1.00422749351
  10398.4179050    0.98651722709
  10398.7850670    0.97068102588
  10399.1800900    0.95235183269
  10399.6029730    0.93300227543
  10400.0537160    0.91309421822
  10400.5323190    0.89244298041
  10401.0387830    0.87186900475
  10401.5731070    0.85159152667
  10402.1352920    0.83360452439
  10402.7253370    0.81983284665
  10403.3432420    0.81144703065
  10403.9890080    0.80814756070
  10404.6626340    0.80959998392
  10405.3641200    0.81472175268
  10406.0934670    0.82237205900
  10406.8506740    0.83384048865
  10407.6357410    0.84597843447
  10408.4486690    0.85891630500
  10409.2894570    0.87316430021
  10410.1581060    0.88891453360
  10411.0546140    0.91137737083
  10411.9789830    0.93997664577
  10412.9312130    0.96786862904
  10413.9113030    0.99041460797
  10414.9192530    1.02526075133
  10415.9550640    1.05865233585
  10417.0187340    1.08877948983
  10418.1102660    1.11422169509
  10419.2327230    1.13386840364
  10420.3673730    1.15017830490
  10421.5142140    1.16339200745
  10422.6732480    1.17371462205
  10423.8444730    1.18092099618
  10425.0278900    1.18631407678
  10426.2234990    1.18962207919
  10427.4313000    1.19000176607
  10428.6512930    1.18807998037
  10429.8834780    1.18407945494
  10431.1278550    1.17773876744
  10432.3844230    1.16871230818
  10433.6531840    1.15796833618
  10434.9341360    1.14633627100
  10436.2272800    1.13355960859
  10437.5326170    1.12106097342
  10438.8501450    1.10970967577
  10440.1798650    1.09856377614
  10441.5217770    1.08753592523
  10442.8758810    1.07768945039
  10444.2421770    1.06931365124
  10445.6206640    1.06179946007
  10447.0113440    1.05450257122
  10448.4142150    1.04754519967
  10449.8292790    1.04052342984
  10451.2565340    1.03250645501
  10452.6959810    1.02353384247
  10454.1476200    1.01469843637
  10455.6114520    1.00693816749
  10457.0874750    1.00049569302
  10458.5756890    0.99534270301
  10460.0760960    0.99107448823
  10461.5886950    0.98756662905
  10463.1134850    0.98460636842
  10464.6504680    0.98183458020
  10466.1996420    0.97863309730
  10467.7610090    0.97672809872
  10469.3345670    0.97604773617
  10470.9203170    0.97511561037
  10472.5182590    0.97536180466
  10474.1283930    0.97670772045
  10475.7507190    0.97842999217
  10477.3852370    0.98004331242
  10479.0319460    0.98256586798
  10480.6908480    0.98526546948
  10482.3619420    0.98683381198
  10484.0452270    0.98790464576
  10485.7407040    0.98801180819
  10487.4483740    0.98743828953
  10489.1682350    0.98711831913
  10490.9002880    0.98766101462
  10492.6445330    0.98940970986
  10494.4009700    0.99198966058
  10496.1695980    0.99564808554
  10497.9504190    1.00143290103
  10499.7434320    1.00814713857
  10501.5486360    1.01505492375
  10503.3660320    1.02142866254
  10505.1956210    1.02640216564
  10507.0374010    1.02982938686
  10508.8913730    1.03175492646
  10510.7575370    1.03382298206
  10512.6358930    1.03557689022
  10514.5264410    1.03687238877
  10516.4291810    1.03774628114
  10518.3441120    1.03856098480
  10520.2712360    1.03808966526
  10522.2105520    1.03492467134
  10524.1620590    1.02974780137
  10526.1257580    1.02378224736
  10528.1016490    1.01655963189
  10530.0897330    1.00755250610
  10532.0900080    0.99784752676
  10534.1024750    0.98940457905
  10536.1271330    0.98141694300
  10538.1639840    0.97358665122
  10540.2130270    0.96771425501
  10542.2742610    0.96419187007
  10544.3476880    0.96140944165
  10546.4333060    0.95947904231
  10548.5311170    0.95827311506
  10550.6411190    0.95767705117
  10552.7633130    0.95782698505
  10554.8976990    0.95877226382
  10557.0442770    0.96064252980
  10559.2030470    0.96333401666
  10561.3740080    0.96663156096
  10563.5571620    0.97019512746
  10565.7525080    0.97402557818
  10567.9600450    0.97832323035
  10570.1797750    0.98248975360
  10572.4116960    0.98534162951
  10574.6558090    0.98802465970
  10576.9121140    0.98987287673
  10579.1806110    0.99053789307
  10581.4613000    0.99078468661
  10583.7541810    0.99039774069
  10586.0592540    0.98950346823
  10588.3765180    0.98801248881
  10590.7059750    0.98617061398
  10593.0476230    0.98344003786
  10595.4014640    0.98041548584
  10597.7674960    0.97679900799
  10600.1457200    0.97218980108
  10602.5361360    0.96853270466
  10604.9387440    0.96566081415
  10607.3535440    0.96379655933
  10609.7805360    0.96297817886
  10612.2197200    0.96402440419
  10614.6710960    0.96713587494
  10617.1346630    0.97032688234
  10619.6104230    0.97375038016
  10622.0983740    0.97645604280
  10624.5985170    0.97884237913
  10627.1108520    0.98118587880
  10629.6353800    0.98336020535
  10632.1720990    0.98595268349
  10634.7210090    0.98825358787
  10637.2821120    0.99036477005
  10639.8554070    0.99212022063
  10642.4408940    0.99366062893
  10645.0385720    0.99425472926
  10647.6484430    0.99473432148
  10650.2705050    0.99508722943
  10652.9047590    0.99459510850
  10655.5512050    0.99400838950
  10658.2098440    0.99260093689
  10660.8806740    0.99039343327
  10663.5636960    0.98834662399
  10666.2589090    0.98548954735
  10668.9663150    0.98172680243
  10671.6859130    0.97765100351
  10674.4177020    0.97363663958
  10677.1616840    0.97044960530
  10679.9178570    0.96835790357
  10682.6862220    0.96836417789
  10685.4667800    0.96924767964
  10688.2595290    0.97175768924
  10691.0644700    0.97533685375
  10693.8816020    0.97870533590
  10696.7109270    0.98164796256
  10699.5524440    0.98421792390
  10702.4061530    0.98652875847
  10705.2720530    0.98880901241
  10708.1501460    0.99139809324
  10711.0404300    0.99307621036
  10713.9429060    0.99515184231
  10716.8575740    0.99808638299
  10719.7844350    1.00101594361
  10722.7234870    1.00369108384
  10725.6747300    1.00620921563
  10728.6381660    1.00767430513
  10731.6137940    1.00886607447
  10734.6016140    1.00986896089
  10737.6016250    1.00993741552
  10740.6138290    1.00932812596
  10743.6382240    1.00837134341
  10746.6748110    1.00698387574
  10749.7235900    1.00514391825
  10752.7845610    1.00266516684
  10755.8577240    1.00091350856
  10758.9430790    0.99977360566
  10762.0406260    0.99906664897
  10765.1503650    0.99862677597
  10768.2722950    0.99845986644
  10771.4064180    0.99915801272
  10774.5527320    0.99920493712
  10777.7112390    1.00025662051
  10780.8819370    1.00222178304
  10784.0648270    1.00403616684
  10787.2599090    1.00666979071
  10790.4671830    1.00877033210
  10793.6866490    1.01049517939
  10796.9183070    1.01278040719
  10800.1621570    1.01513397267
  10803.4181980    1.01661775577
  10806.6864320    1.01835355875
  10809.9668570    1.01964572441
  10813.2594740    1.02034206914
  10816.5642840    1.02080875742
  10819.8812850    1.02003461222
  10823.2104780    1.01948855126
  10826.5518630    1.01884016623
  10829.9054400    1.01749715495
  10833.2712090    1.01656991799
  10836.6491690    1.01679194735
  10840.0393220    1.01632519576
  10843.4416660    1.01532160259
  10846.8562030    1.01493457557
  10850.2829310    1.01564375081
  10853.7218510    1.01569139454
  10857.1729640    1.01485435882
  10860.6362680    1.01435134509
  10864.1117640    1.01350303500
  10867.5994510    1.01247796999
  10871.0993310    1.01200604555
  10874.6114030    1.01284980354
  10878.1356660    1.01376937459
  10881.6721220    1.01455744714
  10885.2207690    1.01522509344
  10888.7816090    1.01548626649
  10892.3546400    1.01564632897
  10895.9398630    1.01537702605
  10899.5372780    1.01465086359
  10903.1468850    1.01466460319
  10906.7686840    1.01498251509
  10910.4026750    1.01490672610
  10914.0488570    1.01472918574
  10917.7072320    1.01426236054
  10921.3777990    1.01369952724
  10925.0605570    1.01335235844
  10928.7555070    1.01362916262
  10932.4626500    1.01429997504
  10936.1819840    1.01348680310
  10939.9135100    1.01198008949
  10943.6572280    1.01024104677
  10947.4131380    1.00826747220
  10951.1812390    1.00738737622
  10954.9615330    1.00529075761
  10958.7540190    1.00361755228
  10962.5586960    1.00295754677
  10966.3755650    1.00169969958
  10970.2046270    1.00124179658
  10974.0458800    1.00216669078
  10977.8993250    1.00271937388
  10981.7649620    1.00285688831
  10985.6427910    1.00298211605
  10989.5328120    1.00352593918
  10993.4350250    1.00362922023
  10997.3494290    1.00346384646
  11001.2760260    1.00289035668
  11005.2148140    1.00279902286
  11009.1657950    1.00206244002
  11013.1289670    1.00126008173
  11017.1043310    1.00127789838
  11021.0918880    1.00030495260
  11025.0916360    0.99908245131
  11029.1035750    0.99849022002
  11033.1277070    0.99856673681
  11037.1640310    0.99777837136
  11041.2125470    0.99684780822
  11045.2732540    0.99644647646
  11049.3461540    0.99499370137
  11053.4312450    0.99457537082
  11057.5285290    0.99433361945
  11061.6380040    0.99434888482
  11065.7596710    0.99421696816
  11069.8935300    0.99350625292
  11074.0395810    0.99301769957
  11078.1978240    0.99307592726
  11082.3682580    0.99268757856
  11086.5508850    0.99258638988
  11090.7457040    0.99277149431
  11094.9527140    0.99290660768
  11099.1719160    0.99228194856
  11103.4033110    0.99116904579
  11107.6468970    0.99002236615
  11111.9026750    0.98938708975
  11116.1706450    0.98892303326
  11120.4508070    0.98776653615
  11124.7431610    0.98761542795
  11129.0477070    0.98798747047
  11133.3644440    0.98802175877
  11137.6933740    0.98793843656
  11142.0344950    0.98824809886
  11146.3878090    0.98879072873
  11150.7533140    0.99005683570
  11155.1310110    0.99097572379
  11159.5209000    0.99059669892
  11163.9229810    0.99179600228
  11168.3372540    0.99052851797
  11172.7637190    0.98929940772
  11177.2023760    0.99030563732
  11181.6532240    0.98983801780
  11186.1162650    0.99004262093
  11190.5914970    0.99050234388
  11195.0789220    0.99161174125
  11199.5785380    0.99233940308
  11204.0903460    0.99388022461
  11208.6143460    0.99512497416
  11213.1505380    0.99523261017
  11217.6989220    0.99550188208
  11222.2594980    0.99500538828
  11226.8322660    0.99333338151
  11231.4172260    0.99316401455
  11236.0143770    0.99322560897
  11240.6237210    0.99306955654
  11245.2452560    0.99443860220
  11249.8789830    0.99570592169
  11254.5249020    0.99634054278
  11259.1830130    0.99774354383
  11263.8533160    1.00016101599
  11268.5358110    1.00212323293
  11273.2304980    1.00369281662
  11277.9373770    1.00507858966
  11282.6564480    1.00643248561
  11287.3877100    1.00781639344
  11292.1311650    1.00900424605
  11296.8868110    1.00991592712
  11301.6546490    1.01181845938
  11306.4346790    1.01515158588
  11311.2269010    1.01836958044
  11316.0313150    1.02077960563
  11320.8479210    1.02484358741
  11325.6767190    1.02897754466
