#---------------------------------
#  energy flat
  10182.0000000    0.00629830713
  10187.0000000    0.00529341959
  10192.0000000    0.00485011565
  10197.0000000    0.00422438400
  10202.0000000    0.00405884428
  10207.0000000    0.00344264628
  10212.0000000    0.00265097756
  10217.0000000    0.00196804400
  10222.0000000    0.00107524128
  10227.0000000    0.00053788916
  10232.0000000   -0.00009982398
  10237.0000000   -0.00002058075
  10242.0000000    0.00006046613
  10247.0000000   -0.00008793878
  10252.0000000   -0.00052892373
  10257.0000000   -0.00053084537
  10262.0000000   -0.00063802369
  10267.0000000   -0.00077650845
  10272.0000000   -0.00095299898
  10277.0000000   -0.00037336790
  10282.0000000    0.00020484603
  10287.0000000    0.00052333237
  10292.0000000    0.00071581991
  10297.0000000    0.00079184230
  10302.0000000    0.00027574764
  10307.0000000   -0.00013264252
  10312.0000000   -0.00005004964
  10317.0000000    6.51895624e-6
  10322.0000000    0.00088220857
  10327.0000000    0.00231484380
  10332.0000000    0.00326860629
  10337.0000000    0.00445955056
  10341.0000000    0.00616914907
  10344.0000000    0.00777101515
  10346.0000000    0.00941923322
  10347.0000000    0.01043923303
  10347.2000000    0.01135604092
  10347.4000000    0.01185980980
  10347.6000000    0.01178254128
  10347.8000000    0.01203353956
  10348.0000000    0.01227551953
  10348.2000000    0.01229732368
  10348.4000000    0.01235146495
  10348.6000000    0.01265489832
  10348.8000000    0.01299144180
  10349.0000000    0.01328740285
  10349.2000000    0.01368153474
  10349.4000000    0.01388473593
  10349.6000000    0.01397791364
  10349.8000000    0.01406168652
  10350.0000000    0.01443675111
  10350.2000000    0.01483088300
  10350.4000000    0.01523274488
  10350.6000000    0.01520752494
  10350.8000000    0.01493069390
  10351.0000000    0.01507257053
  10351.2000000    0.01552119883
  10351.4000000    0.01603166704
  10351.6000000    0.01662742277
  10351.8000000    0.01675474126
  10352.0000000    0.01690164237
  10352.2000000    0.01712069004
  10352.4000000    0.01766491253
  10352.6000000    0.01816314159
  10352.8000000    0.01811022252
  10353.0000000    0.01804738331
  10353.2000000    0.01848647796
  10353.4000000    0.01898109969
  10353.6000000    0.01982498803
  10353.8000000    0.02042035726
  10354.0000000    0.02107511857
  10354.2000000    0.02159318793
  10354.4000000    0.02182782441
  10354.6000000    0.02222491946
  10354.8000000    0.02270910571
  10355.0000000    0.02300571092
  10355.2000000    0.02334663473
  10355.4000000    0.02368987753
  10355.6000000    0.02405373364
  10355.8000000    0.02412771521
  10356.0000000    0.02436892218
  10356.2000000    0.02481613331
  10356.4000000    0.02535984047
  10356.6000000    0.02589053547
  10356.8000000    0.02632473446
  10357.0000000    0.02709261126
  10357.2000000    0.02792335861
  10357.4000000    0.02879674974
  10357.6000000    0.02952481709
  10357.8000000    0.03031176119
  10358.0000000    0.03087079948
  10358.2000000    0.03149425434
  10358.4000000    0.03208279542
  10358.6000000    0.03285608320
  10358.8000000    0.03355542077
  10359.0000000    0.03468763765
  10359.2000000    0.03574667731
  10359.4000000    0.03668177950
  10359.6000000    0.03763543366
  10359.8000000    0.03882923277
  10360.0000000    0.03955639829
  10360.2000000    0.04055694771
  10360.4000000    0.04205582367
  10360.6000000    0.04324086213
  10360.8000000    0.04441868593
  10361.0000000    0.04564417799
  10361.2000000    0.04704720210
  10361.4000000    0.04857725568
  10361.6000000    0.04994523717
  10361.8000000    0.05139489888
  10362.0000000    0.05291876846
  10362.2000000    0.05434807453
  10362.4000000    0.05595491264
  10362.6000000    0.05764858429
  10362.8000000    0.05942458030
  10363.0000000    0.06116604904
  10363.2000000    0.06327263085
  10363.4000000    0.06582085263
  10363.6000000    0.06838298839
  10363.8000000    0.07106468129
  10364.0000000    0.07351872605
  10364.2000000    0.07625568836
  10364.4000000    0.07912637945
  10364.6000000    0.08211198970
  10364.8000000    0.08544158439
  10365.0000000    0.08893428182
  10365.2000000    0.09257178769
  10365.4000000    0.09656371349
  10365.6000000    0.10080660623
  10365.8000000    0.10537248361
  10366.0000000    0.11053009155
  10366.2000000    0.11623987827
  10366.4000000    0.12231761240
  10366.6000000    0.12907403945
  10366.8000000    0.13617406444
  10367.0000000    0.14407440083
  10367.2000000    0.15326306848
  10367.4000000    0.16372331911
  10367.6000000    0.17540825743
  10367.8000000    0.18873079364
  10368.0000000    0.20338224356
  10368.2000000    0.21988064519
  10368.4000000    0.23821040972
  10368.6000000    0.25928238737
  10368.8000000    0.28292948157
  10369.0000000    0.30903999399
  10369.2000000    0.33812397498
  10369.4000000    0.37013336980
  10369.6000000    0.40495828378
  10369.8000000    0.44300698911
  10370.0000000    0.48411367754
  10370.2000000    0.52815595761
  10370.4000000    0.57586379782
  10370.6000000    0.62717471409
  10370.8000000    0.68288850249
  10371.0000000    0.74266839322
  10371.2000000    0.80805754948
  10371.4000000    0.88121366848
  10371.6000000    0.96519898482
  10371.8000000    1.05143243923
  10372.0000000    1.11279775043
  10372.2000000    1.20414227267
  10372.4000000    1.30090500090
  10372.6000000    1.39792153040
  10372.8000000    1.49391851523
  10373.0000000    1.58717428945
  10373.2000000    1.67442937464
  10373.4000000    1.75106999844
  10373.6000000    1.82019794663
  10373.8000000    1.88091757078
  10374.0000000    1.93366303824
  10374.2000000    1.97767784034
  10374.4000000    2.01464196063
  10374.6000000    2.04533947700
  10374.8000000    2.07171679983
  10375.0000000    2.09337299998
  10375.2000000    2.11272163689
  10375.4000000    2.13176323076
  10375.6000000    2.14803217295
  10375.8000000    2.16091521704
  10376.0000000    2.17128095573
  10376.2000000    2.17843575077
  10376.4000000    2.18327988781
  10376.6000000    2.18503469877
  10376.8000000    2.18366642905
  10377.0000000    2.17916296789
  10377.2000000    2.17082320490
  10377.4000000    2.15759637650
  10377.6000000    2.13973164565
  10377.8000000    2.11733413973
  10378.0000000    2.09054608988
  10378.2000000    2.06009643367
  10378.4000000    2.02699651053
  10378.6000000    1.99198530699
  10378.8000000    1.95467013903
  10379.0000000    1.91661967843
  10379.2000000    1.87873936390
  10379.4000000    1.83984341499
  10379.6000000    1.80074038775
  10379.8000000    1.76093401678
  10380.0000000    1.71963146226
  10380.2000000    1.67756037344
  10380.4000000    1.63509127380
  10380.6000000    1.59135711601
  10380.8000000    1.54728730181
  10381.0000000    1.50317505482
  10381.2000000    1.46023449806
  10381.4000000    1.41863027985
  10381.6000000    1.37876229760
  10381.8000000    1.34122679075
  10382.0000000    1.30533913946
  10382.2000000    1.27052809724
  10382.4000000    1.23719201561
  10382.6000000    1.20589389495
  10382.8000000    1.17743275784
  10383.0000000    1.15104591165
  10383.2000000    1.12680318351
  10383.4000000    1.10470766502
  10383.6000000    1.08561016951
  10383.8000000    1.06941046453
  10384.0000000    1.05433889776
  10384.2000000    1.03763380169
  10384.4000000    1.02751653322
  10384.6000000    1.01805870661
  10384.8000000    1.00986892916
  10385.0000000    1.00255786650
  10385.2000000    0.99648393218
  10385.4000000    0.99093442084
  10385.6000000    0.98593896350
  10385.8000000    0.98090879241
  10386.0000000    0.97650404801
  10386.2000000    0.97364640213
  10386.4000000    0.97143634131
  10386.6000000    0.97000785161
  10386.8000000    0.96943204846
  10387.0000000    0.96943812416
  10387.2000000    0.96966740687
  10387.4000000    0.97083878480
  10387.6000000    0.97259410152
  10387.8000000    0.97495963860
  10388.0000000    0.97727860425
  10388.2000000    0.98052626477
  10388.4000000    0.98401078586
  10388.6000000    0.98760565288
  10388.8000000    0.99073807318
  10389.0000000    0.99436038107
  10389.2000000    0.99888200746
  10389.4000000    1.00407208325
  10389.6000000    1.00936039231
  10389.8000000    1.01509736032
  10390.0000000    1.02120027604
  10390.2000000    1.02735993954
  10390.4000000    1.03126096129
  10390.6000000    1.03652458250
  10390.8000000    1.04220310605
  10391.0000000    1.04766215732
  10391.2000000    1.05289941685
  10391.4000000    1.05794296978
  10391.6000000    1.06283301153
  10391.8000000    1.06729074688
  10392.0000000    1.07143392887
  10392.2000000    1.07535918169
  10392.4000000    1.07853004393
  10392.6000000    1.08105138525
  10392.8000000    1.08344137204
  10393.0000000    1.08500301662
  10393.2000000    1.08591874620
  10393.4000000    1.08683427198
  10393.6000000    1.08708867968
  10393.8000000    1.08805893721
  10394.0000000    1.08902022899
  10394.2000000    1.08892617183
  10394.4000000    1.08861263473
  10394.6000000    1.08806518781
  10394.8000000    1.08721219937
  10395.0000000    1.08558961219
  10395.2000000    1.08353780296
  10395.4000000    1.08151052129
  10395.6000000    1.07913621212
  10395.8000000    1.07542569427
  10396.0000000    1.07077989593
  10396.2000000    1.06612461152
  10396.4000000    1.06152322644
  10396.6000000    1.05645911954
  10396.8000000    1.05013146356
  10397.0000000    1.04286311387
  10397.2278600    1.03548751164
  10397.4835810    1.02753931740
  10397.7671620    1.01764083299
  10398.0786040    1.00130203586
  10398.4179050    0.98608322116
  10398.7850670    0.96974746079
  10399.1800900    0.95222303292
  10399.6029730    0.93345577025
  10400.0537160    0.91473449084
  10400.5323190    0.89544672349
  10401.0387830    0.87733380602
  10401.5731070    0.85933679440
  10402.1352920    0.84311282922
  10402.7253370    0.83082926450
  10403.3432420    0.82321415698
  10403.9890080    0.82022362123
  10404.6626340    0.82119463286
  10405.3641200    0.82718720723
  10406.0934670    0.83597047088
  10406.8506740    0.84580289041
  10407.6357410    0.85766262368
  10408.4486690    0.86967136388
  10409.2894570    0.88238681138
  10410.1581060    0.89890985237
  10411.0546140    0.92088919797
  10411.9789830    0.94705215323
  10412.9312130    0.97122807355
  10413.9113030    0.99314973116
  10414.9192530    1.02404724403
  10415.9550640    1.05414734193
  10417.0187340    1.08127974123
  10418.1102660    1.10490364797
  10419.2327230    1.12457443714
  10420.3673730    1.13953232555
  10421.5142140    1.15113283571
  10422.6732480    1.16028674949
  10423.8444730    1.16666986451
  10425.0278900    1.17112416926
  10426.2234990    1.17284929025
  10427.4313000    1.17302192733
  10428.6512930    1.17260079496
  10429.8834780    1.17024184416
  10431.1278550    1.16552991277
  10432.3844230    1.15777413760
  10433.6531840    1.14792910526
  10434.9341360    1.13699089490
  10436.2272800    1.12489218990
  10437.5326170    1.11239123551
  10438.8501450    1.10132667725
  10440.1798650    1.09102464961
  10441.5217770    1.08126220398
  10442.8758810    1.07238557524
  10444.2421770    1.06508472390
  10445.6206640    1.05872159880
  10447.0113440    1.05318713011
  10448.4142150    1.04692004740
  10449.8292790    1.03993727596
  10451.2565340    1.03272573040
  10452.6959810    1.02536829660
  10454.1476200    1.01821944024
  10455.6114520    1.01189566968
  10457.0874750    1.00654119388
  10458.5756890    1.00221647392
  10460.0760960    0.99793583942
  10461.5886950    0.99460180111
  10463.1134850    0.99103234664
  10464.6504680    0.98698593671
  10466.1996420    0.98493116994
  10467.7610090    0.98402407691
  10469.3345670    0.98318853465
  10470.9203170    0.98245508743
  10472.5182590    0.98240284936
  10474.1283930    0.98243494175
  10475.7507190    0.98345744919
  10477.3852370    0.98504998613
  10479.0319460    0.98565637185
  10480.6908480    0.98625301760
  10482.3619420    0.98654320632
  10484.0452270    0.98639383424
  10485.7407040    0.98588307606
  10487.4483740    0.98563329278
  10489.1682350    0.98576233454
  10490.9002880    0.98605951718
  10492.6445330    0.98705880850
  10494.4009700    0.98967912406
  10496.1695980    0.99402850004
  10497.9504190    0.99899079011
  10499.7434320    1.00517595289
  10501.5486360    1.01194864025
  10503.3660320    1.01896723464
  10505.1956210    1.02434540337
  10507.0374010    1.02741840773
  10508.8913730    1.02925456143
  10510.7575370    1.03078148766
  10512.6358930    1.03193762241
  10514.5264410    1.03235039176
  10516.4291810    1.03267118079
  10518.3441120    1.03254982059
  10520.2712360    1.03113316666
  10522.2105520    1.02853998869
  10524.1620590    1.02482643614
  10526.1257580    1.02007286939
  10528.1016490    1.01444415759
  10530.0897330    1.00717859290
  10532.0900080    0.99978888421
  10534.1024750    0.99320076504
  10536.1271330    0.98629074398
  10538.1639840    0.97958953575
  10540.2130270    0.97388345550
  10542.2742610    0.97003842944
  10544.3476880    0.96741869315
  10546.4333060    0.96541759498
  10548.5311170    0.96405537255
  10550.6411190    0.96331902091
  10552.7633130    0.96340912822
  10554.8976990    0.96390787673
  10557.0442770    0.96547268115
  10559.2030470    0.96856872864
  10561.3740080    0.97220177707
  10563.5571620    0.97599391003
  10565.7525080    0.97904697717
  10567.9600450    0.98163571616
  10570.1797750    0.98364783790
  10572.4116960    0.98532224724
  10574.6558090    0.98643197647
  10576.9121140    0.98696313969
  10579.1806110    0.98742232775
  10581.4613000    0.98727231592
  10583.7541810    0.98728120773
  10586.0592540    0.98748893235
  10588.3765180    0.98690345713
  10590.7059750    0.98582828311
  10593.0476230    0.98415592781
  10595.4014640    0.98122027517
  10597.7674960    0.97666569106
  10600.1457200    0.97264027188
  10602.5361360    0.96902180795
  10604.9387440    0.96594316968
  10607.3535440    0.96464080214
  10609.7805360    0.96442817761
  10612.2197200    0.96572955773
  10614.6710960    0.96830364246
  10617.1346630    0.97202223822
  10619.6104230    0.97571565231
  10622.0983740    0.97788411502
  10624.5985170    0.98042491630
  10627.1108520    0.98264450287
  10629.6353800    0.98456562313
  10632.1720990    0.98641663559
  10634.7210090    0.98768921958
  10637.2821120    0.98940944592
  10639.8554070    0.99083321053
  10642.4408940    0.99160057932
  10645.0385720    0.99206689066
  10647.6484430    0.99201854414
  10650.2705050    0.99130866789
  10652.9047590    0.99093003622
  10655.5512050    0.99063062884
  10658.2098440    0.98957995467
  10660.8806740    0.98837936614
  10663.5636960    0.98648745478
  10666.2589090    0.98395337456
  10668.9663150    0.98076829389
  10671.6859130    0.97832482006
  10674.4177020    0.97555303487
  10677.1616840    0.97288082302
  10679.9178570    0.97145134414
  10682.6862220    0.97164170512
  10685.4667800    0.97295087756
  10688.2595290    0.97524525773
  10691.0644700    0.97831264330
  10693.8816020    0.98155509802
  10696.7109270    0.98490237601
  10699.5524440    0.98709303316
  10702.4061530    0.98861877797
  10705.2720530    0.98981207327
  10708.1501460    0.99117491651
  10711.0404300    0.99276199080
  10713.9429060    0.99410284568
  10716.8575740    0.99618799148
  10719.7844350    0.99785590136
  10722.7234870    0.99857890180
  10725.6747300    1.00026296868
  10728.6381660    1.00197046464
  10731.6137940    1.00359394797
  10734.6016140    1.00423776769
  10737.6016250    1.00462776120
  10740.6138290    1.00539081349
  10743.6382240    1.00534215370
  10746.6748110    1.00491798206
  10749.7235900    1.00368255029
  10752.7845610    1.00247812931
  10755.8577240    1.00193956254
  10758.9430790    1.00200186710
  10762.0406260    1.00239108711
  10765.1503650    1.00241610010
  10768.2722950    1.00287174075
  10771.4064180    1.00394500291
  10774.5527320    1.00595506086
  10777.7112390    1.00802628459
  10780.8819370    1.00937631722
  10784.0648270    1.01016637075
  10787.2599090    1.01111988207
  10790.4671830    1.01168818668
  10793.6866490    1.01213503905
  10796.9183070    1.01235650142
  10800.1621570    1.01214247531
  10803.4181980    1.01287678395
  10806.6864320    1.01447429257
  10809.9668570    1.01580966814
  10813.2594740    1.01740071268
  10816.5642840    1.01821871486
  10819.8812850    1.01751530523
  10823.2104780    1.01694510825
  10826.5518630    1.01732584903
  10829.9054400    1.01668163593
  10833.2712090    1.01676217465
  10836.6491690    1.01725919208
  10840.0393220    1.01681725984
  10843.4416660    1.01642107849
  10846.8562030    1.01552068874
  10850.2829310    1.01512398627
  10853.7218510    1.01484901662
  10857.1729640    1.01439576695
  10860.6362680    1.01408520553
  10864.1117640    1.01375595220
  10867.5994510    1.01382071331
  10871.0993310    1.01410961517
  10874.6114030    1.01418146934
  10878.1356660    1.01394551894
  10881.6721220    1.01455270621
  10885.2207690    1.01524957142
  10888.7816090    1.01390156883
  10892.3546400    1.01307914870
  10895.9398630    1.01285237509
  10899.5372780    1.01192414405
  10903.1468850    1.01164565534
  10906.7686840    1.01178347087
  10910.4026750    1.01289494089
  10914.0488570    1.01286568622
  10917.7072320    1.01231131108
  10921.3777990    1.01317853765
  10925.0605570    1.01412396047
  10928.7555070    1.01354909640
  10932.4626500    1.01343162600
  10936.1819840    1.01295382505
  10939.9135100    1.01144923260
  10943.6572280    1.00970644511
  10947.4131380    1.00856509320
  10951.1812390    1.00731187032
  10954.9615330    1.00651073739
  10958.7540190    1.00640204614
  10962.5586960    1.00603832585
  10966.3755650    1.00547908353
  10970.2046270    1.00500698502
  10974.0458800    1.00422448031
  10977.8993250    1.00435012121
  10981.7649620    1.00432806246
  10985.6427910    1.00387135758
  10989.5328120    1.00347432764
  10993.4350250    1.00307475905
  10997.3494290    1.00277588554
  11001.2760260    1.00230657504
  11005.2148140    1.00154877905
  11009.1657950    1.00115876011
  11013.1289670    1.00050937617
  11017.1043310    0.99942520088
  11021.0918880    0.99788311779
  11025.0916360    0.99686571501
  11029.1035750    0.99587402892
  11033.1277070    0.99451245084
  11037.1640310    0.99392702418
  11041.2125470    0.99379126299
  11045.2732540    0.99333604581
  11049.3461540    0.99357997257
  11053.4312450    0.99430720426
  11057.5285290    0.99471187937
  11061.6380040    0.99465656454
  11065.7596710    0.99439912295
  11069.8935300    0.99329408053
  11074.0395810    0.99245921425
  11078.1978240    0.99174333689
  11082.3682580    0.99194042447
  11086.5508850    0.99158450346
  11090.7457040    0.99224985208
  11094.9527140    0.99320906132
  11099.1719160    0.99274197943
  11103.4033110    0.99256242037
  11107.6468970    0.99288695118
  11111.9026750    0.99265081168
  11116.1706450    0.99288489306
  11120.4508070    0.99286594681
  11124.7431610    0.99262084409
  11129.0477070    0.99210075596
  11133.3644440    0.99145582842
  11137.6933740    0.99115860137
  11142.0344950    0.99157732104
  11146.3878090    0.99148971500
  11150.7533140    0.99130228281
  11155.1310110    0.99111083650
  11159.5209000    0.99024907456
  11163.9229810    0.99153878727
  11168.3372540    0.98988503323
  11172.7637190    0.98816487356
  11177.2023760    0.98963575167
  11181.6532240    0.98883137389
  11186.1162650    0.98866353166
  11190.5914970    0.98866273650
  11195.0789220    0.99030649499
  11199.5785380    0.99141043764
  11204.0903460    0.99094950770
  11208.6143460    0.99284205237
  11213.1505380    0.99429789790
  11217.6989220    0.99365707342
  11222.2594980    0.99461193184
  11226.8322660    0.99496053423
  11231.4172260    0.99459353237
  11236.0143770    0.99466783541
  11240.6237210    0.99524638466
  11245.2452560    0.99585832783
  11249.8789830    0.99686799517
  11254.5249020    0.99750684935
  11259.1830130    0.99848725301
  11263.8533160    0.99957654172
  11268.5358110    1.00018321745
  11273.2304980    1.00178416484
  11277.9373770    1.00290531510
  11282.6564480    1.00382482945
  11287.3877100    1.00645740910
  11292.1311650    1.00761735215
  11296.8868110    1.00924378819
  11301.6546490    1.01221797263
  11306.4346790    1.01553566762
  11311.2269010    1.01915925060
  11316.0313150    1.02152015696
  11320.8479210    1.02621150509
  11325.6767190    1.02960594622
