#---------------------------------
#  energy flat
  10182.0000000    0.00116600166
  10187.0000000    0.00142948469
  10192.0000000    0.00161761320
  10197.0000000    0.00162307193
  10202.0000000    0.00162445979
  10207.0000000    0.00149557958
  10212.0000000    0.00114167516
  10217.0000000    0.00125748064
  10222.0000000    0.00088261553
  10227.0000000    0.00062372711
  10232.0000000    0.00016016885
  10237.0000000   -0.00055379164
  10242.0000000   -0.00063624653
  10247.0000000   -0.00056461439
  10252.0000000   -0.00056946277
  10257.0000000   -0.00067149251
  10262.0000000   -0.00055906499
  10267.0000000   -0.00039709404
  10272.0000000    0.00005598792
  10277.0000000   -0.00007947498
  10282.0000000   -0.00018930001
  10287.0000000   -0.00035568425
  10292.0000000   -0.00017275261
  10297.0000000   -0.00008501020
  10302.0000000    0.00001563776
  10307.0000000    0.00019778987
  10312.0000000    0.00037370575
  10317.0000000    0.00126687549
  10322.0000000    0.00224354151
  10327.0000000    0.00404261128
  10332.0000000    0.00495786769
  10337.0000000    0.00683246522
  10341.0000000    0.00889558725
  10344.0000000    0.01081108329
  10346.0000000    0.01224444852
  10347.0000000    0.01360545567
  10347.2000000    0.01449265400
  10347.4000000    0.01505989873
  10347.6000000    0.01480491294
  10347.8000000    0.01506805451
  10348.0000000    0.01534566067
  10348.2000000    0.01576219634
  10348.4000000    0.01614287365
  10348.6000000    0.01631420395
  10348.8000000    0.01653152649
  10349.0000000    0.01689436123
  10349.2000000    0.01762426781
  10349.4000000    0.01794812607
  10349.6000000    0.01803795221
  10349.8000000    0.01797299842
  10350.0000000    0.01824436836
  10350.2000000    0.01861170704
  10350.4000000    0.01896362837
  10350.6000000    0.01945014848
  10350.8000000    0.01964469143
  10351.0000000    0.01964790318
  10351.2000000    0.01992594242
  10351.4000000    0.02042588776
  10351.6000000    0.02074697436
  10351.8000000    0.02151715663
  10352.0000000    0.02177397534
  10352.2000000    0.02201667591
  10352.4000000    0.02224655754
  10352.6000000    0.02249471481
  10352.8000000    0.02282749435
  10353.0000000    0.02345424318
  10353.2000000    0.02398407049
  10353.4000000    0.02439307070
  10353.6000000    0.02487361442
  10353.8000000    0.02522198455
  10354.0000000    0.02553995303
  10354.2000000    0.02641069463
  10354.4000000    0.02700886070
  10354.6000000    0.02741829399
  10354.8000000    0.02813927928
  10355.0000000    0.02887403626
  10355.2000000    0.02947601337
  10355.4000000    0.02985764343
  10355.6000000    0.03053748688
  10355.8000000    0.03105033777
  10356.0000000    0.03191492974
  10356.2000000    0.03299285298
  10356.4000000    0.03356988514
  10356.6000000    0.03418996466
  10356.8000000    0.03478440631
  10357.0000000    0.03556498231
  10357.2000000    0.03637093633
  10357.4000000    0.03715610290
  10357.6000000    0.03817738032
  10357.8000000    0.03911342917
  10358.0000000    0.03990309969
  10358.2000000    0.04059489593
  10358.4000000    0.04133588915
  10358.6000000    0.04260765542
  10358.8000000    0.04403861897
  10359.0000000    0.04522117241
  10359.2000000    0.04617974101
  10359.4000000    0.04716325456
  10359.6000000    0.04798774406
  10359.8000000    0.04933157352
  10360.0000000    0.05044119763
  10360.2000000    0.05159205020
  10360.4000000    0.05293449383
  10360.6000000    0.05448827660
  10360.8000000    0.05617198097
  10361.0000000    0.05737341635
  10361.2000000    0.05917283757
  10361.4000000    0.06051060402
  10361.6000000    0.06155422796
  10361.8000000    0.06331276717
  10362.0000000    0.06550541777
  10362.2000000    0.06757594207
  10362.4000000    0.06972684452
  10362.6000000    0.07188346353
  10362.8000000    0.07429507534
  10363.0000000    0.07657815137
  10363.2000000    0.07890799918
  10363.4000000    0.08113408294
  10363.6000000    0.08355556879
  10363.8000000    0.08616033071
  10364.0000000    0.08903602249
  10364.2000000    0.09228467588
  10364.4000000    0.09591079483
  10364.6000000    0.09958455170
  10364.8000000    0.10381939668
  10365.0000000    0.10851503027
  10365.2000000    0.11345249127
  10365.4000000    0.11886494565
  10365.6000000    0.12479015729
  10365.8000000    0.13086867642
  10366.0000000    0.13710829835
  10366.2000000    0.14377492927
  10366.4000000    0.15122940480
  10366.6000000    0.16009638799
  10366.8000000    0.17010165766
  10367.0000000    0.18141740323
  10367.2000000    0.19398767180
  10367.4000000    0.20789526673
  10367.6000000    0.22350015750
  10367.8000000    0.24070845407
  10368.0000000    0.25992395279
  10368.2000000    0.28142988277
  10368.4000000    0.30567785148
  10368.6000000    0.33245253554
  10368.8000000    0.36191625032
  10369.0000000    0.39453411517
  10369.2000000    0.42953041149
  10369.4000000    0.46714090371
  10369.6000000    0.50887077688
  10369.8000000    0.55320497190
  10370.0000000    0.60226692744
  10370.2000000    0.65551062631
  10370.4000000    0.71276197356
  10370.6000000    0.77317613233
  10370.8000000    0.83764297896
  10371.0000000    0.91105345553
  10371.2000000    0.98526694546
  10371.4000000    1.04794873990
  10371.6000000    1.09790252031
  10371.8000000    1.16991713415
  10372.0000000    1.23701063577
  10372.2000000    1.29992825509
  10372.4000000    1.35917339472
  10372.6000000    1.41216892931
  10372.8000000    1.45652031672
  10373.0000000    1.49435861733
  10373.2000000    1.52556551556
  10373.4000000    1.55239506419
  10373.6000000    1.57489057013
  10373.8000000    1.59329975005
  10374.0000000    1.60887989840
  10374.2000000    1.62249750521
  10374.4000000    1.63460227214
  10374.6000000    1.64538856147
  10374.8000000    1.65436717476
  10375.0000000    1.66246211401
  10375.2000000    1.67026097112
  10375.4000000    1.67835792027
  10375.6000000    1.68701800141
  10375.8000000    1.69371623092
  10376.0000000    1.69941922535
  10376.2000000    1.70329721822
  10376.4000000    1.70566098169
  10376.6000000    1.70613218371
  10376.8000000    1.70359003353
  10377.0000000    1.69795761723
  10377.2000000    1.68941682464
  10377.4000000    1.67797389160
  10377.6000000    1.66429401641
  10377.8000000    1.64837130901
  10378.0000000    1.62993726420
  10378.2000000    1.61008530190
  10378.4000000    1.58907214693
  10378.6000000    1.56756819436
  10378.8000000    1.54545010486
  10379.0000000    1.52352373844
  10379.2000000    1.50053353252
  10379.4000000    1.47777073402
  10379.6000000    1.45601071488
  10379.8000000    1.43570386954
  10380.0000000    1.41629101508
  10380.2000000    1.39767756830
  10380.4000000    1.38032033304
  10380.6000000    1.36399445800
  10380.8000000    1.34946422832
  10381.0000000    1.33532701007
  10381.2000000    1.32215324525
  10381.4000000    1.31016847743
  10381.6000000    1.29919705221
  10381.8000000    1.28851660523
  10382.0000000    1.27829586080
  10382.2000000    1.26809897507
  10382.4000000    1.25770525405
  10382.6000000    1.24794636895
  10382.8000000    1.23850323189
  10383.0000000    1.22899664467
  10383.2000000    1.21973824563
  10383.4000000    1.21017370209
  10383.6000000    1.20156065494
  10383.8000000    1.19288432944
  10384.0000000    1.18500740460
  10384.2000000    1.17766778501
  10384.4000000    1.17048107547
  10384.6000000    1.16297401467
  10384.8000000    1.15566611527
  10385.0000000    1.14771080779
  10385.2000000    1.13984951126
  10385.4000000    1.13335926801
  10385.6000000    1.12708204300
  10385.8000000    1.12142301824
  10386.0000000    1.11704340751
  10386.2000000    1.11322448437
  10386.4000000    1.10917008869
  10386.6000000    1.10488420447
  10386.8000000    1.10057765077
  10387.0000000    1.09649000273
  10387.2000000    1.09249272412
  10387.4000000    1.08874293314
  10387.6000000    1.08572272520
  10387.8000000    1.08323704438
  10388.0000000    1.08075390457
  10388.2000000    1.07843180974
  10388.4000000    1.07623074384
  10388.6000000    1.07484275539
  10388.8000000    1.07374867744
  10389.0000000    1.07232072841
  10389.2000000    1.07074911308
  10389.4000000    1.06933715494
  10389.6000000    1.06822638137
  10389.8000000    1.06712905900
  10390.0000000    1.06583956496
  10390.2000000    1.06485437265
  10390.4000000    1.06398396926
  10390.6000000    1.06305911010
  10390.8000000    1.06187642397
  10391.0000000    1.06133722014
  10391.2000000    1.06157159306
  10391.4000000    1.06102117602
  10391.6000000    1.05975855155
  10391.8000000    1.05862370577
  10392.0000000    1.05727260594
  10392.2000000    1.05588055918
  10392.4000000    1.05459966009
  10392.6000000    1.05313767129
  10392.8000000    1.05236333492
  10393.0000000    1.05185241322
  10393.2000000    1.05171594558
  10393.4000000    1.05149782006
  10393.6000000    1.05122921767
  10393.8000000    1.05125226485
  10394.0000000    1.05151759105
  10394.2000000    1.05176569915
  10394.4000000    1.05204145512
  10394.6000000    1.05237759869
  10394.8000000    1.05239233338
  10395.0000000    1.05208739111
  10395.2000000    1.05174946513
  10395.4000000    1.05107834963
  10395.6000000    1.05006122526
  10395.8000000    1.04896815539
  10396.0000000    1.04776137587
  10396.2000000    1.04542992290
  10396.4000000    1.04268697924
  10396.6000000    1.03902307863
  10396.8000000    1.03468957559
  10397.0000000    1.03036362128
  10397.2278600    1.02528977678
  10397.4835810    1.01926817218
  10397.7671620    1.01276970981
  10398.0786040    1.00614647753
  10398.4179050    0.99842262340
  10398.7850670    0.98541307465
  10399.1800900    0.97419144751
  10399.6029730    0.96258304593
  10400.0537160    0.95096710834
  10400.5323190    0.93791612095
  10401.0387830    0.92624739039
  10401.5731070    0.91497328114
  10402.1352920    0.90440573892
  10402.7253370    0.89514706902
  10403.3432420    0.88924952243
  10403.9890080    0.88589496945
  10404.6626340    0.88448582725
  10405.3641200    0.88519713387
  10406.0934670    0.88681309218
  10406.8506740    0.88975251842
  10407.6357410    0.89382760003
  10408.4486690    0.90022130271
  10409.2894570    0.90652835522
  10410.1581060    0.91442996938
  10411.0546140    0.92433397816
  10411.9789830    0.93708147002
  10412.9312130    0.95071764360
  10413.9113030    0.96210404537
  10414.9192530    0.97681876446
  10415.9550640    0.99373906831
  10417.0187340    1.01104430882
  10418.1102660    1.02757038078
  10419.2327230    1.04191857814
  10420.3673730    1.05354118714
  10421.5142140    1.06286454131
  10422.6732480    1.07070282613
  10423.8444730    1.07688976069
  10425.0278900    1.08191802065
  10426.2234990    1.08566514872
  10427.4313000    1.08798356951
  10428.6512930    1.08933495371
  10429.8834780    1.09099913152
  10431.1278550    1.09346982083
  10432.3844230    1.09512752313
  10433.6531840    1.09619242376
  10434.9341360    1.09628620989
  10436.2272800    1.09543158742
  10437.5326170    1.09260270737
  10438.8501450    1.08844243919
  10440.1798650    1.08404144226
  10441.5217770    1.07943489398
  10442.8758810    1.07452631677
  10444.2421770    1.06833195434
  10445.6206640    1.06276131828
  10447.0113440    1.05690842608
  10448.4142150    1.05066952338
  10449.8292790    1.04494262968
  10451.2565340    1.03909321463
  10452.6959810    1.03335253853
  10454.1476200    1.02820269719
  10455.6114520    1.02266494420
  10457.0874750    1.01801077856
  10458.5756890    1.01414769018
  10460.0760960    1.01025577570
  10461.5886950    1.00720255651
  10463.1134850    1.00383899497
  10464.6504680    0.99977946547
  10466.1996420    0.99676576931
  10467.7610090    0.99517586829
  10469.3345670    0.99388877916
  10470.9203170    0.99253116644
  10472.5182590    0.99070855941
  10474.1283930    0.98899517988
  10475.7507190    0.98812790823
  10477.3852370    0.98651958405
  10479.0319460    0.98543387159
  10480.6908480    0.98448182424
  10482.3619420    0.98364347373
  10484.0452270    0.98357132245
  10485.7407040    0.98464243236
  10487.4483740    0.98524710011
  10489.1682350    0.98481950010
  10490.9002880    0.98519804043
  10492.6445330    0.98581619140
  10494.4009700    0.98676638133
  10496.1695980    0.98845752458
  10497.9504190    0.99126509399
  10499.7434320    0.99531268721
  10501.5486360    0.99905171975
  10503.3660320    1.00237902085
  10505.1956210    1.00524684811
  10507.0374010    1.00826849948
  10508.8913730    1.01115837984
  10510.7575370    1.01314896756
  10512.6358930    1.01479655063
  10514.5264410    1.01560660582
  10516.4291810    1.01571602340
  10518.3441120    1.01532838301
  10520.2712360    1.01505572826
  10522.2105520    1.01367993872
  10524.1620590    1.01231645352
  10526.1257580    1.01151788319
  10528.1016490    1.01006816779
  10530.0897330    1.00790667602
  10532.0900080    1.00587148572
  10534.1024750    1.00413252129
  10536.1271330    1.00202335463
  10538.1639840    1.00017884309
  10540.2130270    0.99911760439
  10542.2742610    0.99814218373
  10544.3476880    0.99753247350
  10546.4333060    0.99601069062
  10548.5311170    0.99406891968
  10550.6411190    0.99237489710
  10552.7633130    0.99102937137
  10554.8976990    0.99004040792
  10557.0442770    0.98909992286
  10559.2030470    0.98787730553
  10561.3740080    0.98717398967
  10563.5571620    0.98705344414
  10565.7525080    0.98788245748
  10567.9600450    0.98867731934
  10570.1797750    0.98885342829
  10572.4116960    0.98832213369
  10574.6558090    0.98810084060
  10576.9121140    0.98779132181
  10579.1806110    0.98737263530
  10581.4613000    0.98740501390
  10583.7541810    0.98719329405
  10586.0592540    0.98600454075
  10588.3765180    0.98444348491
  10590.7059750    0.98323887930
  10593.0476230    0.98253257310
  10595.4014640    0.98172013471
  10597.7674960    0.98097683122
  10600.1457200    0.97998127224
  10602.5361360    0.97980308764
  10604.9387440    0.98008016367
  10607.3535440    0.98038039406
  10609.7805360    0.98078563477
  10612.2197200    0.98162978147
  10614.6710960    0.98273950817
  10617.1346630    0.98367453606
  10619.6104230    0.98481169631
  10622.0983740    0.98576838017
  10624.5985170    0.98633259899
  10627.1108520    0.98726728848
  10629.6353800    0.98728781139
  10632.1720990    0.98698230109
  10634.7210090    0.98752976483
  10637.2821120    0.98798593534
  10639.8554070    0.98826159652
  10642.4408940    0.98895628141
  10645.0385720    0.98952776486
  10647.6484430    0.98994310417
  10650.2705050    0.99064451810
  10652.9047590    0.99141559956
  10655.5512050    0.99208826494
  10658.2098440    0.99297045500
  10660.8806740    0.99347849583
  10663.5636960    0.99496193721
  10666.2589090    0.99572201506
  10668.9663150    0.99436449185
  10671.6859130    0.99287862936
  10674.4177020    0.99236588398
  10677.1616840    0.99206202816
  10679.9178570    0.99179890987
  10682.6862220    0.99125090242
  10685.4667800    0.99101446870
  10688.2595290    0.99050672412
  10691.0644700    0.98974761129
  10693.8816020    0.99005714871
  10696.7109270    0.99124790890
  10699.5524440    0.99192817220
  10702.4061530    0.99169638715
  10705.2720530    0.99108712439
  10708.1501460    0.99093567082
  10711.0404300    0.99177121366
  10713.9429060    0.99275823497
  10716.8575740    0.99307333682
  10719.7844350    0.99366853591
  10722.7234870    0.99405527371
  10725.6747300    0.99493038849
  10728.6381660    0.99499684784
  10731.6137940    0.99553543255
  10734.6016140    0.99571075363
  10737.6016250    0.99563948240
  10740.6138290    0.99558240880
  10743.6382240    0.99595154809
  10746.6748110    0.99625569339
  10749.7235900    0.99658429576
  10752.7845610    0.99694624958
  10755.8577240    0.99810260352
  10758.9430790    0.99935286983
  10762.0406260    0.99991894936
  10765.1503650    1.00020762307
  10768.2722950    1.00085883425
  10771.4064180    1.00176365179
  10774.5527320    1.00285489054
  10777.7112390    1.00397372129
  10780.8819370    1.00499543919
  10784.0648270    1.00635884724
  10787.2599090    1.00739200243
  10790.4671830    1.00762321087
  10793.6866490    1.00737468327
  10796.9183070    1.00712643867
  10800.1621570    1.00811550350
  10803.4181980    1.00871993370
  10806.6864320    1.00905803812
  10809.9668570    1.00919996807
  10813.2594740    1.00933782420
  10816.5642840    1.00974893450
  10819.8812850    1.00985730178
  10823.2104780    1.00982869197
  10826.5518630    1.01021551726
  10829.9054400    1.01059872218
  10833.2712090    1.01109348822
  10836.6491690    1.01159880801
  10840.0393220    1.01214636580
  10843.4416660    1.01208047660
  10846.8562030    1.01094154882
  10850.2829310    1.01028637745
  10853.7218510    1.00998208310
  10857.1729640    1.00960545665
  10860.6362680    1.00893354505
  10864.1117640    1.00829426308
  10867.5994510    1.00830239623
  10871.0993310    1.00835008192
  10874.6114030    1.00865818933
  10878.1356660    1.00910910171
  10881.6721220    1.00910951807
  10885.2207690    1.00940416336
  10888.7816090    1.00943958764
  10892.3546400    1.00890867997
  10895.9398630    1.00835419292
  10899.5372780    1.00794956149
  10903.1468850    1.00731909136
  10906.7686840    1.00731147555
  10910.4026750    1.00699843276
  10914.0488570    1.00634277857
  10917.7072320    1.00611423341
  10921.3777990    1.00632655737
  10925.0605570    1.00577537388
  10928.7555070    1.00546948474
  10932.4626500    1.00593924300
  10936.1819840    1.00649340383
  10939.9135100    1.00724728355
  10943.6572280    1.00753390849
  10947.4131380    1.00743327832
  10951.1812390    1.00745916969
  10954.9615330    1.00714697277
  10958.7540190    1.00602135186
  10962.5586960    1.00472396340
  10966.3755650    1.00425263409
  10970.2046270    1.00439537425
  10974.0458800    1.00461384795
  10977.8993250    1.00509244188
  10981.7649620    1.00505829677
  10985.6427910    1.00539567573
  10989.5328120    1.00597893430
  10993.4350250    1.00589979717
  10997.3494290    1.00562994785
  11001.2760260    1.00517683226
  11005.2148140    1.00464146173
  11009.1657950    1.00413698923
  11013.1289670    1.00386840213
  11017.1043310    1.00304671884
  11021.0918880    1.00285917241
  11025.0916360    1.00293915792
  11029.1035750    1.00235155371
  11033.1277070    1.00145112078
  11037.1640310    1.00102848978
  11041.2125470    1.00063642133
  11045.2732540    0.99998360752
  11049.3461540    0.99919174036
  11053.4312450    0.99838358096
  11057.5285290    0.99821511140
  11061.6380040    0.99787648269
  11065.7596710    0.99732007771
  11069.8935300    0.99702873551
  11074.0395810    0.99606900567
  11078.1978240    0.99587966323
  11082.3682580    0.99564719386
  11086.5508850    0.99530126361
  11090.7457040    0.99463922662
  11094.9527140    0.99453248884
  11099.1719160    0.99446076774
  11103.4033110    0.99454025765
  11107.6468970    0.99453588354
  11111.9026750    0.99396731122
  11116.1706450    0.99403698893
  11120.4508070    0.99383505064
  11124.7431610    0.99316537154
  11129.0477070    0.99294191609
  11133.3644440    0.99293087593
  11137.6933740    0.99267362964
  11142.0344950    0.99217204378
  11146.3878090    0.99231149051
  11150.7533140    0.99224232994
  11155.1310110    0.99190523310
  11159.5209000    0.99129219327
  11163.9229810    0.99262643711
  11168.3372540    0.99235475027
  11172.7637190    0.99182668844
  11177.2023760    0.99262190398
  11181.6532240    0.99239196377
  11186.1162650    0.99241312212
  11190.5914970    0.99233541718
  11195.0789220    0.99215747217
  11199.5785380    0.99165692817
  11204.0903460    0.99157151219
  11208.6143460    0.99195059646
  11213.1505380    0.99226467960
  11217.6989220    0.99269663477
  11222.2594980    0.99345433902
  11226.8322660    0.99354352126
  11231.4172260    0.99405183522
  11236.0143770    0.99456060005
  11240.6237210    0.99472117920
  11245.2452560    0.99496730588
  11249.8789830    0.99554880647
  11254.5249020    0.99636045562
  11259.1830130    0.99705977220
  11263.8533160    0.99794875488
  11268.5358110    0.99896499873
  11273.2304980    1.00048859612
  11277.9373770    1.00269287646
  11282.6564480    1.00413778933
  11287.3877100    1.00585325621
  11292.1311650    1.00749418103
  11296.8868110    1.00918118756
  11301.6546490    1.01096949458
  11306.4346790    1.01344205592
  11311.2269010    1.01603028121
  11316.0313150    1.01754065248
  11320.8479210    1.02048960280
  11325.6767190    1.02343121451
