#---------------------------------
#  energy flat
  10182.0000000    0.00502440171
  10187.0000000    0.00417697867
  10192.0000000    0.00378700876
  10197.0000000    0.00319450723
  10202.0000000    0.00287890540
  10207.0000000    0.00294357746
  10212.0000000    0.00276355043
  10217.0000000    0.00210179202
  10222.0000000    0.00128145839
  10227.0000000    0.00090592764
  10232.0000000    0.00039916662
  10237.0000000   -0.00008165501
  10242.0000000   -0.00035930612
  10247.0000000   -0.00075860398
  10252.0000000   -0.00073316045
  10257.0000000   -0.00070925027
  10262.0000000   -0.00062017219
  10267.0000000   -0.00025278883
  10272.0000000   -0.00021150055
  10277.0000000    0.00002337475
  10282.0000000    0.00010989722
  10287.0000000   -0.00012520308
  10292.0000000   -0.00021092832
  10297.0000000   -0.00021653537
  10302.0000000    0.00013896443
  10307.0000000    0.00003892781
  10312.0000000    0.00039263869
  10317.0000000    0.00098874862
  10322.0000000    0.00164389301
  10327.0000000    0.00292886602
  10332.0000000    0.00446543826
  10337.0000000    0.00608966772
  10341.0000000    0.00795524537
  10344.0000000    0.00970707003
  10346.0000000    0.01110287043
  10347.0000000    0.01194829287
  10347.2000000    0.01274764044
  10347.4000000    0.01327264391
  10347.6000000    0.01360661598
  10347.8000000    0.01399757802
  10348.0000000    0.01427711571
  10348.2000000    0.01440996174
  10348.4000000    0.01460465338
  10348.6000000    0.01489556351
  10348.8000000    0.01512884478
  10349.0000000    0.01517441692
  10349.2000000    0.01533537459
  10349.4000000    0.01533111245
  10349.6000000    0.01568974610
  10349.8000000    0.01617168764
  10350.0000000    0.01661542290
  10350.2000000    0.01707551403
  10350.4000000    0.01742763088
  10350.6000000    0.01763535611
  10350.8000000    0.01774366833
  10351.0000000    0.01787050868
  10351.2000000    0.01794355357
  10351.4000000    0.01843226746
  10351.6000000    0.01904262811
  10351.8000000    0.01932063245
  10352.0000000    0.01950139605
  10352.2000000    0.01962670304
  10352.4000000    0.01966090274
  10352.6000000    0.02001634188
  10352.8000000    0.02027454029
  10353.0000000    0.02057835622
  10353.2000000    0.02111115429
  10353.4000000    0.02150582195
  10353.6000000    0.02210187121
  10353.8000000    0.02246676609
  10354.0000000    0.02298269717
  10354.2000000    0.02342413238
  10354.4000000    0.02355915067
  10354.6000000    0.02384124397
  10354.8000000    0.02387966042
  10355.0000000    0.02429438958
  10355.2000000    0.02501336340
  10355.4000000    0.02602342053
  10355.6000000    0.02640428793
  10355.8000000    0.02689070178
  10356.0000000    0.02712347192
  10356.2000000    0.02752848978
  10356.4000000    0.02808262714
  10356.6000000    0.02912718492
  10356.8000000    0.03018119844
  10357.0000000    0.03106091976
  10357.2000000    0.03163780199
  10357.4000000    0.03201624157
  10357.6000000    0.03234970251
  10357.8000000    0.03275382591
  10358.0000000    0.03337287561
  10358.2000000    0.03419867369
  10358.4000000    0.03519314163
  10358.6000000    0.03623565493
  10358.8000000    0.03714246565
  10359.0000000    0.03793401863
  10359.2000000    0.03863676437
  10359.4000000    0.03968681670
  10359.6000000    0.04065368412
  10359.8000000    0.04143680360
  10360.0000000    0.04240903779
  10360.2000000    0.04333718781
  10360.4000000    0.04445585811
  10360.6000000    0.04558615641
  10360.8000000    0.04678200596
  10361.0000000    0.04809554107
  10361.2000000    0.04943322664
  10361.4000000    0.05078867366
  10361.6000000    0.05203333525
  10361.8000000    0.05367309323
  10362.0000000    0.05523043297
  10362.2000000    0.05662855858
  10362.4000000    0.05839379672
  10362.6000000    0.06010447271
  10362.8000000    0.06192759528
  10363.0000000    0.06416587573
  10363.2000000    0.06635917756
  10363.4000000    0.06851133416
  10363.6000000    0.07090371754
  10363.8000000    0.07359331768
  10364.0000000    0.07607936395
  10364.2000000    0.07897162349
  10364.4000000    0.08206181457
  10364.6000000    0.08545957261
  10364.8000000    0.08889362022
  10365.0000000    0.09258501716
  10365.2000000    0.09649159597
  10365.4000000    0.10095222974
  10365.6000000    0.10556211080
  10365.8000000    0.11060491119
  10366.0000000    0.11607283631
  10366.2000000    0.12195783603
  10366.4000000    0.12854115457
  10366.6000000    0.13548468550
  10366.8000000    0.14295556534
  10367.0000000    0.15131336758
  10367.2000000    0.16108838006
  10367.4000000    0.17234794297
  10367.6000000    0.18526558181
  10367.8000000    0.20042512434
  10368.0000000    0.21710371795
  10368.2000000    0.23572444289
  10368.4000000    0.25635515045
  10368.6000000    0.27932781359
  10368.8000000    0.30464447682
  10369.0000000    0.33279300494
  10369.2000000    0.36391497842
  10369.4000000    0.39836805406
  10369.6000000    0.43594752796
  10369.8000000    0.47693771109
  10370.0000000    0.52085329423
  10370.2000000    0.56816744747
  10370.4000000    0.61911030296
  10370.6000000    0.67385129726
  10370.8000000    0.73318049536
  10371.0000000    0.79704090731
  10371.2000000    0.86601738309
  10371.4000000    0.94532118279
  10371.6000000    1.02829764113
  10371.8000000    1.09292409541
  10372.0000000    1.16780261106
  10372.2000000    1.25719798021
  10372.4000000    1.34460615306
  10372.6000000    1.43051401573
  10372.8000000    1.51388578138
  10373.0000000    1.59340761356
  10373.2000000    1.66336134764
  10373.4000000    1.72744059790
  10373.6000000    1.78576011027
  10373.8000000    1.83676505497
  10374.0000000    1.88118020072
  10374.2000000    1.92116912162
  10374.4000000    1.95578266580
  10374.6000000    1.98477268358
  10374.8000000    2.00939832077
  10375.0000000    2.03116303874
  10375.2000000    2.05011386021
  10375.4000000    2.06663949200
  10375.6000000    2.08236759809
  10375.8000000    2.09716988650
  10376.0000000    2.11014473982
  10376.2000000    2.11960469214
  10376.4000000    2.12493997586
  10376.6000000    2.12608261156
  10376.8000000    2.12282891698
  10377.0000000    2.11561130010
  10377.2000000    2.10434440309
  10377.4000000    2.08833284572
  10377.6000000    2.06959708814
  10377.8000000    2.04766740993
  10378.0000000    2.02102373714
  10378.2000000    1.99103229536
  10378.4000000    1.95849196612
  10378.6000000    1.92473319639
  10378.8000000    1.89126046966
  10379.0000000    1.85748753016
  10379.2000000    1.82341488843
  10379.4000000    1.78937783936
  10379.6000000    1.75444230907
  10379.8000000    1.71871128813
  10380.0000000    1.68232635640
  10380.2000000    1.64467340197
  10380.4000000    1.60657941767
  10380.6000000    1.56828565218
  10380.8000000    1.53036251587
  10381.0000000    1.49255112558
  10381.2000000    1.45567591882
  10381.4000000    1.41959735913
  10381.6000000    1.38442124799
  10381.8000000    1.35011436220
  10382.0000000    1.31727650158
  10382.2000000    1.28604617937
  10382.4000000    1.25601373190
  10382.6000000    1.22752518738
  10382.8000000    1.20082741689
  10383.0000000    1.17613739055
  10383.2000000    1.15341217398
  10383.4000000    1.13312634228
  10383.6000000    1.11503353485
  10383.8000000    1.09884956804
  10384.0000000    1.08457648589
  10384.2000000    1.07220841012
  10384.4000000    1.06179134100
  10384.6000000    1.05234852636
  10384.8000000    1.04213499928
  10385.0000000    1.03298977189
  10385.2000000    1.02676156788
  10385.4000000    1.02104326325
  10385.6000000    1.01577837880
  10385.8000000    1.01082891131
  10386.0000000    1.00646166554
  10386.2000000    1.00337866535
  10386.4000000    1.00087788601
  10386.6000000    0.99844181723
  10386.8000000    0.99570526266
  10387.0000000    0.99332654554
  10387.2000000    0.99191159914
  10387.4000000    0.99127923059
  10387.6000000    0.99238983556
  10387.8000000    0.99435176347
  10388.0000000    0.99710776811
  10388.2000000    0.99982881117
  10388.4000000    1.00234468905
  10388.6000000    1.00441440775
  10388.8000000    1.00671775757
  10389.0000000    1.00943720813
  10389.2000000    1.01269696145
  10389.4000000    1.01687422423
  10389.6000000    1.02231655819
  10389.8000000    1.02817908007
  10390.0000000    1.03188650722
  10390.2000000    1.03748793850
  10390.4000000    1.04294016781
  10390.6000000    1.04800117912
  10390.8000000    1.05294902161
  10391.0000000    1.05773437176
  10391.2000000    1.06287192776
  10391.4000000    1.06768828761
  10391.6000000    1.07221999577
  10391.8000000    1.07649056355
  10392.0000000    1.07983860014
  10392.2000000    1.08245194200
  10392.4000000    1.08468888437
  10392.6000000    1.08615458599
  10392.8000000    1.08685006864
  10393.0000000    1.08752821278
  10393.2000000    1.08817598468
  10393.4000000    1.08933696053
  10393.6000000    1.09069577858
  10393.8000000    1.09128003094
  10394.0000000    1.09128598765
  10394.2000000    1.09069218117
  10394.4000000    1.08882239814
  10394.6000000    1.08638862952
  10394.8000000    1.08411768866
  10395.0000000    1.08246217254
  10395.2000000    1.08110748600
  10395.4000000    1.07999050506
  10395.6000000    1.07775497025
  10395.8000000    1.07428587889
  10396.0000000    1.07018456429
  10396.2000000    1.06598284714
  10396.4000000    1.06050923809
  10396.6000000    1.05474099978
  10396.8000000    1.04883146801
  10397.0000000    1.04214480803
  10397.2278600    1.03497542000
  10397.4835810    1.02630898373
  10397.7671620    1.01481355338
  10398.0786040    0.99908514098
  10398.4179050    0.98486168786
  10398.7850670    0.96913255625
  10399.1800900    0.95245323347
  10399.6029730    0.93608841967
  10400.0537160    0.91859875746
  10400.5323190    0.90100111008
  10401.0387830    0.88441944717
  10401.5731070    0.86813773752
  10402.1352920    0.85417830306
  10402.7253370    0.84330741980
  10403.3432420    0.83697833543
  10403.9890080    0.83468110776
  10404.6626340    0.83603411783
  10405.3641200    0.84088654234
  10406.0934670    0.84803416159
  10406.8506740    0.85656540373
  10407.6357410    0.86581226868
  10408.4486690    0.87686273488
  10409.2894570    0.88915056731
  10410.1581060    0.90233521032
  10411.0546140    0.92123743707
  10411.9789830    0.94538691133
  10412.9312130    0.96923763890
  10413.9113030    0.98698578967
  10414.9192530    1.01342086580
  10415.9550640    1.03918729589
  10417.0187340    1.06300013374
  10418.1102660    1.08340526013
  10419.2327230    1.10108162174
  10420.3673730    1.11585512720
  10421.5142140    1.12809166818
  10422.6732480    1.13873290566
  10423.8444730    1.14736731799
  10425.0278900    1.15329254932
  10426.2234990    1.15722332902
  10427.4313000    1.15953755793
  10428.6512930    1.16111403548
  10429.8834780    1.15999918526
  10431.1278550    1.15604649809
  10432.3844230    1.14887026230
  10433.6531840    1.14033624683
  10434.9341360    1.13055733938
  10436.2272800    1.12032467862
  10437.5326170    1.11021626463
  10438.8501450    1.10031406044
  10440.1798650    1.09066858783
  10441.5217770    1.08187164660
  10442.8758810    1.07405247104
  10444.2421770    1.06667532591
  10445.6206640    1.05973067527
  10447.0113440    1.05320182019
  10448.4142150    1.04760516681
  10449.8292790    1.04100270964
  10451.2565340    1.03405422041
  10452.6959810    1.02722983708
  10454.1476200    1.02090105151
  10455.6114520    1.01467599199
  10457.0874750    1.00967851908
  10458.5756890    1.00549043523
  10460.0760960    1.00178911652
  10461.5886950    0.99859797026
  10463.1134850    0.99541317993
  10464.6504680    0.99246310100
  10466.1996420    0.98975963335
  10467.7610090    0.98785441000
  10469.3345670    0.98640690632
  10470.9203170    0.98553813106
  10472.5182590    0.98519122081
  10474.1283930    0.98501694763
  10475.7507190    0.98481609327
  10477.3852370    0.98471859758
  10479.0319460    0.98486870936
  10480.6908480    0.98430613594
  10482.3619420    0.98400159977
  10484.0452270    0.98397411181
  10485.7407040    0.98346193837
  10487.4483740    0.98299213178
  10489.1682350    0.98313007883
  10490.9002880    0.98422776339
  10492.6445330    0.98605883279
  10494.4009700    0.98918533289
  10496.1695980    0.99361116199
  10497.9504190    0.99930621905
  10499.7434320    1.00549825424
  10501.5486360    1.01135316683
  10503.3660320    1.01632307490
  10505.1956210    1.02029914351
  10507.0374010    1.02293665387
  10508.8913730    1.02470841444
  10510.7575370    1.02616849734
  10512.6358930    1.02741504867
  10514.5264410    1.02826815812
  10516.4291810    1.02833911641
  10518.3441120    1.02770739541
  10520.2712360    1.02644938985
  10522.2105520    1.02332612203
  10524.1620590    1.01898924308
  10526.1257580    1.01437662260
  10528.1016490    1.00921272340
  10530.0897330    1.00355141711
  10532.0900080    0.99711971025
  10534.1024750    0.99114397111
  10536.1271330    0.98600568012
  10538.1639840    0.98177452305
  10540.2130270    0.97880462032
  10542.2742610    0.97600233468
  10544.3476880    0.97344371788
  10546.4333060    0.97163901523
  10548.5311170    0.97045904759
  10550.6411190    0.96999671413
  10552.7633130    0.97016294355
  10554.8976990    0.97102633825
  10557.0442770    0.97255684597
  10559.2030470    0.97450539075
  10561.3740080    0.97629935003
  10563.5571620    0.97783657599
  10565.7525080    0.98017643748
  10567.9600450    0.98251193729
  10570.1797750    0.98452827558
  10572.4116960    0.98618639729
  10574.6558090    0.98718886433
  10576.9121140    0.98733917679
  10579.1806110    0.98723255213
  10581.4613000    0.98686593181
  10583.7541810    0.98597046543
  10586.0592540    0.98497982907
  10588.3765180    0.98427248949
  10590.7059750    0.98333218466
  10593.0476230    0.98136766362
  10595.4014640    0.97895235555
  10597.7674960    0.97676344114
  10600.1457200    0.97388262551
  10602.5361360    0.97107165939
  10604.9387440    0.96943677959
  10607.3535440    0.96887362381
  10609.7805360    0.96995965540
  10612.2197200    0.97203924939
  10614.6710960    0.97401899638
  10617.1346630    0.97629667283
  10619.6104230    0.97900962769
  10622.0983740    0.98073270702
  10624.5985170    0.98178698922
  10627.1108520    0.98342736181
  10629.6353800    0.98540856225
  10632.1720990    0.98664273807
  10634.7210090    0.98716930266
  10637.2821120    0.98771256070
  10639.8554070    0.98832110733
  10642.4408940    0.98917437458
  10645.0385720    0.99014511322
  10647.6484430    0.99070432161
  10650.2705050    0.99159517094
  10652.9047590    0.99274430562
  10655.5512050    0.99338247019
  10658.2098440    0.99297449282
  10660.8806740    0.99132176704
  10663.5636960    0.98923795030
  10666.2589090    0.98686763457
  10668.9663150    0.98443896933
  10671.6859130    0.98216118539
  10674.4177020    0.98018140328
  10677.1616840    0.97851588551
  10679.9178570    0.97806257195
  10682.6862220    0.97839124403
  10685.4667800    0.97894466112
  10688.2595290    0.98053946826
  10691.0644700    0.98273187628
  10693.8816020    0.98413455955
  10696.7109270    0.98579771765
  10699.5524440    0.98700102073
  10702.4061530    0.98796484818
  10705.2720530    0.98891877205
  10708.1501460    0.98962365675
  10711.0404300    0.99135711211
  10713.9429060    0.99407600229
  10716.8575740    0.99677883294
  10719.7844350    0.99866420520
  10722.7234870    1.00037003073
  10725.6747300    1.00194719064
  10728.6381660    1.00306423936
  10731.6137940    1.00352517323
  10734.6016140    1.00344218656
  10737.6016250    1.00333559797
  10740.6138290    1.00337585560
  10743.6382240    1.00245892346
  10746.6748110    1.00215775335
  10749.7235900    1.00155153292
  10752.7845610    1.00095610093
  10755.8577240    1.00159401875
  10758.9430790    1.00186926668
  10762.0406260    1.00161133568
  10765.1503650    1.00204047125
  10768.2722950    1.00333269495
  10771.4064180    1.00478054995
  10774.5527320    1.00545372806
  10777.7112390    1.00631536225
  10780.8819370    1.00792965374
  10784.0648270    1.00967474254
  10787.2599090    1.01072661760
  10790.4671830    1.01113706992
  10793.6866490    1.01119837023
  10796.9183070    1.01080155656
  10800.1621570    1.01115456729
  10803.4181980    1.01149956852
  10806.6864320    1.01174548020
  10809.9668570    1.01224538651
  10813.2594740    1.01297925064
  10816.5642840    1.01412126106
  10819.8812850    1.01378681199
  10823.2104780    1.01436707708
  10826.5518630    1.01469327413
  10829.9054400    1.01403899607
  10833.2712090    1.01456004680
  10836.6491690    1.01499462233
  10840.0393220    1.01472135294
  10843.4416660    1.01424410489
  10846.8562030    1.01358450204
  10850.2829310    1.01374986897
  10853.7218510    1.01382239523
  10857.1729640    1.01365402119
  10860.6362680    1.01325181751
  10864.1117640    1.01329344778
  10867.5994510    1.01362549853
  10871.0993310    1.01355226003
  10874.6114030    1.01365378706
  10878.1356660    1.01365759036
  10881.6721220    1.01396254227
  10885.2207690    1.01317118961
  10888.7816090    1.01320530240
  10892.3546400    1.01337968870
  10895.9398630    1.01300916257
  10899.5372780    1.01243283288
  10903.1468850    1.01182574777
  10906.7686840    1.01176751646
  10910.4026750    1.01153542220
  10914.0488570    1.01199685623
  10917.7072320    1.01203734707
  10921.3777990    1.01233851560
  10925.0605570    1.01202026439
  10928.7555070    1.01142306392
  10932.4626500    1.01117362485
  10936.1819840    1.01091706596
  10939.9135100    1.00979123071
  10943.6572280    1.00842670590
  10947.4131380    1.00715253226
  10951.1812390    1.00503632090
  10954.9615330    1.00404937454
  10958.7540190    1.00422612249
  10962.5586960    1.00465416031
  10966.3755650    1.00532143968
  10970.2046270    1.00546662800
  10974.0458800    1.00541096815
  10977.8993250    1.00478213014
  10981.7649620    1.00378307160
  10985.6427910    1.00315089326
  10989.5328120    1.00388824506
  10993.4350250    1.00393311926
  10997.3494290    1.00334902852
  11001.2760260    1.00280978549
  11005.2148140    1.00242009801
  11009.1657950    1.00150165918
  11013.1289670    1.00039485553
  11017.1043310    0.99973194851
  11021.0918880    1.00021090616
  11025.0916360    1.00004951428
  11029.1035750    1.00018934910
  11033.1277070    0.99985311622
  11037.1640310    0.99889427777
  11041.2125470    0.99742316525
  11045.2732540    0.99661480852
  11049.3461540    0.99534345761
  11053.4312450    0.99558334849
  11057.5285290    0.99610913240
  11061.6380040    0.99554293056
  11065.7596710    0.99476809716
  11069.8935300    0.99370839566
  11074.0395810    0.99326003572
  11078.1978240    0.99255155510
  11082.3682580    0.99113218570
  11086.5508850    0.99108150163
  11090.7457040    0.99158132268
  11094.9527140    0.99152038446
  11099.1719160    0.99165970055
  11103.4033110    0.99164506397
  11107.6468970    0.99199735610
  11111.9026750    0.99220478303
  11116.1706450    0.99263932792
  11120.4508070    0.99258561389
  11124.7431610    0.99240345704
  11129.0477070    0.99110566588
  11133.3644440    0.99037775347
  11137.6933740    0.99027455213
  11142.0344950    0.98933215748
  11146.3878090    0.98945014738
  11150.7533140    0.98982509811
  11155.1310110    0.99028513067
  11159.5209000    0.98998246892
  11163.9229810    0.99187162480
  11168.3372540    0.99120202513
  11172.7637190    0.99049973095
  11177.2023760    0.99149658533
  11181.6532240    0.99137373305
  11186.1162650    0.99121913416
  11190.5914970    0.99109730031
  11195.0789220    0.99169995364
  11199.5785380    0.99215307081
  11204.0903460    0.99202430559
  11208.6143460    0.99190439313
  11213.1505380    0.99282498423
  11217.6989220    0.99238026149
  11222.2594980    0.99300352026
  11226.8322660    0.99423263407
  11231.4172260    0.99484833004
  11236.0143770    0.99561635407
  11240.6237210    0.99670784215
  11245.2452560    0.99783963057
  11249.8789830    0.99820116086
  11254.5249020    0.99835994290
  11259.1830130    0.99882070624
  11263.8533160    0.99958532633
  11268.5358110    1.00043445355
  11273.2304980    1.00147543610
  11277.9373770    1.00343187191
  11282.6564480    1.00523597469
  11287.3877100    1.00721899338
  11292.1311650    1.00894584625
  11296.8868110    1.01070121242
  11301.6546490    1.01215856880
  11306.4346790    1.01455066988
  11311.2269010    1.01625627551
  11316.0313150    1.01800821797
  11320.8479210    1.02152487792
  11325.6767190    1.02563001215
