#---------------------------------
#  energy flat
  10182.0000000    0.00551119969
  10187.0000000    0.00475712673
  10192.0000000    0.00406871669
  10197.0000000    0.00353217651
  10202.0000000    0.00284519675
  10207.0000000    0.00243322108
  10212.0000000    0.00197378608
  10217.0000000    0.00140083874
  10222.0000000    0.00074558522
  10227.0000000    0.00046246490
  10232.0000000    0.00007181342
  10237.0000000   -0.00014798445
  10242.0000000   -0.00032175327
  10247.0000000   -0.00038578050
  10252.0000000   -0.00033720559
  10257.0000000   -0.00022959906
  10262.0000000   -0.00017543305
  10267.0000000    0.00010016652
  10272.0000000    0.00016395443
  10277.0000000    0.00005948924
  10282.0000000   -0.00017409134
  10287.0000000   -0.00017635642
  10292.0000000   -0.00018967368
  10297.0000000   -0.00021378306
  10302.0000000   -0.00028639198
  10307.0000000   -0.00013665717
  10312.0000000    0.00021188674
  10317.0000000    0.00095934912
  10322.0000000    0.00212809437
  10327.0000000    0.00372683419
  10332.0000000    0.00491937411
  10337.0000000    0.00633620815
  10341.0000000    0.00775583566
  10344.0000000    0.00933636776
  10346.0000000    0.01065717169
  10347.0000000    0.01168145023
  10347.2000000    0.01243111310
  10347.4000000    0.01302760584
  10347.6000000    0.01317303986
  10347.8000000    0.01331912400
  10348.0000000    0.01337887117
  10348.2000000    0.01351182274
  10348.4000000    0.01364295394
  10348.6000000    0.01403049558
  10348.8000000    0.01437746924
  10349.0000000    0.01433514633
  10349.2000000    0.01423470199
  10349.4000000    0.01460508026
  10349.6000000    0.01488951162
  10349.8000000    0.01534609684
  10350.0000000    0.01566771551
  10350.2000000    0.01595123669
  10350.4000000    0.01602580677
  10350.6000000    0.01607229133
  10350.8000000    0.01646009302
  10351.0000000    0.01670694699
  10351.2000000    0.01711399247
  10351.4000000    0.01750855549
  10351.6000000    0.01783563524
  10351.8000000    0.01810914445
  10352.0000000    0.01831751085
  10352.2000000    0.01874978128
  10352.4000000    0.01891003822
  10352.6000000    0.01927651572
  10352.8000000    0.01938034155
  10353.0000000    0.01952564555
  10353.2000000    0.01999861399
  10353.4000000    0.02024091706
  10353.6000000    0.02056149553
  10353.8000000    0.02093226387
  10354.0000000    0.02132084572
  10354.2000000    0.02158447299
  10354.4000000    0.02207590506
  10354.6000000    0.02253938164
  10354.8000000    0.02329710609
  10355.0000000    0.02375772210
  10355.2000000    0.02410001484
  10355.4000000    0.02434556856
  10355.6000000    0.02485845485
  10355.8000000    0.02539500580
  10356.0000000    0.02604935992
  10356.2000000    0.02660333430
  10356.4000000    0.02734493558
  10356.6000000    0.02785912213
  10356.8000000    0.02870903471
  10357.0000000    0.02934011425
  10357.2000000    0.02993153600
  10357.4000000    0.03033442065
  10357.6000000    0.03082052168
  10357.8000000    0.03138619836
  10358.0000000    0.03188868261
  10358.2000000    0.03254628737
  10358.4000000    0.03322027535
  10358.6000000    0.03402207847
  10358.8000000    0.03475782860
  10359.0000000    0.03577131336
  10359.2000000    0.03677452610
  10359.4000000    0.03780114344
  10359.6000000    0.03873739300
  10359.8000000    0.03946287111
  10360.0000000    0.04023125766
  10360.2000000    0.04131742672
  10360.4000000    0.04258550155
  10360.6000000    0.04386150794
  10360.8000000    0.04503518421
  10361.0000000    0.04638725556
  10361.2000000    0.04781214124
  10361.4000000    0.04913144615
  10361.6000000    0.05032384610
  10361.8000000    0.05177187633
  10362.0000000    0.05302174758
  10362.2000000    0.05450852543
  10362.4000000    0.05627433817
  10362.6000000    0.05803872062
  10362.8000000    0.06031397355
  10363.0000000    0.06211528327
  10363.2000000    0.06415492987
  10363.4000000    0.06641249932
  10363.6000000    0.06869841436
  10363.8000000    0.07096560571
  10364.0000000    0.07343719726
  10364.2000000    0.07603387342
  10364.4000000    0.07879490190
  10364.6000000    0.08156932302
  10364.8000000    0.08488335028
  10365.0000000    0.08822975390
  10365.2000000    0.09232796539
  10365.4000000    0.09626156451
  10365.6000000    0.10066312567
  10365.8000000    0.10530497410
  10366.0000000    0.11012872830
  10366.2000000    0.11530459176
  10366.4000000    0.12120638801
  10366.6000000    0.12800237013
  10366.8000000    0.13569695900
  10367.0000000    0.14365328936
  10367.2000000    0.15266854799
  10367.4000000    0.16251792069
  10367.6000000    0.17356612919
  10367.8000000    0.18592746597
  10368.0000000    0.20000852100
  10368.2000000    0.21584362104
  10368.4000000    0.23416923094
  10368.6000000    0.25464988471
  10368.8000000    0.27727622052
  10369.0000000    0.30298962353
  10369.2000000    0.33150143697
  10369.4000000    0.36269255740
  10369.6000000    0.39683811894
  10369.8000000    0.43378079065
  10370.0000000    0.47416471922
  10370.2000000    0.51762115213
  10370.4000000    0.56455485898
  10370.6000000    0.61554887446
  10370.8000000    0.67036473167
  10371.0000000    0.73014223478
  10371.2000000    0.79466372100
  10371.4000000    0.86627017076
  10371.6000000    0.95005832656
  10371.8000000    1.03776610331
  10372.0000000    1.10224299075
  10372.2000000    1.18794967390
  10372.4000000    1.28568424284
  10372.6000000    1.38311741248
  10372.8000000    1.47960616563
  10373.0000000    1.57381230530
  10373.2000000    1.66331007369
  10373.4000000    1.74180285197
  10373.6000000    1.81280679134
  10373.8000000    1.87579788807
  10374.0000000    1.93104529475
  10374.2000000    1.97919523797
  10374.4000000    2.01949408902
  10374.6000000    2.05334170277
  10374.8000000    2.08233037189
  10375.0000000    2.10715261210
  10375.2000000    2.12791010300
  10375.4000000    2.14573146602
  10375.6000000    2.16113654304
  10375.8000000    2.17476479919
  10376.0000000    2.18599471184
  10376.2000000    2.19445622778
  10376.4000000    2.20029783568
  10376.6000000    2.20419644818
  10376.8000000    2.20524136567
  10377.0000000    2.20168530412
  10377.2000000    2.19262614554
  10377.4000000    2.17860505574
  10377.6000000    2.16014239683
  10377.8000000    2.13701582452
  10378.0000000    2.10988690837
  10378.2000000    2.07929967500
  10378.4000000    2.04601841427
  10378.6000000    2.01072445971
  10378.8000000    1.97351532993
  10379.0000000    1.93520316436
  10379.2000000    1.89562699075
  10379.4000000    1.85514333874
  10379.6000000    1.81338527570
  10379.8000000    1.77087758440
  10380.0000000    1.72844982750
  10380.2000000    1.68607313893
  10380.4000000    1.64418024320
  10380.6000000    1.60123969871
  10380.8000000    1.55759061161
  10381.0000000    1.51450125094
  10381.2000000    1.47197369671
  10381.4000000    1.43023237243
  10381.6000000    1.38986603350
  10381.8000000    1.35135031297
  10382.0000000    1.31472265790
  10382.2000000    1.27982469636
  10382.4000000    1.24654382594
  10382.6000000    1.21526414171
  10382.8000000    1.18626701856
  10383.0000000    1.15943647304
  10383.2000000    1.13480397103
  10383.4000000    1.11224156678
  10383.6000000    1.09291949011
  10383.8000000    1.07594706524
  10384.0000000    1.06053711693
  10384.2000000    1.04250490164
  10384.4000000    1.03013330799
  10384.6000000    1.02042836671
  10384.8000000    1.01177021863
  10385.0000000    1.00434453985
  10385.2000000    0.99730356308
  10385.4000000    0.99161779884
  10385.6000000    0.98687896637
  10385.8000000    0.98246736325
  10386.0000000    0.97870233170
  10386.2000000    0.97561871832
  10386.4000000    0.97319961919
  10386.6000000    0.97120006571
  10386.8000000    0.96985410336
  10387.0000000    0.96879011870
  10387.2000000    0.96819690840
  10387.4000000    0.96851343817
  10387.6000000    0.97038281413
  10387.8000000    0.97326464963
  10388.0000000    0.97660971598
  10388.2000000    0.98039330794
  10388.4000000    0.98422794884
  10388.6000000    0.98828397177
  10388.8000000    0.99262690898
  10389.0000000    0.99626388488
  10389.2000000    1.00015292727
  10389.4000000    1.00474808526
  10389.6000000    1.00955552106
  10389.8000000    1.01506152981
  10390.0000000    1.02147571231
  10390.2000000    1.02753942061
  10390.4000000    1.03243453319
  10390.6000000    1.03698905262
  10390.8000000    1.04262389780
  10391.0000000    1.04819874391
  10391.2000000    1.05376222019
  10391.4000000    1.05887744022
  10391.6000000    1.06353686197
  10391.8000000    1.06774750640
  10392.0000000    1.07132421666
  10392.2000000    1.07473248383
  10392.4000000    1.07776842725
  10392.6000000    1.08014312970
  10392.8000000    1.08292644119
  10393.0000000    1.08523912825
  10393.2000000    1.08691267733
  10393.4000000    1.08822924329
  10393.6000000    1.08891161138
  10393.8000000    1.08948586447
  10394.0000000    1.08973615970
  10394.2000000    1.08967029815
  10394.4000000    1.08923236832
  10394.6000000    1.08846605837
  10394.8000000    1.08772971820
  10395.0000000    1.08703478973
  10395.2000000    1.08587989392
  10395.4000000    1.08437321143
  10395.6000000    1.08214130846
  10395.8000000    1.07926245991
  10396.0000000    1.07567737365
  10396.2000000    1.07107606832
  10396.4000000    1.06601713316
  10396.6000000    1.06067012130
  10396.8000000    1.05461088857
  10397.0000000    1.04810442681
  10397.2278600    1.03996754707
  10397.4835810    1.03101708166
  10397.7671620    1.02011379707
  10398.0786040    1.00338352914
  10398.4179050    0.98799106571
  10398.7850670    0.97223815324
  10399.1800900    0.95432593593
  10399.6029730    0.93538766941
  10400.0537160    0.91610727014
  10400.5323190    0.89682723900
  10401.0387830    0.87758038432
  10401.5731070    0.85849342904
  10402.1352920    0.84190381639
  10402.7253370    0.82953322365
  10403.3432420    0.82155501117
  10403.9890080    0.81836672992
  10404.6626340    0.81992387826
  10405.3641200    0.82514671699
  10406.0934670    0.83236677651
  10406.8506740    0.84311060883
  10407.6357410    0.85446779763
  10408.4486690    0.86617553178
  10409.2894570    0.87955734348
  10410.1581060    0.89599633718
  10411.0546140    0.91798450843
  10411.9789830    0.94490651599
  10412.9312130    0.96993754646
  10413.9113030    0.99139298348
  10414.9192530    1.02338009735
  10415.9550640    1.05337902053
  10417.0187340    1.08119633920
  10418.1102660    1.10559532340
  10419.2327230    1.12445817312
  10420.3673730    1.14015400253
  10421.5142140    1.15323667086
  10422.6732480    1.16292362616
  10423.8444730    1.17027816951
  10425.0278900    1.17575637608
  10426.2234990    1.17859832446
  10427.4313000    1.17939896002
  10428.6512930    1.17869497704
  10429.8834780    1.17560345049
  10431.1278550    1.16999274272
  10432.3844230    1.16186098405
  10433.6531840    1.15187592922
  10434.9341360    1.14063902833
  10436.2272800    1.12883520083
  10437.5326170    1.11688619333
  10438.8501450    1.10558537170
  10440.1798650    1.09486688473
  10441.5217770    1.08471819329
  10442.8758810    1.07531841425
  10444.2421770    1.06647739080
  10445.6206640    1.05920328210
  10447.0113440    1.05270728619
  10448.4142150    1.04602637324
  10449.8292790    1.03858315922
  10451.2565340    1.02991442864
  10452.6959810    1.02155831147
  10454.1476200    1.01385046072
  10455.6114520    1.00762322288
  10457.0874750    1.00238944817
  10458.5756890    0.99778940527
  10460.0760960    0.99377671777
  10461.5886950    0.99071771333
  10463.1134850    0.98757287992
  10464.6504680    0.98458890976
  10466.1996420    0.98251855863
  10467.7610090    0.98073552027
  10469.3345670    0.97944513566
  10470.9203170    0.97891956968
  10472.5182590    0.97901490350
  10474.1283930    0.97992684107
  10475.7507190    0.98112241871
  10477.3852370    0.98241193629
  10479.0319460    0.98351233241
  10480.6908480    0.98498596254
  10482.3619420    0.98593629561
  10484.0452270    0.98630858119
  10485.7407040    0.98587252643
  10487.4483740    0.98503911941
  10489.1682350    0.98484451101
  10490.9002880    0.98539255852
  10492.6445330    0.98696317025
  10494.4009700    0.98963835001
  10496.1695980    0.99384258488
  10497.9504190    0.99910473566
  10499.7434320    1.00579674734
  10501.5486360    1.01241403000
  10503.3660320    1.01783764053
  10505.1956210    1.02284154194
  10507.0374010    1.02709967875
  10508.8913730    1.03004647787
  10510.7575370    1.03195268528
  10512.6358930    1.03325287283
  10514.5264410    1.03424299809
  10516.4291810    1.03405554278
  10518.3441120    1.03335208405
  10520.2712360    1.03210271176
  10522.2105520    1.02930310079
  10524.1620590    1.02515659634
  10526.1257580    1.02021786247
  10528.1016490    1.01383570015
  10530.0897330    1.00636763947
  10532.0900080    0.99896514314
  10534.1024750    0.99189496770
  10536.1271330    0.98500804308
  10538.1639840    0.97837477009
  10540.2130270    0.97254637991
  10542.2742610    0.96854998911
  10544.3476880    0.96554189436
  10546.4333060    0.96311163370
  10548.5311170    0.96191572203
  10550.6411190    0.96113045929
  10552.7633130    0.96079134186
  10554.8976990    0.96127088522
  10557.0442770    0.96288334423
  10559.2030470    0.96590395741
  10561.3740080    0.96941380039
  10563.5571620    0.97280859842
  10565.7525080    0.97608660931
  10567.9600450    0.97916962638
  10570.1797750    0.98191441833
  10572.4116960    0.98409921257
  10574.6558090    0.98625949330
  10576.9121140    0.98786504648
  10579.1806110    0.98882201465
  10581.4613000    0.98936419476
  10583.7541810    0.98936546379
  10586.0592540    0.98838294645
  10588.3765180    0.98702332487
  10590.7059750    0.98612211409
  10593.0476230    0.98482761069
  10595.4014640    0.98208889877
  10597.7674960    0.97877241321
  10600.1457200    0.97535137872
  10602.5361360    0.97229979126
  10604.9387440    0.96916793494
  10607.3535440    0.96642120383
  10609.7805360    0.96566426599
  10612.2197200    0.96672693033
  10614.6710960    0.96880759134
  10617.1346630    0.97165256177
  10619.6104230    0.97483494816
  10622.0983740    0.97777129867
  10624.5985170    0.97980195461
  10627.1108520    0.98205327868
  10629.6353800    0.98430221728
  10632.1720990    0.98651034535
  10634.7210090    0.98791888407
  10637.2821120    0.98906071764
  10639.8554070    0.99061591059
  10642.4408940    0.99184333766
  10645.0385720    0.99260726260
  10647.6484430    0.99384620865
  10650.2705050    0.99411844342
  10652.9047590    0.99400203984
  10655.5512050    0.99426437836
  10658.2098440    0.99318205934
  10660.8806740    0.99099948183
  10663.5636960    0.98866629197
  10666.2589090    0.98629580246
  10668.9663150    0.98361539901
  10671.6859130    0.98020006887
  10674.4177020    0.97709485925
  10677.1616840    0.97426377293
  10679.9178570    0.97262155256
  10682.6862220    0.97227833154
  10685.4667800    0.97325789668
  10688.2595290    0.97562459513
  10691.0644700    0.97794408850
  10693.8816020    0.98060238827
  10696.7109270    0.98413944564
  10699.5524440    0.98682235724
  10702.4061530    0.98932524406
  10705.2720530    0.99084304765
  10708.1501460    0.99210292097
  10711.0404300    0.99454689099
  10713.9429060    0.99667397596
  10716.8575740    0.99846807855
  10719.7844350    0.99969282931
  10722.7234870    1.00092893328
  10725.6747300    1.00215662828
  10728.6381660    1.00320791447
  10731.6137940    1.00404637192
  10734.6016140    1.00472685040
  10737.6016250    1.00537024655
  10740.6138290    1.00587848491
  10743.6382240    1.00565496732
  10746.6748110    1.00458028138
  10749.7235900    1.00366441054
  10752.7845610    1.00296320474
  10755.8577240    1.00224437068
  10758.9430790    1.00101035719
  10762.0406260    1.00032209409
  10765.1503650    1.00094560738
  10768.2722950    1.00148719377
  10771.4064180    1.00230588814
  10774.5527320    1.00446936175
  10777.7112390    1.00717603208
  10780.8819370    1.00925140048
  10784.0648270    1.01055414628
  10787.2599090    1.01198705070
  10790.4671830    1.01341398699
  10793.6866490    1.01394701752
  10796.9183070    1.01447071004
  10800.1621570    1.01516359101
  10803.4181980    1.01492551303
  10806.6864320    1.01515307655
  10809.9668570    1.01557751451
  10813.2594740    1.01642389377
  10816.5642840    1.01822128020
  10819.8812850    1.01910834971
  10823.2104780    1.01916375793
  10826.5518630    1.01883153262
  10829.9054400    1.01809489109
  10833.2712090    1.01713000887
  10836.6491690    1.01582830704
  10840.0393220    1.01466814187
  10843.4416660    1.01369280736
  10846.8562030    1.01279424796
  10850.2829310    1.01240947956
  10853.7218510    1.01169892814
  10857.1729640    1.01134250188
  10860.6362680    1.01127506724
  10864.1117640    1.01164187474
  10867.5994510    1.01196951856
  10871.0993310    1.01218299427
  10874.6114030    1.01208690104
  10878.1356660    1.01236559644
  10881.6721220    1.01275529625
  10885.2207690    1.01300340726
  10888.7816090    1.01380678800
  10892.3546400    1.01415819142
  10895.9398630    1.01389736379
  10899.5372780    1.01376409725
  10903.1468850    1.01395182570
  10906.7686840    1.01367672043
  10910.4026750    1.01338136400
  10914.0488570    1.01307770578
  10917.7072320    1.01297326269
  10921.3777990    1.01316192306
  10925.0605570    1.01267579862
  10928.7555070    1.01159683929
  10932.4626500    1.01070836624
  10936.1819840    1.00989784067
  10939.9135100    1.00860570829
  10943.6572280    1.00718547050
  10947.4131380    1.00581354953
  10951.1812390    1.00471267388
  10954.9615330    1.00414927602
  10958.7540190    1.00395630265
  10962.5586960    1.00338420429
  10966.3755650    1.00308590521
  10970.2046270    1.00309022645
  10974.0458800    1.00255328016
  10977.8993250    1.00208020218
  10981.7649620    1.00185720866
  10985.6427910    1.00216415657
  10989.5328120    1.00188757225
  10993.4350250    1.00099815903
  10997.3494290    1.00091044986
  11001.2760260    1.00091568313
  11005.2148140    1.00027522066
  11009.1657950    0.99988434960
  11013.1289670    0.99985251325
  11017.1043310    0.99985437591
  11021.0918880    0.99985120718
  11025.0916360    1.00026277990
  11029.1035750    0.99994936925
  11033.1277070    0.99988601666
  11037.1640310    1.00003307909
  11041.2125470    0.99950604018
  11045.2732540    0.99905015934
  11049.3461540    0.99851173168
  11053.4312450    0.99714417578
  11057.5285290    0.99565670969
  11061.6380040    0.99490682244
  11065.7596710    0.99453968072
  11069.8935300    0.99405148293
  11074.0395810    0.99359197657
  11078.1978240    0.99341029064
  11082.3682580    0.99330024811
  11086.5508850    0.99245317448
  11090.7457040    0.99197259882
  11094.9527140    0.99180044776
  11099.1719160    0.99169561641
  11103.4033110    0.99236025341
  11107.6468970    0.99222501239
  11111.9026750    0.99222436625
  11116.1706450    0.99254779352
  11120.4508070    0.99284157772
  11124.7431610    0.99288026104
  11129.0477070    0.99246860569
  11133.3644440    0.99228130128
  11137.6933740    0.99190607736
  11142.0344950    0.99117309267
  11146.3878090    0.99078711271
  11150.7533140    0.98965211315
  11155.1310110    0.98997425687
  11159.5209000    0.98994770141
  11163.9229810    0.99116865684
  11168.3372540    0.98974943937
  11172.7637190    0.98791285340
  11177.2023760    0.98883173734
  11181.6532240    0.98830810923
  11186.1162650    0.98849606376
  11190.5914970    0.98858908815
  11195.0789220    0.98862694471
  11199.5785380    0.98923926938
  11204.0903460    0.99134884837
  11208.6143460    0.99249709945
  11213.1505380    0.99370734383
  11217.6989220    0.99557649783
  11222.2594980    0.99575881962
  11226.8322660    0.99556210787
  11231.4172260    0.99564151659
  11236.0143770    0.99510056027
  11240.6237210    0.99509854128
  11245.2452560    0.99588571471
  11249.8789830    0.99674737275
  11254.5249020    0.99774047053
  11259.1830130    1.00009176591
  11263.8533160    1.00097963428
  11268.5358110    1.00132026167
  11273.2304980    1.00311304386
  11277.9373770    1.00427545259
  11282.6564480    1.00461563143
  11287.3877100    1.00541917723
  11292.1311650    1.00806878667
  11296.8868110    1.00980803056
  11301.6546490    1.01242705821
  11306.4346790    1.01510417461
  11311.2269010    1.01762969458
  11316.0313150    1.01917304309
  11320.8479210    1.02293507109
  11325.6767190    1.02662472470
