#---------------------------------
#  energy flat
  8794.00000000    0.00839056969
  8799.00000000    0.00710507169
  8804.00000000    0.00539567025
  8809.00000000    0.00339553132
  8814.00000000    0.00122471721
  8819.00000000   -0.00070662750
  8824.00000000   -0.00176641493
  8829.00000000   -0.00228551253
  8834.00000000   -0.00262312443
  8839.00000000   -0.00234142453
  8844.00000000   -0.00143009370
  8849.00000000   -0.00051434038
  8854.00000000    0.00087298094
  8859.00000000    0.00104444629
  8864.00000000    0.00153039952
  8869.00000000    0.00125240928
  8874.00000000    0.00122175065
  8879.00000000    0.00207526158
  8884.00000000    0.00391056433
  8889.00000000    0.00421896294
  8894.00000000    0.00373655559
  8899.00000000    0.00167302770
  8904.00000000   -0.00027109308
  8909.00000000   -0.00254722787
  8914.00000000   -0.00353068648
  8919.00000000   -0.00360819069
  8924.00000000   -0.00238466513
  8929.00000000   -0.00026927162
  8934.00000000    0.00135424320
  8939.00000000    0.00236516186
  8944.00000000    0.00309353282
  8949.00000000    0.00380814493
  8953.00000000    0.00473196276
  8956.00000000    0.00607677423
  8958.00000000    0.00752399658
  8959.00000000    0.00881057381
  8959.20000000    0.00931607260
  8959.40000000    0.00993770259
  8959.60000000    0.01010627349
  8959.80000000    0.00997771887
  8960.00000000    0.01018576455
  8960.20000000    0.01017088419
  8960.40000000    0.01034486034
  8960.60000000    0.01032834203
  8960.80000000    0.01035473820
  8961.00000000    0.01055999935
  8961.20000000    0.01076689846
  8961.40000000    0.01137116610
  8961.60000000    0.01226911955
  8961.80000000    0.01213876317
  8962.00000000    0.01220365135
  8962.20000000    0.01227607413
  8962.40000000    0.01259763028
  8962.60000000    0.01295653186
  8962.80000000    0.01301388543
  8963.00000000    0.01304650584
  8963.20000000    0.01279723374
  8963.40000000    0.01350289096
  8963.60000000    0.01338301751
  8963.80000000    0.01368737510
  8964.00000000    0.01397682727
  8964.20000000    0.01402992216
  8964.40000000    0.01486628840
  8964.60000000    0.01521110354
  8964.80000000    0.01521686145
  8965.00000000    0.01549927041
  8965.20000000    0.01596005295
  8965.40000000    0.01638480043
  8965.60000000    0.01655631965
  8965.80000000    0.01683922000
  8966.00000000    0.01700451498
  8966.20000000    0.01792982232
  8966.40000000    0.01764533413
  8966.60000000    0.01803732245
  8966.80000000    0.01815970295
  8967.00000000    0.01816578845
  8967.20000000    0.01879855655
  8967.40000000    0.01924525266
  8967.60000000    0.01936894352
  8967.80000000    0.02002169470
  8968.00000000    0.01998175359
  8968.20000000    0.02036244001
  8968.40000000    0.02114131393
  8968.60000000    0.02113724409
  8968.80000000    0.02146207615
  8969.00000000    0.02177151141
  8969.20000000    0.02197808293
  8969.40000000    0.02221970674
  8969.60000000    0.02281512941
  8969.80000000    0.02315437549
  8970.00000000    0.02399942291
  8970.20000000    0.02480876285
  8970.40000000    0.02491509136
  8970.60000000    0.02540830547
  8970.80000000    0.02577474165
  8971.00000000    0.02627876628
  8971.20000000    0.02681882598
  8971.40000000    0.02747370651
  8971.60000000    0.02818591556
  8971.80000000    0.02873318227
  8972.00000000    0.02903803125
  8972.20000000    0.02982312941
  8972.40000000    0.03011143502
  8972.60000000    0.03076172927
  8972.80000000    0.03197564475
  8973.00000000    0.03272028536
  8973.20000000    0.03360087646
  8973.40000000    0.03489210354
  8973.60000000    0.03595286998
  8973.80000000    0.03701986066
  8974.00000000    0.03813942978
  8974.20000000    0.03915613516
  8974.40000000    0.04017021981
  8974.60000000    0.04157610393
  8974.80000000    0.04342882291
  8975.00000000    0.04495296757
  8975.20000000    0.04666383941
  8975.40000000    0.04866331939
  8975.60000000    0.05107130602
  8975.80000000    0.05341508470
  8976.00000000    0.05552332507
  8976.20000000    0.05851671777
  8976.40000000    0.06216431076
  8976.60000000    0.06619158233
  8976.80000000    0.07028895849
  8977.00000000    0.07584280662
  8977.20000000    0.08167543514
  8977.40000000    0.08850721783
  8977.60000000    0.09649146754
  8977.80000000    0.10561147710
  8978.00000000    0.11735352930
  8978.20000000    0.13120920207
  8978.40000000    0.14731313554
  8978.60000000    0.16670739838
  8978.80000000    0.18968272806
  8979.00000000    0.21663829489
  8979.20000000    0.24835753400
  8979.40000000    0.28539423889
  8979.60000000    0.32742442153
  8979.80000000    0.37448952224
  8980.00000000    0.42437764300
  8980.20000000    0.47691849793
  8980.40000000    0.52830315079
  8980.60000000    0.57612527798
  8980.80000000    0.61727865656
  8981.00000000    0.64836255882
  8981.20000000    0.66907985922
  8981.40000000    0.67858635437
  8981.60000000    0.67743714813
  8981.80000000    0.66874141173
  8982.00000000    0.65373285488
  8982.20000000    0.63552343336
  8982.40000000    0.61656271284
  8982.60000000    0.59825835414
  8982.80000000    0.58315050201
  8983.00000000    0.57079363195
  8983.20000000    0.56187945349
  8983.40000000    0.55621239446
  8983.60000000    0.55452200122
  8983.80000000    0.55583286994
  8984.00000000    0.55942708380
  8984.20000000    0.56592051486
  8984.40000000    0.57433333683
  8984.60000000    0.58430536282
  8984.80000000    0.59496487175
  8985.00000000    0.60607304939
  8985.20000000    0.61701435123
  8985.40000000    0.62789245999
  8985.60000000    0.63892506023
  8985.80000000    0.64910153207
  8986.00000000    0.65924085434
  8986.20000000    0.66919282631
  8986.40000000    0.67945538710
  8986.60000000    0.68977236012
  8986.80000000    0.70037486120
  8987.00000000    0.71169072488
  8987.20000000    0.72351520643
  8987.40000000    0.73557886181
  8987.60000000    0.74713510991
  8987.80000000    0.75871301106
  8988.00000000    0.76998562888
  8988.20000000    0.78254636860
  8988.40000000    0.79473696187
  8988.60000000    0.80738080999
  8988.80000000    0.82041567057
  8989.00000000    0.83326956878
  8989.20000000    0.84626813060
  8989.40000000    0.85975205122
  8989.60000000    0.87315443348
  8989.80000000    0.88750391480
  8990.00000000    0.90272351114
  8990.20000000    0.91877931679
  8990.40000000    0.93523547119
  8990.60000000    0.95142925668
  8990.80000000    0.96851051951
  8991.00000000    0.98515644508
  8991.20000000    1.00222663357
  8991.40000000    1.01858106642
  8991.60000000    1.03401499892
  8991.80000000    1.04860279434
  8992.00000000    1.06168402814
  8992.20000000    1.07355942934
  8992.40000000    1.08344801972
  8992.60000000    1.09189327363
  8992.80000000    1.09906914215
  8993.00000000    1.10538544231
  8993.20000000    1.11115207566
  8993.40000000    1.11541968196
  8993.60000000    1.11929421019
  8993.80000000    1.12276517744
  8994.00000000    1.12592168859
  8994.20000000    1.12882958952
  8994.40000000    1.13125858339
  8994.60000000    1.13383076651
  8994.80000000    1.13604525141
  8995.00000000    1.13762293010
  8995.20000000    1.13837314431
  8995.40000000    1.13843348246
  8995.60000000    1.13773154683
  8995.80000000    1.13566227584
  8996.00000000    1.13266431454
  8996.20000000    1.12872259372
  8996.40000000    1.12384006170
  8996.60000000    1.11773892085
  8996.80000000    1.11126042621
  8997.00000000    1.10425879955
  8997.20000000    1.09656107253
  8997.40000000    1.08896787886
  8997.60000000    1.08114278201
  8997.80000000    1.07346316743
  8998.00000000    1.06557654662
  8998.20000000    1.05840672770
  8998.40000000    1.05213257564
  8998.60000000    1.04592921494
  8998.80000000    1.03998697629
  8999.00000000    1.03330801586
  8999.20000000    1.02728295970
  8999.40000000    1.02120453769
  8999.60000000    1.01650072131
  8999.80000000    1.01188538620
  9000.00000000    1.00719473657
  9000.20000000    1.00273769125
  9000.40000000    0.99884053138
  9000.60000000    0.99588752183
  9000.80000000    0.99284904241
  9001.00000000    0.99060074526
  9001.20000000    0.98856672448
  9001.40000000    0.98731535136
  9001.60000000    0.98677848685
  9001.80000000    0.98646932993
  9002.00000000    0.98611041057
  9002.20000000    0.98598575061
  9002.40000000    0.98548504701
  9002.60000000    0.98382437324
  9002.80000000    0.98364149630
  9003.00000000    0.98397034877
  9003.20000000    0.98449283926
  9003.40000000    0.98498423995
  9003.60000000    0.98536461852
  9003.80000000    0.98601955019
  9004.00000000    0.98749873355
  9004.20000000    0.98867296056
  9004.40000000    0.99008963668
  9004.60000000    0.99152108578
  9004.80000000    0.99311537922
  9005.00000000    0.99436311217
  9005.20000000    0.99598105490
  9005.40000000    0.99670634202
  9005.60000000    0.99771895824
  9005.80000000    0.99858222403
  9006.00000000    0.99899410000
  9006.20000000    1.00048771451
  9006.40000000    1.00200199858
  9006.60000000    1.00327225824
  9006.80000000    1.00493664178
  9007.00000000    1.00670260997
  9007.20000000    1.00898816959
  9007.40000000    1.01075026919
  9007.60000000    1.01292713091
  9007.80000000    1.01482753661
  9008.00000000    1.01652355643
  9008.20000000    1.01846497351
  9008.40000000    1.02041100809
  9008.60000000    1.02281570202
  9008.80000000    1.02479160983
  9009.00000000    1.02629679978
  9009.22786000    1.02774061654
  9009.48358100    1.02964099489
  9009.76716200    1.03046973922
  9010.07860400    1.03155328384
  9010.41790500    1.03233540304
  9010.78506700    1.03334582987
  9011.18009000    1.03401982035
  9011.60297300    1.03291534439
  9012.05371600    1.03089923656
  9012.53231900    1.02917018347
  9013.03878300    1.02821534240
  9013.57310700    1.02820083719
  9014.13529200    1.02751527731
  9014.72533700    1.02581243695
  9015.34324200    1.02261701874
  9015.98900800    1.01677004127
  9016.66263400    1.00896833538
  9017.36412000    0.99924470337
  9018.09346700    0.99076077374
  9018.85067400    0.98225078158
  9019.63574100    0.97447052880
  9020.44866900    0.96810964326
  9021.28945700    0.96239932147
  9022.15810600    0.95805966063
  9023.05461400    0.95382916512
  9023.97898300    0.94981042318
  9024.93121300    0.94670519403
  9025.91130300    0.94379873496
  9026.91925300    0.94159789146
  9027.95506400    0.93985735819
  9029.01873400    0.93840914970
  9030.11026600    0.93843396528
  9031.23272300    0.93995389338
  9032.36737300    0.94357146183
  9033.51421400    0.94854405471
  9034.67324800    0.95438391368
  9035.84447300    0.96146223447
  9037.02789000    0.96887390977
  9038.22349900    0.97662093563
  9039.43130000    0.98372646482
  9040.65129300    0.99163782765
  9041.88347800    0.99943943689
  9043.12785500    1.00663895376
  9044.38442300    1.01324460174
  9045.65318400    1.01771934858
  9046.93413600    1.01922099273
  9048.22728000    1.01894068678
  9049.53261700    1.01691547856
  9050.85014500    1.01390836549
  9052.17986500    1.01172833830
  9053.52177700    1.01048812113
  9054.87588100    1.01031517987
  9056.24217700    1.00970328158
  9057.62066400    1.00975054835
  9059.01134400    1.00888293163
  9060.41421500    1.00835842064
  9061.82927900    1.00764405299
  9063.25653400    1.00811050960
  9064.69598100    1.00906660378
  9066.14762000    1.01055593898
  9067.61145200    1.01182443112
  9069.08747500    1.01454480090
  9070.57568900    1.01747059655
  9072.07609600    1.01974290278
  9073.58869500    1.02153865535
  9075.11348500    1.02295420261
  9076.65046800    1.02363937909
  9078.19964200    1.02357587837
  9079.76100900    1.02316994394
  9081.33456700    1.02236264809
  9082.92031700    1.02038123463
  9084.51825900    1.01779738524
  9086.12839300    1.01470187721
  9087.75071900    1.01024562776
  9089.38523700    1.00561848378
  9091.03194600    1.00035137081
  9092.69084800    0.99447347457
  9094.36194200    0.98869570525
  9096.04522700    0.98319663676
  9097.74070400    0.97809161346
  9099.44837400    0.97410792063
  9101.16823500    0.97157220557
  9102.90028800    0.96999999233
  9104.64453300    0.97024829442
  9106.40097000    0.97182543088
  9108.16959800    0.97437698368
  9109.95041900    0.97765859894
  9111.74343200    0.98102495713
  9113.54863600    0.98439845470
  9115.36603200    0.98762646518
  9117.19562100    0.98979962550
  9119.03740100    0.99177953878
  9120.89137300    0.99373461775
  9122.75753700    0.99520954288
  9124.63589300    0.99660859462
  9126.52644100    0.99807856626
  9128.42918100    0.99993233981
  9130.34411200    1.00206086129
  9132.27123600    1.00439339823
  9134.21055200    1.00590920895
  9136.16205900    1.00666827595
  9138.12575800    1.00705030651
  9140.10164900    1.00632185374
  9142.08973300    1.00552894551
  9144.09000800    1.00463033952
  9146.10247500    1.00297808721
  9148.12713300    1.00206964091
  9150.16398400    1.00116958227
  9152.21302700    1.00015804351
  9154.27426100    0.99835431978
  9156.34768800    0.99628192587
  9158.43330600    0.99593494314
  9160.53111700    0.99554636557
  9162.64111900    0.99545691921
  9164.76331300    0.99669297228
  9166.89769900    0.99849617607
  9169.04427700    0.99966462239
  9171.20304700    1.00162565226
  9173.37400800    1.00239965635
  9175.55716200    1.00261694016
  9177.75250800    1.00338642628
  9179.96004500    1.00298926665
  9182.17977500    1.00318300756
  9184.41169600    1.00339799301
  9186.65580900    1.00368862188
  9188.91211400    1.00376466824
  9191.18061100    1.00375489511
  9193.46130000    1.00358397534
  9195.75418100    1.00373053837
  9198.05925400    1.00334777762
  9200.37651800    1.00293823743
  9202.70597500    1.00310109457
  9205.04762300    1.00256367551
  9207.40146400    1.00205193345
  9209.76749600    1.00131724442
  9212.14572000    1.00012047748
  9214.53613600    0.99890422097
  9216.93874400    0.99805438904
  9219.35354400    0.99728107362
  9221.78053600    0.99668419973
  9224.21972000    0.99604985877
  9226.67109600    0.99556249250
  9229.13466300    0.99506552109
  9231.61042300    0.99404102393
  9234.09837400    0.99404474227
  9236.59851700    0.99456891095
  9239.11085200    0.99550935867
  9241.63538000    0.99639074973
  9244.17209900    0.99743486847
  9246.72100900    0.99894899529
  9249.28211200    1.00060291214
  9251.85540700    1.00157665681
  9254.44089400    1.00233212944
  9257.03857200    1.00285425781
  9259.64844300    1.00360853899
  9262.27050500    1.00434370687
  9264.90475900    1.00483862623
  9267.55120500    1.00568131372
  9270.20984400    1.00646161118
  9272.88067400    1.00695871326
  9275.56369600    1.00740027979
  9278.25890900    1.00766672631
  9280.96631500    1.00748023400
  9283.68591300    1.00780325036
  9286.41770200    1.00839432252
  9289.16168400    1.00948044573
  9291.91785700    1.01024163949
  9294.68622200    1.00997027937
  9297.46678000    1.00950136787
  9300.25952900    1.00912611016
  9303.06447000    1.00868526515
  9305.88160200    1.00756784547
  9308.71092700    1.00685322812
  9311.55244400    1.00601657885
  9314.40615300    1.00499791191
  9317.27205300    1.00501550399
  9320.15014600    1.00500037960
  9323.04043000    1.00443457864
  9325.94290600    1.00346481608
  9328.85757400    1.00254312234
  9331.78443500    1.00290839866
  9334.72348700    1.00303828141
  9337.67473000    1.00336186355
  9340.63816600    1.00406417612
  9343.61379400    1.00457744892
  9346.60161400    1.00439254639
  9349.60162500    1.00397721081
  9352.61382900    1.00387353931
  9355.63822400    1.00393274448
  9358.67481100    1.00354248838
  9361.72359000    1.00348466238
  9364.78456100    1.00253138140
  9367.85772400    1.00197262648
  9370.94307900    1.00213853302
  9374.04062600    1.00188081333
  9377.15036500    1.00135728464
  9380.27229500    1.00113885658
  9383.40641800    1.00110717740
  9386.55273200    1.00200317355
  9389.71123900    1.00221434295
  9392.88193700    1.00174485326
  9396.06482700    1.00079246977
  9399.25990900    1.00022389890
  9402.46718300    1.00018121178
  9405.68664900    1.00023974324
  9408.91830700    1.00050814419
  9412.16215700    1.00046379367
  9415.41819800    1.00044891139
  9418.68643200    1.00027992336
  9421.96685700    1.00006448960
  9425.25947400    0.99976939639
  9428.56428400    1.00034714973
  9431.88128500    1.00111230085
  9435.21047800    1.00135318418
  9438.55186300    1.00199707325
  9441.90544000    1.00271426950
  9445.27120900    1.00203996621
  9448.64916900    1.00097153321
  9452.03932200    1.00005130589
  9455.44166600    0.99900133513
  9458.85620300    0.99813922126
  9462.28293100    0.99743139105
  9465.72185100    0.99689733113
  9469.17296400    0.99602877432
  9472.63626800    0.99485601630
  9476.11176400    0.99376510699
  9479.59945100    0.99297731793
  9483.09933100    0.99242431948
  9486.61140300    0.99284595247
  9490.13566600    0.99357472034
  9493.67212200    0.99385663192
  9497.22076900    0.99441153441
  9500.78160900    0.99473144932
  9504.35464000    0.99428383272
  9507.93986300    0.99392806643
  9511.53727800    0.99377563841
  9515.14688500    0.99337916088
  9518.76868400    0.99433049876
  9522.40267500    0.99491119985
  9526.04885700    0.99456412128
  9529.70723200    0.99410439005
  9533.37779900    0.99383117791
  9537.06055700    0.99268807794
  9540.75550700    0.99169363878
  9544.46265000    0.99197057817
  9548.18198400    0.99270129033
  9551.91351000    0.99358640786
  9555.65722800    0.99501646792
  9559.41313800    0.99631634716
  9563.18123900    0.99718011459
  9566.96153300    0.99809820244
  9570.75401900    0.99839547310
  9574.55869600    0.99790323991
  9578.37556500    0.99689800318
  9582.20462700    0.99599629751
  9586.04588000    0.99587755567
  9589.89932500    0.99591869422
  9593.76496200    0.99612396371
  9597.64279100    0.99599541085
  9601.53281200    0.99576429502
  9605.43502500    0.99530479466
  9609.34942900    0.99532021832
  9613.27602600    0.99575581495
  9617.21481400    0.99627543460
  9621.16579500    0.99644397961
  9625.12896700    0.99663943658
  9629.10433100    0.99633529878
  9633.09188800    0.99647462843
  9637.09163600    0.99740623639
  9641.10357500    0.99777806712
  9645.12770700    0.99756905817
  9649.16403100    0.99739989842
  9653.21254700    0.99753353751
  9657.27325400    0.99908039939
  9661.34615400    1.00062057714
  9665.43124500    1.00174609554
  9669.52852900    1.00287580416
  9673.63800400    1.00386083770
  9677.75967100    1.00410646459
  9681.89353000    1.00449604075
  9686.03958100    1.00459894469
  9690.19782400    1.00430624191
  9694.36825800    1.00418939981
  9698.55088500    1.00456500480
  9702.74570400    1.00404485553
  9706.95271400    1.00408784043
  9711.17191600    1.00359172451
  9715.40331100    1.00366878309
  9719.64689700    1.00417497622
  9723.90267500    1.00323263420
  9728.17064500    1.00318018388
  9732.45080700    1.00336480502
  9736.74316100    1.00330729200
  9741.04770700    1.00376246751
  9745.36444400    1.00376496429
  9749.69337400    1.00424222288
  9754.03449500    1.00518477192
  9758.38780900    1.00553482854
  9762.75331400    1.00583948053
  9767.13101100    1.00581895811
  9771.52090000    1.00536448687
  9775.92298100    1.00548240418
  9780.33725400    1.00449737321
  9784.76371900    1.00296953172
  9789.20237600    1.00198446416
  9793.65322400    1.00124400049
  9798.11626500    1.00141569303
  9802.59149700    1.00221281903
  9807.07892200    1.00219715139
  9811.57853800    1.00205587577
  9816.09034600    1.00236281318
  9820.61434600    1.00275912305
  9825.15053800    1.00343466958
  9829.69892200    1.00340685578
  9834.25949800    1.00274791812
  9838.83226600    1.00293938050
  9843.41722600    1.00254784588
  9848.01437700    1.00170645080
  9852.62372100    1.00067345264
  9857.24525600    1.00043436005
  9861.87898300    0.99962877933
  9866.52490200    0.99934177794
  9871.18301300    1.00054899561
  9875.85331600    0.99855610544
  9880.53581100    0.99870715548
  9885.23049800    0.99958207120
  9889.93737700    0.99762781690
  9894.65644800    0.99644528796
  9899.38771000    0.99653012923
  9904.13116500    0.99521670645
  9908.88681100    0.99504350159
  9913.65464900    0.99501229727
  9918.43467900    0.99504015601
  9923.22690100    0.99624999113
  9928.03131500    0.99679803327
  9932.84792100    0.99616921045
  9937.67671900    0.99507559456
