#---------------------------------
#  energy flat
  10182.0000000    0.00194127465
  10187.0000000    0.00179901211
  10192.0000000    0.00149454777
  10197.0000000    0.00138764444
  10202.0000000    0.00112275107
  10207.0000000    0.00067018942
  10212.0000000    0.00099680374
  10217.0000000    0.00072720886
  10222.0000000    0.00046652725
  10227.0000000    0.00024522072
  10232.0000000   -0.00032007903
  10237.0000000   -0.00012735956
  10242.0000000   -0.00017030287
  10247.0000000    0.00001350333
  10252.0000000    0.00050829429
  10257.0000000    0.00036417075
  10262.0000000   -0.00017243025
  10267.0000000   -0.00074370482
  10272.0000000   -0.00058418971
  10277.0000000   -0.00058099953
  10282.0000000   -0.00066733379
  10287.0000000   -0.00035090605
  10292.0000000   -0.00036740341
  10297.0000000   -0.00015656357
  10302.0000000   -0.00035514618
  10307.0000000   -0.00004772966
  10312.0000000    0.00068497688
  10317.0000000    0.00163424635
  10322.0000000    0.00289469647
  10327.0000000    0.00507135176
  10332.0000000    0.00735153803
  10337.0000000    0.00933464815
  10341.0000000    0.01154100968
  10344.0000000    0.01337108317
  10346.0000000    0.01501429998
  10347.0000000    0.01630483422
  10347.2000000    0.01710253635
  10347.4000000    0.01744948199
  10347.6000000    0.01800554651
  10347.8000000    0.01801643272
  10348.0000000    0.01847925079
  10348.2000000    0.01895401851
  10348.4000000    0.01893738135
  10348.6000000    0.01893621996
  10348.8000000    0.01881232979
  10349.0000000    0.01920668224
  10349.2000000    0.01918661690
  10349.4000000    0.01961103937
  10349.6000000    0.02030325155
  10349.8000000    0.02083698394
  10350.0000000    0.02137306708
  10350.2000000    0.02164273179
  10350.4000000    0.02211769541
  10350.6000000    0.02206266264
  10350.8000000    0.02235328821
  10351.0000000    0.02297086405
  10351.2000000    0.02327167621
  10351.4000000    0.02376583762
  10351.6000000    0.02414569378
  10351.8000000    0.02500588670
  10352.0000000    0.02510952962
  10352.2000000    0.02522580783
  10352.4000000    0.02555198851
  10352.6000000    0.02625125294
  10352.8000000    0.02683650595
  10353.0000000    0.02730382963
  10353.2000000    0.02794236633
  10353.4000000    0.02824827178
  10353.6000000    0.02908397772
  10353.8000000    0.02946471540
  10354.0000000    0.03023988950
  10354.2000000    0.03105414483
  10354.4000000    0.03150618863
  10354.6000000    0.03177702871
  10354.8000000    0.03180006047
  10355.0000000    0.03216218804
  10355.2000000    0.03273216117
  10355.4000000    0.03308165346
  10355.6000000    0.03374026950
  10355.8000000    0.03449369915
  10356.0000000    0.03561139724
  10356.2000000    0.03639342770
  10356.4000000    0.03740524405
  10356.6000000    0.03818717656
  10356.8000000    0.03913728570
  10357.0000000    0.04009092097
  10357.2000000    0.04084435063
  10357.4000000    0.04162814414
  10357.6000000    0.04250107030
  10357.8000000    0.04357753231
  10358.0000000    0.04483940979
  10358.2000000    0.04570978930
  10358.4000000    0.04708538436
  10358.6000000    0.04832091384
  10358.8000000    0.04961197981
  10359.0000000    0.05088237877
  10359.2000000    0.05214885980
  10359.4000000    0.05320034508
  10359.6000000    0.05430335098
  10359.8000000    0.05588835877
  10360.0000000    0.05742625359
  10360.2000000    0.05897766522
  10360.4000000    0.06058334002
  10360.6000000    0.06188596386
  10360.8000000    0.06347175522
  10361.0000000    0.06530427749
  10361.2000000    0.06720947714
  10361.4000000    0.06913005461
  10361.6000000    0.07083544043
  10361.8000000    0.07268373232
  10362.0000000    0.07441791484
  10362.2000000    0.07635876754
  10362.4000000    0.07858915439
  10362.6000000    0.08101974687
  10362.8000000    0.08367581553
  10363.0000000    0.08712124676
  10363.2000000    0.08979729681
  10363.4000000    0.09277914037
  10363.6000000    0.09581593273
  10363.8000000    0.09911287486
  10364.0000000    0.10267006471
  10364.2000000    0.10629552427
  10364.4000000    0.11034627386
  10364.6000000    0.11459605369
  10364.8000000    0.11909746181
  10365.0000000    0.12356458815
  10365.2000000    0.12811879023
  10365.4000000    0.13341759265
  10365.6000000    0.13905715600
  10365.8000000    0.14569784539
  10366.0000000    0.15251915082
  10366.2000000    0.16030015029
  10366.4000000    0.16839017557
  10366.6000000    0.17742059915
  10366.8000000    0.18720855222
  10367.0000000    0.19812231907
  10367.2000000    0.21013202558
  10367.4000000    0.22369988814
  10367.6000000    0.23866243163
  10367.8000000    0.25606348739
  10368.0000000    0.27514689722
  10368.2000000    0.29611933129
  10368.4000000    0.31939432587
  10368.6000000    0.34556133175
  10368.8000000    0.37438801638
  10369.0000000    0.40579817625
  10369.2000000    0.43975890086
  10369.4000000    0.47650898730
  10369.6000000    0.51548503896
  10369.8000000    0.55804030477
  10370.0000000    0.60367681732
  10370.2000000    0.65259390070
  10370.4000000    0.70522791306
  10370.6000000    0.76102378333
  10370.8000000    0.82135562336
  10371.0000000    0.88897537888
  10371.2000000    0.95668364587
  10371.4000000    1.00701494775
  10371.6000000    1.05928481672
  10371.8000000    1.12182215895
  10372.0000000    1.18111622919
  10372.2000000    1.23648805193
  10372.4000000    1.28700731731
  10372.6000000    1.33081399336
  10372.8000000    1.36782286509
  10373.0000000    1.39986790974
  10373.2000000    1.42699183238
  10373.4000000    1.44994608944
  10373.6000000    1.46959849947
  10373.8000000    1.48578783995
  10374.0000000    1.49909866398
  10374.2000000    1.51010808065
  10374.4000000    1.51926802150
  10374.6000000    1.52753798451
  10374.8000000    1.53452265142
  10375.0000000    1.54120169738
  10375.2000000    1.54702054087
  10375.4000000    1.55309657186
  10375.6000000    1.55881232619
  10375.8000000    1.56394683297
  10376.0000000    1.56886034459
  10376.2000000    1.57271227135
  10376.4000000    1.57520152104
  10376.6000000    1.57537760644
  10376.8000000    1.57433930742
  10377.0000000    1.57097217189
  10377.2000000    1.56507912831
  10377.4000000    1.55693697731
  10377.6000000    1.54598682764
  10377.8000000    1.53324733778
  10378.0000000    1.51826011098
  10378.2000000    1.50214273312
  10378.4000000    1.48485582893
  10378.6000000    1.46661214110
  10378.8000000    1.44825343403
  10379.0000000    1.42943826093
  10379.2000000    1.41086263966
  10379.4000000    1.39263254972
  10379.6000000    1.37544792681
  10379.8000000    1.35886330348
  10380.0000000    1.34337723451
  10380.2000000    1.32869058662
  10380.4000000    1.31448855472
  10380.6000000    1.30141367724
  10380.8000000    1.28957585148
  10381.0000000    1.27865322017
  10381.2000000    1.26814644445
  10381.4000000    1.25841479710
  10381.6000000    1.24917246574
  10381.8000000    1.23992187452
  10382.0000000    1.23138117751
  10382.2000000    1.22247706087
  10382.4000000    1.21376195070
  10382.6000000    1.20527071626
  10382.8000000    1.19717652929
  10383.0000000    1.18894557314
  10383.2000000    1.18050908809
  10383.4000000    1.17237953758
  10383.6000000    1.16449227572
  10383.8000000    1.15660125697
  10384.0000000    1.14888278736
  10384.2000000    1.14156018802
  10384.4000000    1.13471024984
  10384.6000000    1.12810455797
  10384.8000000    1.12145808354
  10385.0000000    1.11508641466
  10385.2000000    1.10942287280
  10385.4000000    1.10365213891
  10385.6000000    1.09787882120
  10385.8000000    1.09234974817
  10386.0000000    1.08726825952
  10386.2000000    1.08263886067
  10386.4000000    1.07821707326
  10386.6000000    1.07440624662
  10386.8000000    1.07101499027
  10387.0000000    1.06790010402
  10387.2000000    1.06497578519
  10387.4000000    1.06253450611
  10387.6000000    1.06038683515
  10387.8000000    1.05837154981
  10388.0000000    1.05709671064
  10388.2000000    1.05589627130
  10388.4000000    1.05448559487
  10388.6000000    1.05307115524
  10388.8000000    1.05191623630
  10389.0000000    1.05104042743
  10389.2000000    1.05013127437
  10389.4000000    1.04942757400
  10389.6000000    1.04848601357
  10389.8000000    1.04765803011
  10390.0000000    1.04726685157
  10390.2000000    1.04691382958
  10390.4000000    1.04619208802
  10390.6000000    1.04594985598
  10390.8000000    1.04551148816
  10391.0000000    1.04445032301
  10391.2000000    1.04385652105
  10391.4000000    1.04310419458
  10391.6000000    1.04250520957
  10391.8000000    1.04220472470
  10392.0000000    1.04210753432
  10392.2000000    1.04205143626
  10392.4000000    1.04181585154
  10392.6000000    1.04173027684
  10392.8000000    1.04154651175
  10393.0000000    1.04169121728
  10393.2000000    1.04213931853
  10393.4000000    1.04256014293
  10393.6000000    1.04332981039
  10393.8000000    1.04370489566
  10394.0000000    1.04410108963
  10394.2000000    1.04492037042
  10394.4000000    1.04528806254
  10394.6000000    1.04561731023
  10394.8000000    1.04608441950
  10395.0000000    1.04619494888
  10395.2000000    1.04618554031
  10395.4000000    1.04578095987
  10395.6000000    1.04515104897
  10395.8000000    1.04466977266
  10396.0000000    1.04349458245
  10396.2000000    1.04207016171
  10396.4000000    1.03990422379
  10396.6000000    1.03747416679
  10396.8000000    1.03485462680
  10397.0000000    1.03163598516
  10397.2278600    1.02772221097
  10397.4835810    1.02284410676
  10397.7671620    1.01627684426
  10398.0786040    1.00863788969
  10398.4179050    1.00007967708
  10398.7850670    0.99037461427
  10399.1800900    0.98021427525
  10399.6029730    0.97005106589
  10400.0537160    0.95908014895
  10400.5323190    0.94502180553
  10401.0387830    0.93178468498
  10401.5731070    0.92156141041
  10402.1352920    0.91250426615
  10402.7253370    0.90505087974
  10403.3432420    0.89888763368
  10403.9890080    0.89574000671
  10404.6626340    0.89432767132
  10405.3641200    0.89468242620
  10406.0934670    0.89677868735
  10406.8506740    0.90016697208
  10407.6357410    0.90404872560
  10408.4486690    0.90986606479
  10409.2894570    0.91742245625
  10410.1581060    0.92539536892
  10411.0546140    0.93194453902
  10411.9789830    0.94262458538
  10412.9312130    0.95570399222
  10413.9113030    0.97029243665
  10414.9192530    0.98582675401
  10415.9550640    1.00166504120
  10417.0187340    1.01709449897
  10418.1102660    1.03111495328
  10419.2327230    1.04275532062
  10420.3673730    1.05285159875
  10421.5142140    1.06095958080
  10422.6732480    1.06695397254
  10423.8444730    1.07124389085
  10425.0278900    1.07441632179
  10426.2234990    1.07633970709
  10427.4313000    1.07744960757
  10428.6512930    1.07848600661
  10429.8834780    1.07940980978
  10431.1278550    1.08030886311
  10432.3844230    1.08093309402
  10433.6531840    1.08147162378
  10434.9341360    1.08148455810
  10436.2272800    1.08037861126
  10437.5326170    1.07849844708
  10438.8501450    1.07560574733
  10440.1798650    1.07178874735
  10441.5217770    1.06713117789
  10442.8758810    1.06204097697
  10444.2421770    1.05718564415
  10445.6206640    1.05223321867
  10447.0113440    1.04697279844
  10448.4142150    1.04190027882
  10449.8292790    1.03687841285
  10451.2565340    1.03189337284
  10452.6959810    1.02700282767
  10454.1476200    1.02210851348
  10455.6114520    1.01754783634
  10457.0874750    1.01321136656
  10458.5756890    1.00895186244
  10460.0760960    1.00523542828
  10461.5886950    1.00228623950
  10463.1134850    1.00027322722
  10464.6504680    0.99870906580
  10466.1996420    0.99734738496
  10467.7610090    0.99631636047
  10469.3345670    0.99560488939
  10470.9203170    0.99465492158
  10472.5182590    0.99331606558
  10474.1283930    0.99195430952
  10475.7507190    0.99055246683
  10477.3852370    0.98917836755
  10479.0319460    0.98797095098
  10480.6908480    0.98672966263
  10482.3619420    0.98559147791
  10484.0452270    0.98468925572
  10485.7407040    0.98396759429
  10487.4483740    0.98329566897
  10489.1682350    0.98341302149
  10490.9002880    0.98377528551
  10492.6445330    0.98451177896
  10494.4009700    0.98621217211
  10496.1695980    0.98819535664
  10497.9504190    0.99111309352
  10499.7434320    0.99432364300
  10501.5486360    0.99777295013
  10503.3660320    1.00149197291
  10505.1956210    1.00509910944
  10507.0374010    1.00796847521
  10508.8913730    1.01040703529
  10510.7575370    1.01224983908
  10512.6358930    1.01368395717
  10514.5264410    1.01465021521
  10516.4291810    1.01482752219
  10518.3441120    1.01429499976
  10520.2712360    1.01379173570
  10522.2105520    1.01406504456
  10524.1620590    1.01249811627
  10526.1257580    1.01023729504
  10528.1016490    1.00874862416
  10530.0897330    1.00666764142
  10532.0900080    1.00421957871
  10534.1024750    1.00225300133
  10536.1271330    0.99998191648
  10538.1639840    0.99775377791
  10540.2130270    0.99590291245
  10542.2742610    0.99435186918
  10544.3476880    0.99320439339
  10546.4333060    0.99222826777
  10548.5311170    0.99164065181
  10550.6411190    0.99132470125
  10552.7633130    0.99072632443
  10554.8976990    0.99043428253
  10557.0442770    0.99008018411
  10559.2030470    0.98980006476
  10561.3740080    0.98945433014
  10563.5571620    0.98953044105
  10565.7525080    0.98982238395
  10567.9600450    0.99026361810
  10570.1797750    0.99041931048
  10572.4116960    0.99042272416
  10574.6558090    0.99045648014
  10576.9121140    0.99027966772
  10579.1806110    0.98946037231
  10581.4613000    0.98895988532
  10583.7541810    0.98812883658
  10586.0592540    0.98713728276
  10588.3765180    0.98607319514
  10590.7059750    0.98519751338
  10593.0476230    0.98408847688
  10595.4014640    0.98275567921
  10597.7674960    0.98216487898
  10600.1457200    0.98173307372
  10602.5361360    0.98108039978
  10604.9387440    0.98088658872
  10607.3535440    0.98099724123
  10609.7805360    0.98139135725
  10612.2197200    0.98268028272
  10614.6710960    0.98378849782
  10617.1346630    0.98536788747
  10619.6104230    0.98681052211
  10622.0983740    0.98816354449
  10624.5985170    0.98908876210
  10627.1108520    0.98987895778
  10629.6353800    0.99062317574
  10632.1720990    0.99138244287
  10634.7210090    0.99204382296
  10637.2821120    0.99252336530
  10639.8554070    0.99296494150
  10642.4408940    0.99313100713
  10645.0385720    0.99360618741
  10647.6484430    0.99381128181
  10650.2705050    0.99393460632
  10652.9047590    0.99445361127
  10655.5512050    0.99438905926
  10658.2098440    0.99421074853
  10660.8806740    0.99379960941
  10663.5636960    0.99344030598
  10666.2589090    0.99313540710
  10668.9663150    0.99267708172
  10671.6859130    0.99229845591
  10674.4177020    0.99216722045
  10677.1616840    0.99227945353
  10679.9178570    0.99195597620
  10682.6862220    0.99193725958
  10685.4667800    0.99225325422
  10688.2595290    0.99226335460
  10691.0644700    0.99228331139
  10693.8816020    0.99227527830
  10696.7109270    0.99300222414
  10699.5524440    0.99362468462
  10702.4061530    0.99422017807
  10705.2720530    0.99469226187
  10708.1501460    0.99515820852
  10711.0404300    0.99582990452
  10713.9429060    0.99661480704
  10716.8575740    0.99717882849
  10719.7844350    0.99750150453
  10722.7234870    0.99793104280
  10725.6747300    0.99830455212
  10728.6381660    0.99867344518
  10731.6137940    0.99874650878
  10734.6016140    0.99917693798
  10737.6016250    0.99931737039
  10740.6138290    0.99946112915
  10743.6382240    0.99949661730
  10746.6748110    0.99980373445
  10749.7235900    1.00001229025
  10752.7845610    1.00032821940
  10755.8577240    1.00075959699
  10758.9430790    1.00105728213
  10762.0406260    1.00167069420
  10765.1503650    1.00227330441
  10768.2722950    1.00305789994
  10771.4064180    1.00335512470
  10774.5527320    1.00408413988
  10777.7112390    1.00466608505
  10780.8819370    1.00503397331
  10784.0648270    1.00555707308
  10787.2599090    1.00608395783
  10790.4671830    1.00664929870
  10793.6866490    1.00715827606
  10796.9183070    1.00746376278
  10800.1621570    1.00773362899
  10803.4181980    1.00799685182
  10806.6864320    1.00835821608
  10809.9668570    1.00847840929
  10813.2594740    1.00841304092
  10816.5642840    1.00843575039
  10819.8812850    1.00841114498
  10823.2104780    1.00858504195
  10826.5518630    1.00873428207
  10829.9054400    1.00893777563
  10833.2712090    1.00920606339
  10836.6491690    1.00958200772
  10840.0393220    1.00966515580
  10843.4416660    1.00908443956
  10846.8562030    1.00905867933
  10850.2829310    1.00907203787
  10853.7218510    1.00818906684
  10857.1729640    1.00738626135
  10860.6362680    1.00715174900
  10864.1117640    1.00692717987
  10867.5994510    1.00671662205
  10871.0993310    1.00677175487
  10874.6114030    1.00716991222
  10878.1356660    1.00771828790
  10881.6721220    1.00792102434
  10885.2207690    1.00825116803
  10888.7816090    1.00846537335
  10892.3546400    1.00807523249
  10895.9398630    1.00764860849
  10899.5372780    1.00739624869
  10903.1468850    1.00726503073
  10906.7686840    1.00685118104
  10910.4026750    1.00644870995
  10914.0488570    1.00641882363
  10917.7072320    1.00609643105
  10921.3777990    1.00566271662
  10925.0605570    1.00569575344
  10928.7555070    1.00583253379
  10932.4626500    1.00599488667
  10936.1819840    1.00580473069
  10939.9135100    1.00572751536
  10943.6572280    1.00544687530
  10947.4131380    1.00444879155
  10951.1812390    1.00380992610
  10954.9615330    1.00281097172
  10958.7540190    1.00202730511
  10962.5586960    1.00187720098
  10966.3755650    1.00189133564
  10970.2046270    1.00175671741
  10974.0458800    1.00166969344
  10977.8993250    1.00159389255
  10981.7649620    1.00118696303
  10985.6427910    1.00092521072
  10989.5328120    1.00019772810
  10993.4350250    0.99948319006
  10997.3494290    0.99948144806
  11001.2760260    0.99873398063
  11005.2148140    0.99823019448
  11009.1657950    0.99804055673
  11013.1289670    0.99808333712
  11017.1043310    0.99817749570
  11021.0918880    0.99845445820
  11025.0916360    0.99882058044
  11029.1035750    0.99930623158
  11033.1277070    0.99987871401
  11037.1640310    1.00032845165
  11041.2125470    1.00069702015
  11045.2732540    1.00088496519
  11049.3461540    1.00067863769
  11053.4312450    0.99996588067
  11057.5285290    0.99922458847
  11061.6380040    0.99852344770
  11065.7596710    0.99755543103
  11069.8935300    0.99706157192
  11074.0395810    0.99676073628
  11078.1978240    0.99609814154
  11082.3682580    0.99569361589
  11086.5508850    0.99529722651
  11090.7457040    0.99504811116
  11094.9527140    0.99491558589
  11099.1719160    0.99460766032
  11103.4033110    0.99449155466
  11107.6468970    0.99434016449
  11111.9026750    0.99442966159
  11116.1706450    0.99474553129
  11120.4508070    0.99426951122
  11124.7431610    0.99413136109
  11129.0477070    0.99410898683
  11133.3644440    0.99410510557
  11137.6933740    0.99401795129
  11142.0344950    0.99451585380
  11146.3878090    0.99513998071
  11150.7533140    0.99540821814
  11155.1310110    0.99554252695
  11159.5209000    0.99489786151
  11163.9229810    0.99687484706
  11168.3372540    0.99653543678
  11172.7637190    0.99597976183
  11177.2023760    0.99749173412
  11181.6532240    0.99742631178
  11186.1162650    0.99710209266
  11190.5914970    0.99683785737
  11195.0789220    0.99610418692
  11199.5785380    0.99580977093
  11204.0903460    0.99577924295
  11208.6143460    0.99573285951
  11213.1505380    0.99588515817
  11217.6989220    0.99611279228
  11222.2594980    0.99635572648
  11226.8322660    0.99687640757
  11231.4172260    0.99694334493
  11236.0143770    0.99701535134
  11240.6237210    0.99729288986
  11245.2452560    0.99778115948
  11249.8789830    0.99822015457
  11254.5249020    0.99848978201
  11259.1830130    0.99928550597
  11263.8533160    0.99968355852
  11268.5358110    1.00014226149
  11273.2304980    1.00111038283
  11277.9373770    1.00193364626
  11282.6564480    1.00302369181
  11287.3877100    1.00388638492
  11292.1311650    1.00472267513
  11296.8868110    1.00530416079
  11301.6546490    1.00646424291
  11306.4346790    1.00798186653
  11311.2269010    1.00902600810
  11316.0313150    1.00960119239
  11320.8479210    1.01157437963
  11325.6767190    1.01386513417
