#---------------------------------
#  energy flat
  8794.00000000    0.00454987856
  8799.00000000    0.00362709400
  8804.00000000    0.00254605991
  8809.00000000    0.00087302087
  8814.00000000   -0.00069327626
  8819.00000000   -0.00196037666
  8824.00000000   -0.00286745605
  8829.00000000   -0.00287108903
  8834.00000000   -0.00280923945
  8839.00000000   -0.00208031954
  8844.00000000   -0.00132038858
  8849.00000000   -0.00032621106
  8854.00000000    0.00098792598
  8859.00000000    0.00193512110
  8864.00000000    0.00233689438
  8869.00000000    0.00221227837
  8874.00000000    0.00189946654
  8879.00000000    0.00206699327
  8884.00000000    0.00300593652
  8889.00000000    0.00228904936
  8894.00000000    0.00216576430
  8899.00000000    0.00060452476
  8904.00000000   -0.00109326989
  8909.00000000   -0.00196893894
  8914.00000000   -0.00281798907
  8919.00000000   -0.00263329314
  8924.00000000   -0.00158321587
  8929.00000000   -0.00045660918
  8934.00000000    0.00081586924
  8939.00000000    0.00189948636
  8944.00000000    0.00302928732
  8949.00000000    0.00438761178
  8953.00000000    0.00574019443
  8956.00000000    0.00766546458
  8958.00000000    0.00852968554
  8959.00000000    0.00932348070
  8959.20000000    0.00981061083
  8959.40000000    0.00997871310
  8959.60000000    0.01008665660
  8959.80000000    0.01023133422
  8960.00000000    0.01040862002
  8960.20000000    0.01041381446
  8960.40000000    0.01067947511
  8960.60000000    0.01094606742
  8960.80000000    0.01149295703
  8961.00000000    0.01167050903
  8961.20000000    0.01203465971
  8961.40000000    0.01180946733
  8961.60000000    0.01173826544
  8961.80000000    0.01196772434
  8962.00000000    0.01164523978
  8962.20000000    0.01205091599
  8962.40000000    0.01296221873
  8962.60000000    0.01251781947
  8962.80000000    0.01338213981
  8963.00000000    0.01345428085
  8963.20000000    0.01353307662
  8963.40000000    0.01381351077
  8963.60000000    0.01416940958
  8963.80000000    0.01454274379
  8964.00000000    0.01495933376
  8964.20000000    0.01476581790
  8964.40000000    0.01507433502
  8964.60000000    0.01510814480
  8964.80000000    0.01517602682
  8965.00000000    0.01507953695
  8965.20000000    0.01532523340
  8965.40000000    0.01524045586
  8965.60000000    0.01543570944
  8965.80000000    0.01570962196
  8966.00000000    0.01606938051
  8966.20000000    0.01673592221
  8966.40000000    0.01756883221
  8966.60000000    0.01768662471
  8966.80000000    0.01819398522
  8967.00000000    0.01841412750
  8967.20000000    0.01847282598
  8967.40000000    0.01842664589
  8967.60000000    0.01865796812
  8967.80000000    0.01890246672
  8968.00000000    0.01892709297
  8968.20000000    0.01964407754
  8968.40000000    0.02042295111
  8968.60000000    0.02108643163
  8968.80000000    0.02127290097
  8969.00000000    0.02139628345
  8969.20000000    0.02198549716
  8969.40000000    0.02219818614
  8969.60000000    0.02274041744
  8969.80000000    0.02302763942
  8970.00000000    0.02339085844
  8970.20000000    0.02408747953
  8970.40000000    0.02445216258
  8970.60000000    0.02488592176
  8970.80000000    0.02494714904
  8971.00000000    0.02513534860
  8971.20000000    0.02593937706
  8971.40000000    0.02664052337
  8971.60000000    0.02743776400
  8971.80000000    0.02768998209
  8972.00000000    0.02837728655
  8972.20000000    0.02927887338
  8972.40000000    0.03034949041
  8972.60000000    0.03064003975
  8972.80000000    0.03149730606
  8973.00000000    0.03221602086
  8973.20000000    0.03303721853
  8973.40000000    0.03412859832
  8973.60000000    0.03532645381
  8973.80000000    0.03681498800
  8974.00000000    0.03790956206
  8974.20000000    0.03883350879
  8974.40000000    0.03993899661
  8974.60000000    0.04098272851
  8974.80000000    0.04232539098
  8975.00000000    0.04389098696
  8975.20000000    0.04540720483
  8975.40000000    0.04730806621
  8975.60000000    0.04938487871
  8975.80000000    0.05178457879
  8976.00000000    0.05442238519
  8976.20000000    0.05748130302
  8976.40000000    0.06113382294
  8976.60000000    0.06469530613
  8976.80000000    0.06843021164
  8977.00000000    0.07292828180
  8977.20000000    0.07767830012
  8977.40000000    0.08306597485
  8977.60000000    0.09001964110
  8977.80000000    0.09782923897
  8978.00000000    0.10709688862
  8978.20000000    0.11764810296
  8978.40000000    0.13153426967
  8978.60000000    0.14776143799
  8978.80000000    0.16784528965
  8979.00000000    0.19207557170
  8979.20000000    0.22186162326
  8979.40000000    0.25825036676
  8979.60000000    0.30203997076
  8979.80000000    0.35294374939
  8980.00000000    0.41180845076
  8980.20000000    0.47577293940
  8980.40000000    0.54156067249
  8980.60000000    0.60428128603
  8980.80000000    0.65954704897
  8981.00000000    0.70167495318
  8981.20000000    0.72731380864
  8981.40000000    0.73357013776
  8981.60000000    0.72224511016
  8981.80000000    0.69633441987
  8982.00000000    0.66066141646
  8982.20000000    0.62003653937
  8982.40000000    0.57942727965
  8982.60000000    0.54297061786
  8982.80000000    0.51239705037
  8983.00000000    0.48820980787
  8983.20000000    0.47187333057
  8983.40000000    0.46222530285
  8983.60000000    0.45892273972
  8983.80000000    0.46118663811
  8984.00000000    0.46757092466
  8984.20000000    0.47742303624
  8984.40000000    0.48939365925
  8984.60000000    0.50272934484
  8984.80000000    0.51601489759
  8985.00000000    0.52859136579
  8985.20000000    0.54023754607
  8985.40000000    0.55076950150
  8985.60000000    0.56030182642
  8985.80000000    0.56949852989
  8986.00000000    0.57843707284
  8986.20000000    0.58756425388
  8986.40000000    0.59818346866
  8986.60000000    0.60926948907
  8986.80000000    0.62173574348
  8987.00000000    0.63646771042
  8987.20000000    0.65287444955
  8987.40000000    0.67117583309
  8987.60000000    0.69148951660
  8987.80000000    0.71272439008
  8988.00000000    0.73596983305
  8988.20000000    0.75954712269
  8988.40000000    0.78438645732
  8988.60000000    0.80873537971
  8988.80000000    0.83381543231
  8989.00000000    0.85804598310
  8989.20000000    0.88292700851
  8989.40000000    0.90754441444
  8989.60000000    0.93213297974
  8989.80000000    0.95585766848
  8990.00000000    0.97918564275
  8990.20000000    1.00175515118
  8990.40000000    1.02249611278
  8990.60000000    1.04180461704
  8990.80000000    1.05851209292
  8991.00000000    1.07305535692
  8991.20000000    1.08476015146
  8991.40000000    1.09299773733
  8991.60000000    1.09873518009
  8991.80000000    1.10162190830
  8992.00000000    1.10287573781
  8992.20000000    1.10233429304
  8992.40000000    1.10049667874
  8992.60000000    1.09832516905
  8992.80000000    1.09517345629
  8993.00000000    1.09286280735
  8993.20000000    1.09085019599
  8993.40000000    1.08949497762
  8993.60000000    1.08982943413
  8993.80000000    1.09213279796
  8994.00000000    1.09606940430
  8994.20000000    1.10283683861
  8994.40000000    1.11277103160
  8994.60000000    1.12380528963
  8994.80000000    1.13327000029
  8995.00000000    1.14844464164
  8995.20000000    1.16454392892
  8995.40000000    1.18108046945
  8995.60000000    1.19767547574
  8995.80000000    1.21401191626
  8996.00000000    1.22905058794
  8996.20000000    1.24206825440
  8996.40000000    1.25311788717
  8996.60000000    1.26232512747
  8996.80000000    1.26870960007
  8997.00000000    1.27290776343
  8997.20000000    1.27433346861
  8997.40000000    1.27252727282
  8997.60000000    1.26810833219
  8997.80000000    1.26087354417
  8998.00000000    1.25026710544
  8998.20000000    1.23807700925
  8998.40000000    1.22394283521
  8998.60000000    1.20849199131
  8998.80000000    1.19264442758
  8999.00000000    1.17626438737
  8999.20000000    1.16068734217
  8999.40000000    1.14656279369
  8999.60000000    1.13302456191
  8999.80000000    1.11951790824
  9000.00000000    1.10377489991
  9000.20000000    1.09395184248
  9000.40000000    1.08551792811
  9000.60000000    1.07788461219
  9000.80000000    1.07202401787
  9001.00000000    1.06662303330
  9001.20000000    1.06211820877
  9001.40000000    1.05926791742
  9001.60000000    1.05793933067
  9001.80000000    1.05698224455
  9002.00000000    1.05585043853
  9002.20000000    1.05427213323
  9002.40000000    1.05192390856
  9002.60000000    1.04959128897
  9002.80000000    1.04697694091
  9003.00000000    1.04361316970
  9003.20000000    1.04136223540
  9003.40000000    1.03827935904
  9003.60000000    1.03567392554
  9003.80000000    1.03336758798
  9004.00000000    1.03095281045
  9004.20000000    1.02853260808
  9004.40000000    1.02572233724
  9004.60000000    1.02266334432
  9004.80000000    1.01976449593
  9005.00000000    1.01724380097
  9005.20000000    1.01520667027
  9005.40000000    1.01309410624
  9005.60000000    1.01122926252
  9005.80000000    1.00970424052
  9006.00000000    1.00752535549
  9006.20000000    1.00525293580
  9006.40000000    1.00335574060
  9006.60000000    1.00097610794
  9006.80000000    0.99928660147
  9007.00000000    0.99640712620
  9007.20000000    0.99443658447
  9007.40000000    0.99229824051
  9007.60000000    0.99018667858
  9007.80000000    0.98810163239
  9008.00000000    0.98600237483
  9008.20000000    0.98403690703
  9008.40000000    0.98139574727
  9008.60000000    0.97976866499
  9008.80000000    0.97787103058
  9009.00000000    0.97621658926
  9009.22786000    0.97434244848
  9009.48358100    0.97341219623
  9009.76716200    0.97221795419
  9010.07860400    0.97170798172
  9010.41790500    0.97241343582
  9010.78506700    0.97468845742
  9011.18009000    0.97861968096
  9011.60297300    0.98506703207
  9012.05371600    0.99448769862
  9012.53231900    1.00857931943
  9013.03878300    1.02914894357
  9013.57310700    1.05317602469
  9014.13529200    1.07308951479
  9014.72533700    1.08394087574
  9015.34324200    1.09788343814
  9015.98900800    1.10319548988
  9016.66263400    1.10105087127
  9017.36412000    1.09190684692
  9018.09346700    1.07294815614
  9018.85067400    1.04483757991
  9019.63574100    1.01999069361
  9020.44866900    0.99476840410
  9021.28945700    0.97133109613
  9022.15810600    0.95094076845
  9023.05461400    0.93337303294
  9023.97898300    0.92080106636
  9024.93121300    0.91331911861
  9025.91130300    0.91028996061
  9026.91925300    0.91091771883
  9027.95506400    0.91388851959
  9029.01873400    0.91804688495
  9030.11026600    0.92297680564
  9031.23272300    0.92857802917
  9032.36737300    0.93494587519
  9033.51421400    0.94364248018
  9034.67324800    0.95460195839
  9035.84447300    0.96767884275
  9037.02789000    0.98172891748
  9038.22349900    0.99564310633
  9039.43130000    1.00593712627
  9040.65129300    1.01413877236
  9041.88347800    1.01736907625
  9043.12785500    1.02098363502
  9044.38442300    1.02491763575
  9045.65318400    1.02863217580
  9046.93413600    1.03231745376
  9048.22728000    1.03669816966
  9049.53261700    1.04113906242
  9050.85014500    1.04461224821
  9052.17986500    1.04654422161
  9053.52177700    1.04683556228
  9054.87588100    1.04557105265
  9056.24217700    1.04252270246
  9057.62066400    1.03858530972
  9059.01134400    1.03435553363
  9060.41421500    1.02973715095
  9061.82927900    1.02520783354
  9063.25653400    1.02111482861
  9064.69598100    1.01729056646
  9066.14762000    1.01448955864
  9067.61145200    1.01283171881
  9069.08747500    1.01211940259
  9070.57568900    1.01261254012
  9072.07609600    1.01358535775
  9073.58869500    1.01448644146
  9075.11348500    1.01505851563
  9076.65046800    1.01487979260
  9078.19964200    1.01359237777
  9079.76100900    1.01181102288
  9081.33456700    1.00976637605
  9082.92031700    1.00805854896
  9084.51825900    1.00797468894
  9086.12839300    1.00833702962
  9087.75071900    1.00904081260
  9089.38523700    1.00981198201
  9091.03194600    1.00977995279
  9092.69084800    1.00896293858
  9094.36194200    1.00702672340
  9096.04522700    1.00413885686
  9097.74070400    1.00037904073
  9099.44837400    0.99611951759
  9101.16823500    0.99192632055
  9102.90028800    0.98758314504
  9104.64453300    0.98354049120
  9106.40097000    0.98012933880
  9108.16959800    0.97751722793
  9109.95041900    0.97574099226
  9111.74343200    0.97531794154
  9113.54863600    0.97536283265
  9115.36603200    0.97636421975
  9117.19562100    0.97726249854
  9119.03740100    0.97864205393
  9120.89137300    0.98077555559
  9122.75753700    0.98298963667
  9124.63589300    0.98590806892
  9126.52644100    0.98927007531
  9128.42918100    0.99258382463
  9130.34411200    0.99643501995
  9132.27123600    0.99961603943
  9134.21055200    1.00242163738
  9136.16205900    1.00518862400
  9138.12575800    1.00702800198
  9140.10164900    1.00835456899
  9142.08973300    1.00909120089
  9144.09000800    1.00919697890
  9146.10247500    1.00855937143
  9148.12713300    1.00783726507
  9150.16398400    1.00719069971
  9152.21302700    1.00641477326
  9154.27426100    1.00542223695
  9156.34768800    1.00422884928
  9158.43330600    1.00373279142
  9160.53111700    1.00241177551
  9162.64111900    1.00059273570
  9164.76331300    0.99949779263
  9166.89769900    0.99819985410
  9169.04427700    0.99666249473
  9171.20304700    0.99665085564
  9173.37400800    0.99596705127
  9175.55716200    0.99505272081
  9177.75250800    0.99559553838
  9179.96004500    0.99577400217
  9182.17977500    0.99578538173
  9184.41169600    0.99612854361
  9186.65580900    0.99613670335
  9188.91211400    0.99628130091
  9191.18061100    0.99604647742
  9193.46130000    0.99599896298
  9195.75418100    0.99621117140
  9198.05925400    0.99616803388
  9200.37651800    0.99667983697
  9202.70597500    0.99749396507
  9205.04762300    0.99810785518
  9207.40146400    0.99814963306
  9209.76749600    0.99774546882
  9212.14572000    0.99644389344
  9214.53613600    0.99504985011
  9216.93874400    0.99387742589
  9219.35354400    0.99267851306
  9221.78053600    0.99117146097
  9224.21972000    0.98990698974
  9226.67109600    0.98937991660
  9229.13466300    0.98920556806
  9231.61042300    0.98909934932
  9234.09837400    0.98957337401
  9236.59851700    0.99038297111
  9239.11085200    0.99119509338
  9241.63538000    0.99197721623
  9244.17209900    0.99306229503
  9246.72100900    0.99448195209
  9249.28211200    0.99608226908
  9251.85540700    0.99822041300
  9254.44089400    1.00063731766
  9257.03857200    1.00271269646
  9259.64844300    1.00485667296
  9262.27050500    1.00611249243
  9264.90475900    1.00602622310
  9267.55120500    1.00540487025
  9270.20984400    1.00437159381
  9272.88067400    1.00353588336
  9275.56369600    1.00269906926
  9278.25890900    1.00227604828
  9280.96631500    1.00203593343
  9283.68591300    1.00165866615
  9286.41770200    1.00108079087
  9289.16168400    1.00071984762
  9291.91785700    1.00055150562
  9294.68622200    1.00026367501
  9297.46678000    0.99997362585
  9300.25952900    1.00000545896
  9303.06447000    0.99992569204
  9305.88160200    1.00021307340
  9308.71092700    1.00045008365
  9311.55244400    1.00059213626
  9314.40615300    1.00117945749
  9317.27205300    1.00184083984
  9320.15014600    1.00208900886
  9323.04043000    1.00226400979
  9325.94290600    1.00182026773
  9328.85757400    1.00167651338
  9331.78443500    1.00185255122
  9334.72348700    1.00215576849
  9337.67473000    1.00229824991
  9340.63816600    1.00230670940
  9343.61379400    1.00222063966
  9346.60161400    1.00274580029
  9349.60162500    1.00371591320
  9352.61382900    1.00374314950
  9355.63822400    1.00159780026
  9358.67481100    1.00055486944
  9361.72359000    1.00094131334
  9364.78456100    1.00021829133
  9367.85772400    0.99888018648
  9370.94307900    0.99901398927
  9374.04062600    0.99918660011
  9377.15036500    0.99955326776
  9380.27229500    1.00013907312
  9383.40641800    1.00042100541
  9386.55273200    1.00095305937
  9389.71123900    1.00146403341
  9392.88193700    1.00200029356
  9396.06482700    1.00308733867
  9399.25990900    1.00456230101
  9402.46718300    1.00590561643
  9405.68664900    1.00577173274
  9408.91830700    1.00553821135
  9412.16215700    1.00566612135
  9415.41819800    1.00570749449
  9418.68643200    1.00601105946
  9421.96685700    1.00624836360
  9425.25947400    1.00643033805
  9428.56428400    1.00615345487
  9431.88128500    1.00596262110
  9435.21047800    1.00558234112
  9438.55186300    1.00544464979
  9441.90544000    1.00536481916
  9445.27120900    1.00538012099
  9448.64916900    1.00540724287
  9452.03932200    1.00553375879
  9455.44166600    1.00519268802
  9458.85620300    1.00486635930
  9462.28293100    1.00455290796
  9465.72185100    1.00336272116
  9469.17296400    1.00281892396
  9472.63626800    1.00229915922
  9476.11176400    1.00152391488
  9479.59945100    1.00103886751
  9483.09933100    1.00057727739
  9486.61140300    0.99968447891
  9490.13566600    0.99895033182
  9493.67212200    0.99900089127
  9497.22076900    0.99861087159
  9500.78160900    0.99780101123
  9504.35464000    0.99680101303
  9507.93986300    0.99630214595
  9511.53727800    0.99531389596
  9515.14688500    0.99431245120
  9518.76868400    0.99372235840
  9522.40267500    0.99327633774
  9526.04885700    0.99369999670
  9529.70723200    0.99421629863
  9533.37779900    0.99475867094
  9537.06055700    0.99485726413
  9540.75550700    0.99464514377
  9544.46265000    0.99426282872
  9548.18198400    0.99378296489
  9551.91351000    0.99361838307
  9555.65722800    0.99389336686
  9559.41313800    0.99409760506
  9563.18123900    0.99422947642
  9566.96153300    0.99496347581
  9570.75401900    0.99530935637
  9574.55869600    0.99607098786
  9578.37556500    0.99724036012
  9582.20462700    0.99816927886
  9586.04588000    0.99948460302
  9589.89932500    1.00059457297
  9593.76496200    1.00122499612
  9597.64279100    1.00170992401
  9601.53281200    1.00177596591
  9605.43502500    1.00157696674
  9609.34942900    1.00147094238
  9613.27602600    1.00069791041
  9617.21481400    0.99975723943
  9621.16579500    0.99911954464
  9625.12896700    0.99842387583
  9629.10433100    0.99818557503
  9633.09188800    0.99831573747
  9637.09163600    0.99825670750
  9641.10357500    0.99832659165
  9645.12770700    0.99882699235
  9649.16403100    0.99939724197
  9653.21254700    0.99998838233
  9657.27325400    1.00109768124
  9661.34615400    1.00201337313
  9665.43124500    1.00298970484
  9669.52852900    1.00422555260
  9673.63800400    1.00494874607
  9677.75967100    1.00437966055
  9681.89353000    1.00444981574
  9686.03958100    1.00361829719
  9690.19782400    1.00272366146
  9694.36825800    1.00161371583
  9698.55088500    1.00074530841
  9702.74570400    0.99937584976
  9706.95271400    0.99846663392
  9711.17191600    0.99881578306
  9715.40331100    0.99921755269
  9719.64689700    0.99971517063
  9723.90267500    1.00006917252
  9728.17064500    1.00025172323
  9732.45080700    1.00061404820
  9736.74316100    1.00095530349
  9741.04770700    1.00151067072
  9745.36444400    1.00163106027
  9749.69337400    1.00129186461
  9754.03449500    1.00086830837
  9758.38780900    1.00042736953
  9762.75331400    0.99969106107
  9767.13101100    0.99882833069
  9771.52090000    0.99849579574
  9775.92298100    0.99866544399
  9780.33725400    0.99850005722
  9784.76371900    0.99826391815
  9789.20237600    0.99899912446
  9793.65322400    0.99850639916
  9798.11626500    0.99868259029
  9802.59149700    0.99920161788
  9807.07892200    0.99915125599
  9811.57853800    0.99961917804
  9816.09034600    0.99996709143
  9820.61434600    1.00011704575
  9825.15053800    1.00036217031
  9829.69892200    1.00016669323
  9834.25949800    1.00052278159
  9838.83226600    1.00028378431
  9843.41722600    0.99995157350
  9848.01437700    1.00021862820
  9852.62372100    1.00084417518
  9857.24525600    1.00174052217
  9861.87898300    1.00203579122
  9866.52490200    1.00282792149
  9871.18301300    1.00324985767
  9875.85331600    1.00278885736
  9880.53581100    1.00127078625
  9885.23049800    1.00006915004
  9889.93737700    0.99918872518
  9894.65644800    0.99857148363
  9899.38771000    0.99803643655
  9904.13116500    0.99783223511
  9908.88681100    0.99818572861
  9913.65464900    0.99886167290
  9918.43467900    0.99904641447
  9923.22690100    0.99991315472
  9928.03131500    1.00101295608
  9932.84792100    1.00143426282
  9937.67671900    1.00196835117
