#---------------------------------
#  energy flat
  10182.0000000    0.00267150974
  10187.0000000    0.00242253664
  10192.0000000    0.00234601733
  10197.0000000    0.00187600776
  10202.0000000    0.00146285866
  10207.0000000    0.00142447627
  10212.0000000    0.00081068952
  10217.0000000    0.00044050605
  10222.0000000   -0.00012726018
  10227.0000000   -0.00062328564
  10232.0000000   -0.00072720047
  10237.0000000   -0.00059086254
  10242.0000000   -0.00028758935
  10247.0000000    0.00040158614
  10252.0000000    0.00071225021
  10257.0000000    0.00044701719
  10262.0000000    0.00072457013
  10267.0000000    0.00048919625
  10272.0000000    0.00052649643
  10277.0000000    0.00013916613
  10282.0000000    0.00001396558
  10287.0000000   -0.00026555647
  10292.0000000   -0.00054892178
  10297.0000000   -0.00042066454
  10302.0000000   -0.00051245833
  10307.0000000   -0.00022968250
  10312.0000000   -0.00008309589
  10317.0000000    0.00052182361
  10322.0000000    0.00146770887
  10327.0000000    0.00282373850
  10332.0000000    0.00449235293
  10337.0000000    0.00664728703
  10341.0000000    0.00941090397
  10344.0000000    0.01222750839
  10346.0000000    0.01462408419
  10347.0000000    0.01627612264
  10347.2000000    0.01739682196
  10347.4000000    0.01772719023
  10347.6000000    0.01811599570
  10347.8000000    0.01847691292
  10348.0000000    0.01861856748
  10348.2000000    0.01872987018
  10348.4000000    0.01869650878
  10348.6000000    0.01894025598
  10348.8000000    0.01935300789
  10349.0000000    0.01993239942
  10349.2000000    0.02053110578
  10349.4000000    0.02109009849
  10349.6000000    0.02139395815
  10349.8000000    0.02183380994
  10350.0000000    0.02175570911
  10350.2000000    0.02223921634
  10350.4000000    0.02282708274
  10350.6000000    0.02336833735
  10350.8000000    0.02374640141
  10351.0000000    0.02397881593
  10351.2000000    0.02431795471
  10351.4000000    0.02461432495
  10351.6000000    0.02496637312
  10351.8000000    0.02511945891
  10352.0000000    0.02545455734
  10352.2000000    0.02597097860
  10352.4000000    0.02660072664
  10352.6000000    0.02726742906
  10352.8000000    0.02761297327
  10353.0000000    0.02806632572
  10353.2000000    0.02845789045
  10353.4000000    0.02853351984
  10353.6000000    0.02860875506
  10353.8000000    0.02908644813
  10354.0000000    0.02980754741
  10354.2000000    0.03016708500
  10354.4000000    0.03089518097
  10354.6000000    0.03143525304
  10354.8000000    0.03172354259
  10355.0000000    0.03233525689
  10355.2000000    0.03306808302
  10355.4000000    0.03376602421
  10355.6000000    0.03457955871
  10355.8000000    0.03552494644
  10356.0000000    0.03623067269
  10356.2000000    0.03690190818
  10356.4000000    0.03765611858
  10356.6000000    0.03837771058
  10356.8000000    0.03903396722
  10357.0000000    0.03973860948
  10357.2000000    0.04023226684
  10357.4000000    0.04115203287
  10357.6000000    0.04224228179
  10357.8000000    0.04301629973
  10358.0000000    0.04409462470
  10358.2000000    0.04494481794
  10358.4000000    0.04583876518
  10358.6000000    0.04685500678
  10358.8000000    0.04778255787
  10359.0000000    0.04899914150
  10359.2000000    0.05041419479
  10359.4000000    0.05162870897
  10359.6000000    0.05275187192
  10359.8000000    0.05392381466
  10360.0000000    0.05528299293
  10360.2000000    0.05683295435
  10360.4000000    0.05816818618
  10360.6000000    0.05987926872
  10360.8000000    0.06157389423
  10361.0000000    0.06342924667
  10361.2000000    0.06503005733
  10361.4000000    0.06688866175
  10361.6000000    0.06844591551
  10361.8000000    0.07033999615
  10362.0000000    0.07251621117
  10362.2000000    0.07465882234
  10362.4000000    0.07685563327
  10362.6000000    0.07927495886
  10362.8000000    0.08160667792
  10363.0000000    0.08414061136
  10363.2000000    0.08672017115
  10363.4000000    0.08990676825
  10363.6000000    0.09276363372
  10363.8000000    0.09600975202
  10364.0000000    0.09940477184
  10364.2000000    0.10282758135
  10364.4000000    0.10673877998
  10364.6000000    0.11097093974
  10364.8000000    0.11555263868
  10365.0000000    0.12002869735
  10365.2000000    0.12520186350
  10365.4000000    0.13051131740
  10365.6000000    0.13622815642
  10365.8000000    0.14244777212
  10366.0000000    0.14846606034
  10366.2000000    0.15562451444
  10366.4000000    0.16355536440
  10366.6000000    0.17206408235
  10366.8000000    0.18187182074
  10367.0000000    0.19239391197
  10367.2000000    0.20411450773
  10367.4000000    0.21709027139
  10367.6000000    0.23158757015
  10367.8000000    0.24780073479
  10368.0000000    0.26612966098
  10368.2000000    0.28632207348
  10368.4000000    0.30960998212
  10368.6000000    0.33477921372
  10368.8000000    0.36255141346
  10369.0000000    0.39249524978
  10369.2000000    0.42525648819
  10369.4000000    0.46087750306
  10369.6000000    0.49909271556
  10369.8000000    0.54074557251
  10370.0000000    0.58574334303
  10370.2000000    0.63404375133
  10370.4000000    0.68590695624
  10370.6000000    0.74174743813
  10370.8000000    0.80032175594
  10371.0000000    0.86681830492
  10371.2000000    0.93587894570
  10371.4000000    0.99459214059
  10371.6000000    1.04005573841
  10371.8000000    1.10514514574
  10372.0000000    1.16588475327
  10372.2000000    1.22275802261
  10372.4000000    1.27486070444
  10372.6000000    1.32121956778
  10372.8000000    1.36026873216
  10373.0000000    1.39421915325
  10373.2000000    1.42376360231
  10373.4000000    1.44846158284
  10373.6000000    1.46919645214
  10373.8000000    1.48656480145
  10374.0000000    1.50116381336
  10374.2000000    1.51309636859
  10374.4000000    1.52314471722
  10374.6000000    1.53183784869
  10374.8000000    1.53931589371
  10375.0000000    1.54624915523
  10375.2000000    1.55264571374
  10375.4000000    1.55908599905
  10375.6000000    1.56488571437
  10375.8000000    1.57037439395
  10376.0000000    1.57491780175
  10376.2000000    1.57908966662
  10376.4000000    1.58192917438
  10376.6000000    1.58293827822
  10376.8000000    1.58183297119
  10377.0000000    1.57865247387
  10377.2000000    1.57270874468
  10377.4000000    1.56443025711
  10377.6000000    1.55395832451
  10377.8000000    1.54140804715
  10378.0000000    1.52652557276
  10378.2000000    1.51043431433
  10378.4000000    1.49270284153
  10378.6000000    1.47427107649
  10378.8000000    1.45532605735
  10379.0000000    1.43620658162
  10379.2000000    1.41720729870
  10379.4000000    1.39865478649
  10379.6000000    1.38105339810
  10379.8000000    1.36363113165
  10380.0000000    1.34711426359
  10380.2000000    1.33171998699
  10380.4000000    1.31734719432
  10380.6000000    1.30432502569
  10380.8000000    1.29185270398
  10381.0000000    1.28032302949
  10381.2000000    1.26993328899
  10381.4000000    1.26039001517
  10381.6000000    1.25058437921
  10381.8000000    1.24151070009
  10382.0000000    1.23244270077
  10382.2000000    1.22353056362
  10382.4000000    1.21510303450
  10382.6000000    1.20648527690
  10382.8000000    1.19832335171
  10383.0000000    1.18988763133
  10383.2000000    1.18142546354
  10383.4000000    1.17307678194
  10383.6000000    1.16446632683
  10383.8000000    1.15640807990
  10384.0000000    1.14808746764
  10384.2000000    1.14044342684
  10384.4000000    1.13298007864
  10384.6000000    1.12609889522
  10384.8000000    1.11964791989
  10385.0000000    1.11304080949
  10385.2000000    1.10692342790
  10385.4000000    1.10094712248
  10385.6000000    1.09526739708
  10385.8000000    1.08963907139
  10386.0000000    1.08472180556
  10386.2000000    1.08007825648
  10386.4000000    1.07563648603
  10386.6000000    1.07150804697
  10386.8000000    1.06779700255
  10387.0000000    1.06417894229
  10387.2000000    1.06109455927
  10387.4000000    1.05877917872
  10387.6000000    1.05638629867
  10387.8000000    1.05427107517
  10388.0000000    1.05283379774
  10388.2000000    1.05174079272
  10388.4000000    1.05085370269
  10388.6000000    1.04972296491
  10388.8000000    1.04910244863
  10389.0000000    1.04846947073
  10389.2000000    1.04753529407
  10389.4000000    1.04696765952
  10389.6000000    1.04600008353
  10389.8000000    1.04525832679
  10390.0000000    1.04459319183
  10390.2000000    1.04403739544
  10390.4000000    1.04346263161
  10390.6000000    1.04269782607
  10390.8000000    1.04224260167
  10391.0000000    1.04155417228
  10391.2000000    1.04139606444
  10391.4000000    1.04116104348
  10391.6000000    1.04107733937
  10391.8000000    1.04085089353
  10392.0000000    1.04046396765
  10392.2000000    1.04052478131
  10392.4000000    1.04054987233
  10392.6000000    1.04053983176
  10392.8000000    1.04046154826
  10393.0000000    1.04095536703
  10393.2000000    1.04111684169
  10393.4000000    1.04127156468
  10393.6000000    1.04155592208
  10393.8000000    1.04205820996
  10394.0000000    1.04292506309
  10394.2000000    1.04347435254
  10394.4000000    1.04415228990
  10394.6000000    1.04477538410
  10394.8000000    1.04543094577
  10395.0000000    1.04596130264
  10395.2000000    1.04605564347
  10395.4000000    1.04626680553
  10395.6000000    1.04591679882
  10395.8000000    1.04528746188
  10396.0000000    1.04445368866
  10396.2000000    1.04320124201
  10396.4000000    1.04125321018
  10396.6000000    1.03914528365
  10396.8000000    1.03675309838
  10397.0000000    1.03344813393
  10397.2278600    1.02943217815
  10397.4835810    1.02439556450
  10397.7671620    1.01822238905
  10398.0786040    1.01068126861
  10398.4179050    1.00189127080
  10398.7850670    0.99171171045
  10399.1800900    0.98114997427
  10399.6029730    0.97058967983
  10400.0537160    0.95901551626
  10400.5323190    0.94427399642
  10401.0387830    0.93055814595
  10401.5731070    0.91977122015
  10402.1352920    0.90980018798
  10402.7253370    0.90221545546
  10403.3432420    0.89585853583
  10403.9890080    0.89169381465
  10404.6626340    0.89021544127
  10405.3641200    0.89049833507
  10406.0934670    0.89256208257
  10406.8506740    0.89608670433
  10407.6357410    0.90051198250
  10408.4486690    0.90561473734
  10409.2894570    0.91249290263
  10410.1581060    0.92129642107
  10411.0546140    0.92970000164
  10411.9789830    0.93855860613
  10412.9312130    0.95230774885
  10413.9113030    0.96766333715
  10414.9192530    0.98435400893
  10415.9550640    1.00137780093
  10417.0187340    1.01777238308
  10418.1102660    1.03250841910
  10419.2327230    1.04474333348
  10420.3673730    1.05482873026
  10421.5142140    1.06323278129
  10422.6732480    1.06964357024
  10423.8444730    1.07428251347
  10425.0278900    1.07758250055
  10426.2234990    1.07956154845
  10427.4313000    1.08059204251
  10428.6512930    1.08120088686
  10429.8834780    1.08190434301
  10431.1278550    1.08262740234
  10432.3844230    1.08322193764
  10433.6531840    1.08380923890
  10434.9341360    1.08371672372
  10436.2272800    1.08278857487
  10437.5326170    1.08063897083
  10438.8501450    1.07756717941
  10440.1798650    1.07362728333
  10441.5217770    1.06873520640
  10442.8758810    1.06390387491
  10444.2421770    1.05869228151
  10445.6206640    1.05312750831
  10447.0113440    1.04785549511
  10448.4142150    1.04268376564
  10449.8292790    1.03748093493
  10451.2565340    1.03233084502
  10452.6959810    1.02727357860
  10454.1476200    1.02221184710
  10455.6114520    1.01712088828
  10457.0874750    1.01253232815
  10458.5756890    1.00858262287
  10460.0760960    1.00514471529
  10461.5886950    1.00199576494
  10463.1134850    0.99971961936
  10464.6504680    0.99816950771
  10466.1996420    0.99680605924
  10467.7610090    0.99572748260
  10469.3345670    0.99466697890
  10470.9203170    0.99366224759
  10472.5182590    0.99262169634
  10474.1283930    0.99154596886
  10475.7507190    0.99010341284
  10477.3852370    0.98891628955
  10479.0319460    0.98811531665
  10480.6908480    0.98718711549
  10482.3619420    0.98621450590
  10484.0452270    0.98525882244
  10485.7407040    0.98456212622
  10487.4483740    0.98417096233
  10489.1682350    0.98384688447
  10490.9002880    0.98415773529
  10492.6445330    0.98507634098
  10494.4009700    0.98636877720
  10496.1695980    0.98847654531
  10497.9504190    0.99106894149
  10499.7434320    0.99416943270
  10501.5486360    0.99781271690
  10503.3660320    1.00132415957
  10505.1956210    1.00490400522
  10507.0374010    1.00837388835
  10508.8913730    1.01104970372
  10510.7575370    1.01303885695
  10512.6358930    1.01424949216
  10514.5264410    1.01460453133
  10516.4291810    1.01474646842
  10518.3441120    1.01491947563
  10520.2712360    1.01473446772
  10522.2105520    1.01364586921
  10524.1620590    1.01227763264
  10526.1257580    1.01143581565
  10528.1016490    1.00954424545
  10530.0897330    1.00660523805
  10532.0900080    1.00405198184
  10534.1024750    1.00213038746
  10536.1271330    1.00002523013
  10538.1639840    0.99753954943
  10540.2130270    0.99571568510
  10542.2742610    0.99412233025
  10544.3476880    0.99221228136
  10546.4333060    0.99090961118
  10548.5311170    0.98994480656
  10550.6411190    0.98894054515
  10552.7633130    0.98847853672
  10554.8976990    0.98828728451
  10557.0442770    0.98823916229
  10559.2030470    0.98834804952
  10561.3740080    0.98881663360
  10563.5571620    0.98933969311
  10565.7525080    0.98977125285
  10567.9600450    0.99022391433
  10570.1797750    0.99074799086
  10572.4116960    0.99111629095
  10574.6558090    0.99094236635
  10576.9121140    0.99078678191
  10579.1806110    0.99041345907
  10581.4613000    0.98983937730
  10583.7541810    0.98914595889
  10586.0592540    0.98793628309
  10588.3765180    0.98661282134
  10590.7059750    0.98563952923
  10593.0476230    0.98486642418
  10595.4014640    0.98393006631
  10597.7674960    0.98324315360
  10600.1457200    0.98271441652
  10602.5361360    0.98210003291
  10604.9387440    0.98168043420
  10607.3535440    0.98162882879
  10609.7805360    0.98226387172
  10612.2197200    0.98304312566
  10614.6710960    0.98432248360
  10617.1346630    0.98552934199
  10619.6104230    0.98697523525
  10622.0983740    0.98783803247
  10624.5985170    0.98838175778
  10627.1108520    0.98887594851
  10629.6353800    0.98962265510
  10632.1720990    0.99038251727
  10634.7210090    0.99075258277
  10637.2821120    0.99148326284
  10639.8554070    0.99241519679
  10642.4408940    0.99302479472
  10645.0385720    0.99351237292
  10647.6484430    0.99375974222
  10650.2705050    0.99361954028
  10652.9047590    0.99397438943
  10655.5512050    0.99328703489
  10658.2098440    0.99232419774
  10660.8806740    0.99218272035
  10663.5636960    0.99232615215
  10666.2589090    0.99180454257
  10668.9663150    0.99092556490
  10671.6859130    0.99034751108
  10674.4177020    0.99007649607
  10677.1616840    0.98978988089
  10679.9178570    0.98943621858
  10682.6862220    0.98926777020
  10685.4667800    0.98918675903
  10688.2595290    0.98982818468
  10691.0644700    0.99046790622
  10693.8816020    0.99121270952
  10696.7109270    0.99249851344
  10699.5524440    0.99342515897
  10702.4061530    0.99416583331
  10705.2720530    0.99481389681
  10708.1501460    0.99483753302
  10711.0404300    0.99520733913
  10713.9429060    0.99573028562
  10716.8575740    0.99602866451
  10719.7844350    0.99610356890
  10722.7234870    0.99665910794
  10725.6747300    0.99749907706
  10728.6381660    0.99838725617
  10731.6137940    0.99952299035
  10734.6016140    1.00059791479
  10737.6016250    1.00175775569
  10740.6138290    1.00244008804
  10743.6382240    1.00273524592
  10746.6748110    1.00292177812
  10749.7235900    1.00261856853
  10752.7845610    1.00232844520
  10755.8577240    1.00268943513
  10758.9430790    1.00298653758
  10762.0406260    1.00342515791
  10765.1503650    1.00414999300
  10768.2722950    1.00489500047
  10771.4064180    1.00553229237
  10774.5527320    1.00625622056
  10777.7112390    1.00676347873
  10780.8819370    1.00700855223
  10784.0648270    1.00737656302
  10787.2599090    1.00737222842
  10790.4671830    1.00757460007
  10793.6866490    1.00797263862
  10796.9183070    1.00800108405
  10800.1621570    1.00818103350
  10803.4181980    1.00834790508
  10806.6864320    1.00854366315
  10809.9668570    1.00811375471
  10813.2594740    1.00788869612
  10816.5642840    1.00821849585
  10819.8812850    1.00809954682
  10823.2104780    1.00826913458
  10826.5518630    1.00824357044
  10829.9054400    1.00817517322
  10833.2712090    1.00816383399
  10836.6491690    1.00835280246
  10840.0393220    1.00831652378
  10843.4416660    1.00846727332
  10846.8562030    1.00820841966
  10850.2829310    1.00834976670
  10853.7218510    1.00848408545
  10857.1729640    1.00779597261
  10860.6362680    1.00719495815
  10864.1117640    1.00715519850
  10867.5994510    1.00702251064
  10871.0993310    1.00690998178
  10874.6114030    1.00720268540
  10878.1356660    1.00721648195
  10881.6721220    1.00706209564
  10885.2207690    1.00719358446
  10888.7816090    1.00718519576
  10892.3546400    1.00695392009
  10895.9398630    1.00677939383
  10899.5372780    1.00677412353
  10903.1468850    1.00713241039
  10906.7686840    1.00702211306
  10910.4026750    1.00683344543
  10914.0488570    1.00692351376
  10917.7072320    1.00669472174
  10921.3777990    1.00615868349
  10925.0605570    1.00600402117
  10928.7555070    1.00574568873
  10932.4626500    1.00559713145
  10936.1819840    1.00594563429
  10939.9135100    1.00590311586
  10943.6572280    1.00585411064
  10947.4131380    1.00578523397
  10951.1812390    1.00562949887
  10954.9615330    1.00517860925
  10958.7540190    1.00442708265
  10962.5586960    1.00394100436
  10966.3755650    1.00339660402
  10970.2046270    1.00316446681
  10974.0458800    1.00268846979
  10977.8993250    1.00185910239
  10981.7649620    1.00140449544
  10985.6427910    1.00080382888
  10989.5328120    0.99984138705
  10993.4350250    0.99896191235
  10997.3494290    0.99836142980
  11001.2760260    0.99774561250
  11005.2148140    0.99694983194
  11009.1657950    0.99620719534
  11013.1289670    0.99605848129
  11017.1043310    0.99611283337
  11021.0918880    0.99625907787
  11025.0916360    0.99649681991
  11029.1035750    0.99691791428
  11033.1277070    0.99753972734
  11037.1640310    0.99824640832
  11041.2125470    0.99894892394
  11045.2732540    0.99946680611
  11049.3461540    1.00012296743
  11053.4312450    1.00023360282
  11057.5285290    0.99995885932
  11061.6380040    0.99911931694
  11065.7596710    0.99837202027
  11069.8935300    0.99773388314
  11074.0395810    0.99643741847
  11078.1978240    0.99565511447
  11082.3682580    0.99538600441
  11086.5508850    0.99480076874
  11090.7457040    0.99498227715
  11094.9527140    0.99513219476
  11099.1719160    0.99501470071
  11103.4033110    0.99544290793
  11107.6468970    0.99576478587
  11111.9026750    0.99555359744
  11116.1706450    0.99540946791
  11120.4508070    0.99527820648
  11124.7431610    0.99505519102
  11129.0477070    0.99451007968
  11133.3644440    0.99444924992
  11137.6933740    0.99465856953
  11142.0344950    0.99480922890
  11146.3878090    0.99561918654
  11150.7533140    0.99568810758
  11155.1310110    0.99584654400
  11159.5209000    0.99557658670
  11163.9229810    0.99701239890
  11168.3372540    0.99660251924
  11172.7637190    0.99575844083
  11177.2023760    0.99718834234
  11181.6532240    0.99693583483
  11186.1162650    0.99676214047
  11190.5914970    0.99681651770
  11195.0789220    0.99711797805
  11199.5785380    0.99727956466
  11204.0903460    0.99720624276
  11208.6143460    0.99727031361
  11213.1505380    0.99712473580
  11217.6989220    0.99662255033
  11222.2594980    0.99619056450
  11226.8322660    0.99618703578
  11231.4172260    0.99624102695
  11236.0143770    0.99648954187
  11240.6237210    0.99694072457
  11245.2452560    0.99665002995
  11249.8789830    0.99675264561
  11254.5249020    0.99731951580
  11259.1830130    0.99804222917
  11263.8533160    0.99898432690
  11268.5358110    0.99964650520
  11273.2304980    1.00044794490
  11277.9373770    1.00166143473
  11282.6564480    1.00239067203
  11287.3877100    1.00342649298
  11292.1311650    1.00420360292
  11296.8868110    1.00558763333
  11301.6546490    1.00688311265
  11306.4346790    1.00846639658
  11311.2269010    1.00991331247
  11316.0313150    1.01061644637
  11320.8479210    1.01245177192
  11325.6767190    1.01417616989
