#---------------------------------
#  energy flat
  10182.0000000    0.00333419412
  10187.0000000    0.00313296884
  10192.0000000    0.00292712417
  10197.0000000    0.00265259862
  10202.0000000    0.00222728889
  10207.0000000    0.00187118300
  10212.0000000    0.00172042248
  10217.0000000    0.00130130101
  10222.0000000    0.00089760659
  10227.0000000    0.00024158837
  10232.0000000   -0.00007093829
  10237.0000000   -0.00014534797
  10242.0000000   -0.00009782294
  10247.0000000   -0.00025390012
  10252.0000000   -0.00040300463
  10257.0000000   -0.00087102201
  10262.0000000   -0.00086550736
  10267.0000000   -0.00066667521
  10272.0000000   -0.00044204415
  10277.0000000    0.00006323721
  10282.0000000   -0.00007601838
  10287.0000000   -0.00028072999
  10292.0000000   -0.00032812055
  10297.0000000   -0.00012676080
  10302.0000000   -0.00024091475
  10307.0000000    0.00036791089
  10312.0000000    0.00082656247
  10317.0000000    0.00117060064
  10322.0000000    0.00203671812
  10327.0000000    0.00332459548
  10332.0000000    0.00480352422
  10337.0000000    0.00696159185
  10341.0000000    0.00876124164
  10344.0000000    0.01124976990
  10346.0000000    0.01284681905
  10347.0000000    0.01439660615
  10347.2000000    0.01556803799
  10347.4000000    0.01604690854
  10347.6000000    0.01647505286
  10347.8000000    0.01652074577
  10348.0000000    0.01668270809
  10348.2000000    0.01670373515
  10348.4000000    0.01735700982
  10348.6000000    0.01751226094
  10348.8000000    0.01769078337
  10349.0000000    0.01821271021
  10349.2000000    0.01861923923
  10349.4000000    0.01931251964
  10349.6000000    0.01947291311
  10349.8000000    0.02004364870
  10350.0000000    0.02041880066
  10350.2000000    0.02094613133
  10350.4000000    0.02101169637
  10350.6000000    0.02134945735
  10350.8000000    0.02212466673
  10351.0000000    0.02253154438
  10351.2000000    0.02316477261
  10351.4000000    0.02342810024
  10351.6000000    0.02363390328
  10351.8000000    0.02370452351
  10352.0000000    0.02382003036
  10352.2000000    0.02403594378
  10352.4000000    0.02452213564
  10352.6000000    0.02477666027
  10352.8000000    0.02523191088
  10353.0000000    0.02542315845
  10353.2000000    0.02600208694
  10353.4000000    0.02647973727
  10353.6000000    0.02671874769
  10353.8000000    0.02716205758
  10354.0000000    0.02739113193
  10354.2000000    0.02792194894
  10354.4000000    0.02848867524
  10354.6000000    0.02888840590
  10354.8000000    0.02973003004
  10355.0000000    0.03020210224
  10355.2000000    0.03063355858
  10355.4000000    0.03129511331
  10355.6000000    0.03207764400
  10355.8000000    0.03249515499
  10356.0000000    0.03287536214
  10356.2000000    0.03345864856
  10356.4000000    0.03414199290
  10356.6000000    0.03492556950
  10356.8000000    0.03551565428
  10357.0000000    0.03623944016
  10357.2000000    0.03694230801
  10357.4000000    0.03768265400
  10357.6000000    0.03782648736
  10357.8000000    0.03817810653
  10358.0000000    0.03890781919
  10358.2000000    0.03973933296
  10358.4000000    0.04089071834
  10358.6000000    0.04176929769
  10358.8000000    0.04296757434
  10359.0000000    0.04376230722
  10359.2000000    0.04477563358
  10359.4000000    0.04571156320
  10359.6000000    0.04736672460
  10359.8000000    0.04875448379
  10360.0000000    0.05012620581
  10360.2000000    0.05129572016
  10360.4000000    0.05245250937
  10360.6000000    0.05338564993
  10360.8000000    0.05484819109
  10361.0000000    0.05651067380
  10361.2000000    0.05826345270
  10361.4000000    0.06001640591
  10361.6000000    0.06148626839
  10361.8000000    0.06314317296
  10362.0000000    0.06497404586
  10362.2000000    0.06680979963
  10362.4000000    0.06919953270
  10362.6000000    0.07117805206
  10362.8000000    0.07345535069
  10363.0000000    0.07573439250
  10363.2000000    0.07809205125
  10363.4000000    0.08083634502
  10363.6000000    0.08367041202
  10363.8000000    0.08678878998
  10364.0000000    0.08973755755
  10364.2000000    0.09334628912
  10364.4000000    0.09744310818
  10364.6000000    0.10189326773
  10364.8000000    0.10639816279
  10365.0000000    0.11099666607
  10365.2000000    0.11587703987
  10365.4000000    0.12130354870
  10365.6000000    0.12697863352
  10365.8000000    0.13320961513
  10366.0000000    0.14024245475
  10366.2000000    0.14774438132
  10366.4000000    0.15554752759
  10366.6000000    0.16389192802
  10366.8000000    0.17347467613
  10367.0000000    0.18440332550
  10367.2000000    0.19707392425
  10367.4000000    0.21189855768
  10367.6000000    0.22821307817
  10367.8000000    0.24620069284
  10368.0000000    0.26656947718
  10368.2000000    0.28923506180
  10368.4000000    0.31458617350
  10368.6000000    0.34139074002
  10368.8000000    0.37076299536
  10369.0000000    0.40331409478
  10369.2000000    0.43876739728
  10369.4000000    0.47786758490
  10369.6000000    0.51932471214
  10369.8000000    0.56396329822
  10370.0000000    0.61336073732
  10370.2000000    0.66668187687
  10370.4000000    0.72437662895
  10370.6000000    0.78592953831
  10370.8000000    0.85085774698
  10371.0000000    0.92425218176
  10371.2000000    1.00055272294
  10371.4000000    1.06272640140
  10371.6000000    1.11272539234
  10371.8000000    1.18342709441
  10372.0000000    1.24868954132
  10372.2000000    1.30937943674
  10372.4000000    1.36513559542
  10372.6000000    1.41491333551
  10372.8000000    1.45527878689
  10373.0000000    1.48931718508
  10373.2000000    1.51893956651
  10373.4000000    1.54458939326
  10373.6000000    1.56662262014
  10373.8000000    1.58495069378
  10374.0000000    1.60077012546
  10374.2000000    1.61294192779
  10374.4000000    1.62273303610
  10374.6000000    1.63059493093
  10374.8000000    1.63725939455
  10375.0000000    1.64440928250
  10375.2000000    1.65132013325
  10375.4000000    1.65806934303
  10375.6000000    1.66465691162
  10375.8000000    1.67033153242
  10376.0000000    1.67557641177
  10376.2000000    1.68027580290
  10376.4000000    1.68232047017
  10376.6000000    1.68165707224
  10376.8000000    1.67858438810
  10377.0000000    1.67322269597
  10377.2000000    1.66523939887
  10377.4000000    1.65375140662
  10377.6000000    1.63926737585
  10377.8000000    1.62314174892
  10378.0000000    1.60610979438
  10378.2000000    1.58787865944
  10378.4000000    1.56836676344
  10378.6000000    1.54879118704
  10378.8000000    1.52801398868
  10379.0000000    1.50553487841
  10379.2000000    1.48259080901
  10379.4000000    1.46130321756
  10379.6000000    1.44126141286
  10379.8000000    1.42120124807
  10380.0000000    1.40278553226
  10380.2000000    1.38634686185
  10380.4000000    1.37225862346
  10380.6000000    1.35885330056
  10380.8000000    1.34492217917
  10381.0000000    1.33133091689
  10381.2000000    1.31789229693
  10381.4000000    1.30543815944
  10381.6000000    1.29409157194
  10381.8000000    1.28372057610
  10382.0000000    1.27450803008
  10382.2000000    1.26550477757
  10382.4000000    1.25619170246
  10382.6000000    1.24699762405
  10382.8000000    1.23815717265
  10383.0000000    1.22952496748
  10383.2000000    1.22129136243
  10383.4000000    1.21239040883
  10383.6000000    1.20335830541
  10383.8000000    1.19535199339
  10384.0000000    1.18800070031
  10384.2000000    1.18150349570
  10384.4000000    1.17484916662
  10384.6000000    1.16770267550
  10384.8000000    1.16140940031
  10385.0000000    1.15588375096
  10385.2000000    1.14931596854
  10385.4000000    1.14317589323
  10385.6000000    1.13809594670
  10385.8000000    1.13331070273
  10386.0000000    1.12809221343
  10386.2000000    1.12363088897
  10386.4000000    1.11925665450
  10386.6000000    1.11523569183
  10386.8000000    1.11085190641
  10387.0000000    1.10641540781
  10387.2000000    1.10263531711
  10387.4000000    1.09945602675
  10387.6000000    1.09708723977
  10387.8000000    1.09457526777
  10388.0000000    1.09166246983
  10388.2000000    1.08818725384
  10388.4000000    1.08562765297
  10388.6000000    1.08398732749
  10388.8000000    1.08196168897
  10389.0000000    1.08064108958
  10389.2000000    1.07948218306
  10389.4000000    1.07839955381
  10389.6000000    1.07722411389
  10389.8000000    1.07520246515
  10390.0000000    1.07276952800
  10390.2000000    1.07057759627
  10390.4000000    1.06863033012
  10390.6000000    1.06731401570
  10390.8000000    1.06591377874
  10391.0000000    1.06470835175
  10391.2000000    1.06389889616
  10391.4000000    1.06289848650
  10391.6000000    1.06130322982
  10391.8000000    1.06016652330
  10392.0000000    1.06012200878
  10392.2000000    1.05980373815
  10392.4000000    1.05953280288
  10392.6000000    1.05971257217
  10392.8000000    1.06044380081
  10393.0000000    1.06105066158
  10393.2000000    1.06084564812
  10393.4000000    1.05941632606
  10393.6000000    1.05846158821
  10393.8000000    1.05723117405
  10394.0000000    1.05632229311
  10394.2000000    1.05591117952
  10394.4000000    1.05601474170
  10394.6000000    1.05554628722
  10394.8000000    1.05480076019
  10395.0000000    1.05398315697
  10395.2000000    1.05226843503
  10395.4000000    1.04978419412
  10395.6000000    1.04748830547
  10395.8000000    1.04527321524
  10396.0000000    1.04293183452
  10396.2000000    1.04028269906
  10396.4000000    1.03804817790
  10396.6000000    1.03551792921
  10396.8000000    1.03255528806
  10397.0000000    1.02879157375
  10397.2278600    1.02387418770
  10397.4835810    1.01895156036
  10397.7671620    1.01378162529
  10398.0786040    1.00702274487
  10398.4179050    0.99741750819
  10398.7850670    0.98636511018
  10399.1800900    0.97497052749
  10399.6029730    0.96317153703
  10400.0537160    0.95080274168
  10400.5323190    0.93872427476
  10401.0387830    0.92754265970
  10401.5731070    0.91710634330
  10402.1352920    0.90854013968
  10402.7253370    0.90142060696
  10403.3432420    0.89537400398
  10403.9890080    0.89207675123
  10404.6626340    0.89029089042
  10405.3641200    0.89011932875
  10406.0934670    0.89227353279
  10406.8506740    0.89552014044
  10407.6357410    0.89913725384
  10408.4486690    0.90468584806
  10409.2894570    0.91068160517
  10410.1581060    0.91825933464
  10411.0546140    0.92664544959
  10411.9789830    0.93927821947
  10412.9312130    0.95470878589
  10413.9113030    0.96631144561
  10414.9192530    0.97894241996
  10415.9550640    0.99666863785
  10417.0187340    1.01224370614
  10418.1102660    1.02730512654
  10419.2327230    1.04013628238
  10420.3673730    1.05092671666
  10421.5142140    1.05974302648
  10422.6732480    1.06708044673
  10423.8444730    1.07284154334
  10425.0278900    1.07718895759
  10426.2234990    1.08043541989
  10427.4313000    1.08264839699
  10428.6512930    1.08573439983
  10429.8834780    1.08779686630
  10431.1278550    1.08982818913
  10432.3844230    1.09108195140
  10433.6531840    1.09093723816
  10434.9341360    1.09035227934
  10436.2272800    1.08863887514
  10437.5326170    1.08768592698
  10438.8501450    1.08521424870
  10440.1798650    1.08082413324
  10441.5217770    1.07682650332
  10442.8758810    1.07258458096
  10444.2421770    1.06777692675
  10445.6206640    1.06190708766
  10447.0113440    1.05652002993
  10448.4142150    1.05106822508
  10449.8292790    1.04507978956
  10451.2565340    1.03994699121
  10452.6959810    1.03542159378
  10454.1476200    1.03058005759
  10455.6114520    1.02634067221
  10457.0874750    1.02142219923
  10458.5756890    1.01655902182
  10460.0760960    1.01189353725
  10461.5886950    1.00804002194
  10463.1134850    1.00509136775
  10464.6504680    1.00289136043
  10466.1996420    1.00004108429
  10467.7610090    0.99715549827
  10469.3345670    0.99522260363
  10470.9203170    0.99338873517
  10472.5182590    0.99156948738
  10474.1283930    0.98983402500
  10475.7507190    0.98838067851
  10477.3852370    0.98687279660
  10479.0319460    0.98575205159
  10480.6908480    0.98468840655
  10482.3619420    0.98431283515
  10484.0452270    0.98374829155
  10485.7407040    0.98332678572
  10487.4483740    0.98333935945
  10489.1682350    0.98375143107
  10490.9002880    0.98432602869
  10492.6445330    0.98565052265
  10494.4009700    0.98751704536
  10496.1695980    0.99019117136
  10497.9504190    0.99304910145
  10499.7434320    0.99587790142
  10501.5486360    0.99847369715
  10503.3660320    1.00103458206
  10505.1956210    1.00397044008
  10507.0374010    1.00630393998
  10508.8913730    1.00829643837
  10510.7575370    1.00969418120
  10512.6358930    1.01087687775
  10514.5264410    1.01170947383
  10516.4291810    1.01208166337
  10518.3441120    1.01242944566
  10520.2712360    1.01227050899
  10522.2105520    1.01181841342
  10524.1620590    1.01072419281
  10526.1257580    1.00893102782
  10528.1016490    1.00752892637
  10530.0897330    1.00614972777
  10532.0900080    1.00465031268
  10534.1024750    1.00348685361
  10536.1271330    1.00126828277
  10538.1639840    0.99872077672
  10540.2130270    0.99748061814
  10542.2742610    0.99681128114
  10544.3476880    0.99589290643
  10546.4333060    0.99526704871
  10548.5311170    0.99455363765
  10550.6411190    0.99350351328
  10552.7633130    0.99258656290
  10554.8976990    0.99148318707
  10557.0442770    0.99114001796
  10559.2030470    0.99034790306
  10561.3740080    0.98944893097
  10563.5571620    0.98951016425
  10565.7525080    0.98965816551
  10567.9600450    0.98988933195
  10570.1797750    0.98933334660
  10572.4116960    0.98874138591
  10574.6558090    0.98837112496
  10576.9121140    0.98747076291
  10579.1806110    0.98619877502
  10581.4613000    0.98513355868
  10583.7541810    0.98454600893
  10586.0592540    0.98385320896
  10588.3765180    0.98306334415
  10590.7059750    0.98291410619
  10593.0476230    0.98253476028
  10595.4014640    0.98145636106
  10597.7674960    0.98080042726
  10600.1457200    0.98078829431
  10602.5361360    0.98078661482
  10604.9387440    0.98069509525
  10607.3535440    0.98055463076
  10609.7805360    0.98042423788
  10612.2197200    0.98032614457
  10614.6710960    0.98076856657
  10617.1346630    0.98178295575
  10619.6104230    0.98320220664
  10622.0983740    0.98452887871
  10624.5985170    0.98569207464
  10627.1108520    0.98676243538
  10629.6353800    0.98745411507
  10632.1720990    0.98823361435
  10634.7210090    0.98911263141
  10637.2821120    0.98981279156
  10639.8554070    0.99067854910
  10642.4408940    0.99099781452
  10645.0385720    0.99131130723
  10647.6484430    0.99147362488
  10650.2705050    0.99163587340
  10652.9047590    0.99195490123
  10655.5512050    0.99183920671
  10658.2098440    0.99186067141
  10660.8806740    0.99213428616
  10663.5636960    0.99216527136
  10666.2589090    0.99230759023
  10668.9663150    0.99297550995
  10671.6859130    0.99232693316
  10674.4177020    0.99081934457
  10677.1616840    0.98976175707
  10679.9178570    0.98916800410
  10682.6862220    0.98931704540
  10685.4667800    0.98979213437
  10688.2595290    0.99016623417
  10691.0644700    0.99026436102
  10693.8816020    0.99096492238
  10696.7109270    0.99155689457
  10699.5524440    0.99247712575
  10702.4061530    0.99272451577
  10705.2720530    0.99249830464
  10708.1501460    0.99309470003
  10711.0404300    0.99388492301
  10713.9429060    0.99432019750
  10716.8575740    0.99467573760
  10719.7844350    0.99533151434
  10722.7234870    0.99565837353
  10725.6747300    0.99601308964
  10728.6381660    0.99682947781
  10731.6137940    0.99745936347
  10734.6016140    0.99817321518
  10737.6016250    0.99843144569
  10740.6138290    0.99873234269
  10743.6382240    0.99910632400
  10746.6748110    0.99969152775
  10749.7235900    1.00009372287
  10752.7845610    1.00068828243
  10755.8577240    1.00155092317
  10758.9430790    1.00249378942
  10762.0406260    1.00322826529
  10765.1503650    1.00421372384
  10768.2722950    1.00518019210
  10771.4064180    1.00599400629
  10774.5527320    1.00678890287
  10777.7112390    1.00742632851
  10780.8819370    1.00817249206
  10784.0648270    1.00892787973
  10787.2599090    1.00938518865
  10790.4671830    1.00970776802
  10793.6866490    1.01034135729
  10796.9183070    1.01043128804
  10800.1621570    1.01070080583
  10803.4181980    1.01077460857
  10806.6864320    1.01048412968
  10809.9668570    1.01010635653
  10813.2594740    1.00952815117
  10816.5642840    1.00905891804
  10819.8812850    1.00866395979
  10823.2104780    1.00823292208
  10826.5518630    1.00822616363
  10829.9054400    1.00855110870
  10833.2712090    1.00889449516
  10836.6491690    1.00936037610
  10840.0393220    1.00972752653
  10843.4416660    1.00972312627
  10846.8562030    1.00963669918
  10850.2829310    1.00972360589
  10853.7218510    1.00965071181
  10857.1729640    1.00956181455
  10860.6362680    1.00901152354
  10864.1117640    1.00876525338
  10867.5994510    1.00846093977
  10871.0993310    1.00837068346
  10874.6114030    1.00853439977
  10878.1356660    1.00843907301
  10881.6721220    1.00817029327
  10885.2207690    1.00846351010
  10888.7816090    1.00829252700
  10892.3546400    1.00782975766
  10895.9398630    1.00729259180
  10899.5372780    1.00673909885
  10903.1468850    1.00618063648
  10906.7686840    1.00556267581
  10910.4026750    1.00506985678
  10914.0488570    1.00494992894
  10917.7072320    1.00463972371
  10921.3777990    1.00465022259
  10925.0605570    1.00446673372
  10928.7555070    1.00444476143
  10932.4626500    1.00443673952
  10936.1819840    1.00469325252
  10939.9135100    1.00460760095
  10943.6572280    1.00449627779
  10947.4131380    1.00458793033
  10951.1812390    1.00470436079
  10954.9615330    1.00512374191
  10958.7540190    1.00560549217
  10962.5586960    1.00535053041
  10966.3755650    1.00474095757
  10970.2046270    1.00456469674
  10974.0458800    1.00447174565
  10977.8993250    1.00426760340
  10981.7649620    1.00403076447
  10985.6427910    1.00376617597
  10989.5328120    1.00322150804
  10993.4350250    1.00273189447
  10997.3494290    1.00219320728
  11001.2760260    1.00166449276
  11005.2148140    1.00154857110
  11009.1657950    1.00133903901
  11013.1289670    1.00090325064
  11017.1043310    1.00061514116
  11021.0918880    1.00070642206
  11025.0916360    1.00075444205
  11029.1035750    1.00048543458
  11033.1277070    1.00037068324
  11037.1640310    1.00023408257
  11041.2125470    0.99993371462
  11045.2732540    0.99949189169
  11049.3461540    0.99923913886
  11053.4312450    0.99890252408
  11057.5285290    0.99850373151
  11061.6380040    0.99810212706
  11065.7596710    0.99748028421
  11069.8935300    0.99668158242
  11074.0395810    0.99634245451
  11078.1978240    0.99623021710
  11082.3682580    0.99605922384
  11086.5508850    0.99570980470
  11090.7457040    0.99505151491
  11094.9527140    0.99461181265
  11099.1719160    0.99428088285
  11103.4033110    0.99414626921
  11107.6468970    0.99430984566
  11111.9026750    0.99443423780
  11116.1706450    0.99453492422
  11120.4508070    0.99414700129
  11124.7431610    0.99379397842
  11129.0477070    0.99350050650
  11133.3644440    0.99294682501
  11137.6933740    0.99261750662
  11142.0344950    0.99264957975
  11146.3878090    0.99278231683
  11150.7533140    0.99348472659
  11155.1310110    0.99404328951
  11159.5209000    0.99374731883
  11163.9229810    0.99559354434
  11168.3372540    0.99521454544
  11172.7637190    0.99434892138
  11177.2023760    0.99479632805
  11181.6532240    0.99415856835
  11186.1162650    0.99383864520
  11190.5914970    0.99369098282
  11195.0789220    0.99376005594
  11199.5785380    0.99395128948
  11204.0903460    0.99439711703
  11208.6143460    0.99479562778
  11213.1505380    0.99487773605
  11217.6989220    0.99487853510
  11222.2594980    0.99475322060
  11226.8322660    0.99497546298
  11231.4172260    0.99553369168
  11236.0143770    0.99608833120
  11240.6237210    0.99596517340
  11245.2452560    0.99604393646
  11249.8789830    0.99626517698
  11254.5249020    0.99738427253
  11259.1830130    0.99818897453
  11263.8533160    0.99903455713
  11268.5358110    0.99984126526
  11273.2304980    1.00091046754
  11277.9373770    1.00189060912
  11282.6564480    1.00315501444
  11287.3877100    1.00470961895
  11292.1311650    1.00576240329
  11296.8868110    1.00699893549
  11301.6546490    1.00850869015
  11306.4346790    1.01071869547
  11311.2269010    1.01279156059
  11316.0313150    1.01419084298
  11320.8479210    1.01715600194
  11325.6767190    1.01986220238
