#---------------------------------
#  energy flat
  10182.0000000    0.00397248809
  10187.0000000    0.00357086279
  10192.0000000    0.00330415400
  10197.0000000    0.00289166895
  10202.0000000    0.00261371711
  10207.0000000    0.00182241821
  10212.0000000    0.00147228093
  10217.0000000    0.00109084201
  10222.0000000    0.00090079032
  10227.0000000    0.00058169917
  10232.0000000    0.00014941103
  10237.0000000    0.00029115684
  10242.0000000    0.00024828679
  10247.0000000   -0.00007693693
  10252.0000000    0.00010237085
  10257.0000000   -0.00019487302
  10262.0000000   -0.00043820140
  10267.0000000   -0.00033938357
  10272.0000000   -0.00071366783
  10277.0000000   -0.00105511730
  10282.0000000   -0.00095297767
  10287.0000000   -0.00097246730
  10292.0000000   -0.00050761181
  10297.0000000   -0.00032153265
  10302.0000000    0.00040638447
  10307.0000000    0.00044758171
  10312.0000000    0.00086989251
  10317.0000000    0.00157519578
  10322.0000000    0.00232138285
  10327.0000000    0.00365374122
  10332.0000000    0.00448386782
  10337.0000000    0.00521127389
  10341.0000000    0.00649716648
  10344.0000000    0.00791622642
  10346.0000000    0.00971643945
  10347.0000000    0.01078257247
  10347.2000000    0.01145405524
  10347.4000000    0.01157641762
  10347.6000000    0.01179983962
  10347.8000000    0.01220889957
  10348.0000000    0.01241673463
  10348.2000000    0.01259314027
  10348.4000000    0.01269582733
  10348.6000000    0.01286520607
  10348.8000000    0.01346501445
  10349.0000000    0.01389860467
  10349.2000000    0.01412956462
  10349.4000000    0.01420912679
  10349.6000000    0.01435895797
  10349.8000000    0.01458749044
  10350.0000000    0.01503334581
  10350.2000000    0.01541480920
  10350.4000000    0.01581837539
  10350.6000000    0.01622769086
  10350.8000000    0.01626036444
  10351.0000000    0.01649145215
  10351.2000000    0.01665342070
  10351.4000000    0.01660100489
  10351.6000000    0.01650783306
  10351.8000000    0.01686399961
  10352.0000000    0.01705037067
  10352.2000000    0.01755308005
  10352.4000000    0.01811404883
  10352.6000000    0.01861893016
  10352.8000000    0.01877284972
  10353.0000000    0.01914217574
  10353.2000000    0.01913907600
  10353.4000000    0.01929721170
  10353.6000000    0.01954503621
  10353.8000000    0.01990363023
  10354.0000000    0.02057639062
  10354.2000000    0.02107015667
  10354.4000000    0.02184857609
  10354.6000000    0.02259888791
  10354.8000000    0.02302826200
  10355.0000000    0.02335925946
  10355.2000000    0.02397235507
  10355.4000000    0.02434960233
  10355.6000000    0.02496090927
  10355.8000000    0.02537597402
  10356.0000000    0.02581633562
  10356.2000000    0.02659552162
  10356.4000000    0.02728680747
  10356.6000000    0.02799585222
  10356.8000000    0.02873428219
  10357.0000000    0.02915905685
  10357.2000000    0.02980217649
  10357.4000000    0.03059809929
  10357.6000000    0.03117491053
  10357.8000000    0.03173741245
  10358.0000000    0.03237606043
  10358.2000000    0.03299963250
  10358.4000000    0.03307306210
  10358.6000000    0.03321663295
  10358.8000000    0.03414670568
  10359.0000000    0.03506847389
  10359.2000000    0.03662227992
  10359.4000000    0.03791289655
  10359.6000000    0.03888858026
  10359.8000000    0.03977150887
  10360.0000000    0.04052399264
  10360.2000000    0.04151130267
  10360.4000000    0.04276819019
  10360.6000000    0.04400284714
  10360.8000000    0.04521425143
  10361.0000000    0.04640189203
  10361.2000000    0.04740236153
  10361.4000000    0.04830943713
  10361.6000000    0.04919249350
  10361.8000000    0.05099479630
  10362.0000000    0.05263637471
  10362.2000000    0.05442909537
  10362.4000000    0.05635660477
  10362.6000000    0.05848508355
  10362.8000000    0.06062391103
  10363.0000000    0.06287887403
  10363.2000000    0.06482107604
  10363.4000000    0.06709149822
  10363.6000000    0.06939692714
  10363.8000000    0.07189872601
  10364.0000000    0.07472887280
  10364.2000000    0.07746332597
  10364.4000000    0.08029513367
  10364.6000000    0.08358816160
  10364.8000000    0.08704830202
  10365.0000000    0.09088585091
  10365.2000000    0.09469631429
  10365.4000000    0.09884355787
  10365.6000000    0.10318244422
  10365.8000000    0.10757447949
  10366.0000000    0.11229460716
  10366.2000000    0.11778526647
  10366.4000000    0.12414061792
  10366.6000000    0.13142492569
  10366.8000000    0.13925515979
  10367.0000000    0.14787023487
  10367.2000000    0.15727423931
  10367.4000000    0.16763901277
  10367.6000000    0.17962099558
  10367.8000000    0.19320549514
  10368.0000000    0.20839008396
  10368.2000000    0.22603268279
  10368.4000000    0.24548490031
  10368.6000000    0.26731680983
  10368.8000000    0.29179198403
  10369.0000000    0.31854464076
  10369.2000000    0.34758219021
  10369.4000000    0.38033134884
  10369.6000000    0.41643003959
  10369.8000000    0.45554442078
  10370.0000000    0.49764331851
  10370.2000000    0.54240579506
  10370.4000000    0.59012927998
  10370.6000000    0.64140927120
  10370.8000000    0.69730695855
  10371.0000000    0.75807518271
  10371.2000000    0.82403743666
  10371.4000000    0.90033217377
  10371.6000000    0.98522668801
  10371.8000000    1.06414603658
  10372.0000000    1.12451411066
  10372.2000000    1.21727492130
  10372.4000000    1.31174314114
  10372.6000000    1.40573112010
  10372.8000000    1.49902519990
  10373.0000000    1.59044562725
  10373.2000000    1.67464326901
  10373.4000000    1.74803747145
  10373.6000000    1.81519060932
  10373.8000000    1.87351473844
  10374.0000000    1.92332772963
  10374.2000000    1.96663416570
  10374.4000000    2.00306149280
  10374.6000000    2.03341690966
  10374.8000000    2.05890291022
  10375.0000000    2.07986393988
  10375.2000000    2.09796550159
  10375.4000000    2.11373755096
  10375.6000000    2.12733365721
  10375.8000000    2.14040296976
  10376.0000000    2.15247430242
  10376.2000000    2.16250869540
  10376.4000000    2.16848955547
  10376.6000000    2.17021041894
  10376.8000000    2.16740554087
  10377.0000000    2.16106711907
  10377.2000000    2.15044876847
  10377.4000000    2.13577637147
  10377.6000000    2.11702871920
  10377.8000000    2.09429141172
  10378.0000000    2.06785906709
  10378.2000000    2.03775008273
  10378.4000000    2.00515954248
  10378.6000000    1.97033223744
  10378.8000000    1.93482072897
  10379.0000000    1.89911511111
  10379.2000000    1.86212634149
  10379.4000000    1.82425610274
  10379.6000000    1.78510731060
  10379.8000000    1.74522780759
  10380.0000000    1.70498426946
  10380.2000000    1.66391700882
  10380.4000000    1.62244406187
  10380.6000000    1.57996852475
  10380.8000000    1.53729529674
  10381.0000000    1.49508873884
  10381.2000000    1.45256388193
  10381.4000000    1.41125642264
  10381.6000000    1.37108587072
  10381.8000000    1.33265705031
  10382.0000000    1.29697979034
  10382.2000000    1.26292927519
  10382.4000000    1.23093785049
  10382.6000000    1.20133948520
  10382.8000000    1.17447811373
  10383.0000000    1.14886658776
  10383.2000000    1.12523059415
  10383.4000000    1.10440748345
  10383.6000000    1.08656309006
  10383.8000000    1.07054883480
  10384.0000000    1.05548137152
  10384.2000000    1.03925288510
  10384.4000000    1.02787533624
  10384.6000000    1.01862714166
  10384.8000000    1.01029967403
  10385.0000000    1.00355013950
  10385.2000000    0.99848176955
  10385.4000000    0.99283803395
  10385.6000000    0.98860102928
  10385.8000000    0.98387630276
  10386.0000000    0.97964787549
  10386.2000000    0.97604274225
  10386.4000000    0.97361411142
  10386.6000000    0.97201472583
  10386.8000000    0.97148528822
  10387.0000000    0.97050747661
  10387.2000000    0.97059296858
  10387.4000000    0.97178545814
  10387.6000000    0.97328873300
  10387.8000000    0.97548147898
  10388.0000000    0.97867006834
  10388.2000000    0.98214133405
  10388.4000000    0.98607771973
  10388.6000000    0.99033689804
  10388.8000000    0.99449674342
  10389.0000000    0.99868629492
  10389.2000000    1.00318381743
  10389.4000000    1.00761266847
  10389.6000000    1.01275066173
  10389.8000000    1.01825590603
  10390.0000000    1.02368608944
  10390.2000000    1.02811212745
  10390.4000000    1.03150131246
  10390.6000000    1.03674693873
  10390.8000000    1.04190293736
  10391.0000000    1.04722253197
  10391.2000000    1.05274813897
  10391.4000000    1.05809775007
  10391.6000000    1.06269515876
  10391.8000000    1.06678720067
  10392.0000000    1.07043954472
  10392.2000000    1.07386785262
  10392.4000000    1.07666098620
  10392.6000000    1.07868096229
  10392.8000000    1.08053158282
  10393.0000000    1.08185204788
  10393.2000000    1.08285418626
  10393.4000000    1.08355537295
  10393.6000000    1.08391012436
  10393.8000000    1.08447394864
  10394.0000000    1.08391991069
  10394.2000000    1.08280070786
  10394.4000000    1.08259761039
  10394.6000000    1.08269557237
  10394.8000000    1.08227180707
  10395.0000000    1.08105111511
  10395.2000000    1.07893333076
  10395.4000000    1.07641749119
  10395.6000000    1.07381482378
  10395.8000000    1.07032068417
  10396.0000000    1.06705068821
  10396.2000000    1.06339413386
  10396.4000000    1.05797477006
  10396.6000000    1.05211748675
  10396.8000000    1.04533014478
  10397.0000000    1.03831696699
  10397.2278600    1.03098348303
  10397.4835810    1.02236867498
  10397.7671620    1.00985065809
  10398.0786040    0.99306384810
  10398.4179050    0.97840845608
  10398.7850670    0.96367842112
  10399.1800900    0.94948972189
  10399.6029730    0.93190570540
  10400.0537160    0.91425913967
  10400.5323190    0.89571932012
  10401.0387830    0.87842884325
  10401.5731070    0.86156473279
  10402.1352920    0.84694334052
  10402.7253370    0.83574505393
  10403.3432420    0.82855108399
  10403.9890080    0.82678512863
  10404.6626340    0.82936985313
  10405.3641200    0.83519294107
  10406.0934670    0.84277312425
  10406.8506740    0.85184648109
  10407.6357410    0.86269976698
  10408.4486690    0.87444844018
  10409.2894570    0.88743807987
  10410.1581060    0.90273997236
  10411.0546140    0.92471760247
  10411.9789830    0.95067051680
  10412.9312130    0.97263552431
  10413.9113030    0.99420219521
  10414.9192530    1.02350997388
  10415.9550640    1.05104981419
  10417.0187340    1.07617425902
  10418.1102660    1.09947719355
  10419.2327230    1.11782117127
  10420.3673730    1.13184596308
  10421.5142140    1.14323132178
  10422.6732480    1.15262927550
  10423.8444730    1.16042458457
  10425.0278900    1.16618534875
  10426.2234990    1.16924714419
  10427.4313000    1.17028576857
  10428.6512930    1.16908115392
  10429.8834780    1.16546484790
  10431.1278550    1.15982441722
  10432.3844230    1.15227325385
  10433.6531840    1.14287184908
  10434.9341360    1.13253670704
  10436.2272800    1.12168554204
  10437.5326170    1.11094866353
  10438.8501450    1.10077087609
  10440.1798650    1.09109819471
  10441.5217770    1.08143943435
  10442.8758810    1.07284574919
  10444.2421770    1.06533188857
  10445.6206640    1.05833384045
  10447.0113440    1.05086111645
  10448.4142150    1.04423623465
  10449.8292790    1.03893694174
  10451.2565340    1.03225946524
  10452.6959810    1.02398601400
  10454.1476200    1.01735833200
  10455.6114520    1.01192788564
  10457.0874750    1.00687359085
  10458.5756890    1.00209212317
  10460.0760960    0.99814400220
  10461.5886950    0.99508560167
  10463.1134850    0.99194966437
  10464.6504680    0.98859631051
  10466.1996420    0.98573809042
  10467.7610090    0.98412970580
  10469.3345670    0.98314782245
  10470.9203170    0.98245732783
  10472.5182590    0.98209438315
  10474.1283930    0.98261666972
  10475.7507190    0.98361624046
  10477.3852370    0.98425279819
  10479.0319460    0.98475208776
  10480.6908480    0.98504394828
  10482.3619420    0.98496188660
  10484.0452270    0.98546626437
  10485.7407040    0.98617056979
  10487.4483740    0.98692464565
  10489.1682350    0.98726148508
  10490.9002880    0.98836603143
  10492.6445330    0.99034006010
  10494.4009700    0.99355772875
  10496.1695980    0.99761001126
  10497.9504190    1.00305170657
  10499.7434320    1.00960026100
  10501.5486360    1.01605476324
  10503.3660320    1.02108601994
  10505.1956210    1.02474925894
  10507.0374010    1.02803108993
  10508.8913730    1.02935290997
  10510.7575370    1.03063806280
  10512.6358930    1.03154722382
  10514.5264410    1.03176124761
  10516.4291810    1.03175361686
  10518.3441120    1.03148420589
  10520.2712360    1.02951746351
  10522.2105520    1.02607439511
  10524.1620590    1.02144780117
  10526.1257580    1.01587042416
  10528.1016490    1.01043739312
  10530.0897330    1.00421496996
  10532.0900080    0.99765051859
  10534.1024750    0.99162501497
  10536.1271330    0.98517608200
  10538.1639840    0.97900913421
  10540.2130270    0.97473004727
  10542.2742610    0.97181668745
  10544.3476880    0.96945944532
  10546.4333060    0.96863200776
  10548.5311170    0.96792426815
  10550.6411190    0.96776690894
  10552.7633130    0.96854895004
  10554.8976990    0.96949651597
  10557.0442770    0.97026244720
  10559.2030470    0.97186356072
  10561.3740080    0.97333150250
  10563.5571620    0.97542218048
  10565.7525080    0.97766651602
  10567.9600450    0.97914314490
  10570.1797750    0.98096670343
  10572.4116960    0.98248436563
  10574.6558090    0.98341789096
  10576.9121140    0.98408976710
  10579.1806110    0.98484112559
  10581.4613000    0.98590040274
  10583.7541810    0.98658866110
  10586.0592540    0.98630131115
  10588.3765180    0.98498134191
  10590.7059750    0.98318345431
  10593.0476230    0.98151165905
  10595.4014640    0.97867013557
  10597.7674960    0.97476000497
  10600.1457200    0.97215117085
  10602.5361360    0.96995815654
  10604.9387440    0.96908107516
  10607.3535440    0.96940611201
  10609.7805360    0.97090887646
  10612.2197200    0.97305596454
  10614.6710960    0.97557919641
  10617.1346630    0.97805093629
  10619.6104230    0.97980973242
  10622.0983740    0.98140198670
  10624.5985170    0.98322333004
  10627.1108520    0.98417303768
  10629.6353800    0.98466281924
  10632.1720990    0.98561159110
  10634.7210090    0.98751715544
  10637.2821120    0.98913514319
  10639.8554070    0.98891582671
  10642.4408940    0.98876670338
  10645.0385720    0.98936465978
  10647.6484430    0.98961579165
  10650.2705050    0.99002934332
  10652.9047590    0.99008529867
  10655.5512050    0.99034654168
  10658.2098440    0.99041901030
  10660.8806740    0.98894939917
  10663.5636960    0.98734072556
  10666.2589090    0.98544675858
  10668.9663150    0.98318360428
  10671.6859130    0.98157761172
  10674.4177020    0.97996713156
  10677.1616840    0.97780600017
  10679.9178570    0.97632087086
  10682.6862220    0.97575436452
  10685.4667800    0.97624611765
  10688.2595290    0.97754327499
  10691.0644700    0.97955241812
  10693.8816020    0.98103971890
  10696.7109270    0.98325656281
  10699.5524440    0.98557725143
  10702.4061530    0.98747982070
  10705.2720530    0.98863394157
  10708.1501460    0.98999277104
  10711.0404300    0.99301054248
  10713.9429060    0.99518392937
  10716.8575740    0.99680145008
  10719.7844350    0.99850372634
  10722.7234870    0.99988321658
  10725.6747300    1.00142184899
  10728.6381660    1.00265022913
  10731.6137940    1.00308873676
  10734.6016140    1.00339584658
  10737.6016250    1.00344122646
  10740.6138290    1.00367585248
  10743.6382240    1.00369571484
  10746.6748110    1.00396097730
  10749.7235900    1.00345410533
  10752.7845610    1.00228850691
  10755.8577240    1.00209028457
  10758.9430790    1.00151405169
  10762.0406260    1.00087327615
  10765.1503650    1.00045356925
  10768.2722950    0.99975148183
  10771.4064180    0.99951128092
  10774.5527320    1.00062134731
  10777.7112390    1.00225625893
  10780.8819370    1.00386962427
  10784.0648270    1.00517184865
  10787.2599090    1.00607085487
  10790.4671830    1.00768549006
  10793.6866490    1.00886171616
  10796.9183070    1.00959483845
  10800.1621570    1.01203550313
  10803.4181980    1.01385042585
  10806.6864320    1.01476354129
  10809.9668570    1.01480873527
  10813.2594740    1.01513550833
  10816.5642840    1.01538628249
  10819.8812850    1.01534044202
  10823.2104780    1.01504669259
  10826.5518630    1.01620416855
  10829.9054400    1.01682071098
  10833.2712090    1.01648227642
  10836.6491690    1.01603557823
  10840.0393220    1.01529475959
  10843.4416660    1.01371086934
  10846.8562030    1.01267336005
  10850.2829310    1.01182671911
  10853.7218510    1.01139751916
  10857.1729640    1.01149888494
  10860.6362680    1.01280635551
  10864.1117640    1.01401465386
  10867.5994510    1.01352440216
  10871.0993310    1.01302635029
  10874.6114030    1.01353871798
  10878.1356660    1.01366809984
  10881.6721220    1.01447872294
  10885.2207690    1.01605514736
  10888.7816090    1.01654762483
  10892.3546400    1.01610486965
  10895.9398630    1.01575409415
  10899.5372780    1.01542198082
  10903.1468850    1.01524398602
  10906.7686840    1.01503719453
  10910.4026750    1.01511211920
  10914.0488570    1.01448633598
  10917.7072320    1.01404709851
  10921.3777990    1.01328804976
  10925.0605570    1.01282689519
  10928.7555070    1.01297140339
  10932.4626500    1.01228668669
  10936.1819840    1.01180725593
  10939.9135100    1.01097674599
  10943.6572280    1.00966016810
  10947.4131380    1.00934717038
  10951.1812390    1.00941321737
  10954.9615330    1.00880655463
  10958.7540190    1.00752028585
  10962.5586960    1.00738960527
  10966.3755650    1.00704775920
  10970.2046270    1.00674037031
  10974.0458800    1.00701537012
  10977.8993250    1.00698006849
  10981.7649620    1.00679787927
  10985.6427910    1.00570443429
  10989.5328120    1.00375459950
  10993.4350250    1.00197630106
  10997.3494290    1.00166834779
  11001.2760260    1.00084405016
  11005.2148140    0.99967515869
  11009.1657950    0.99982161964
  11013.1289670    0.99958940858
  11017.1043310    0.99827493932
  11021.0918880    0.99742786478
  11025.0916360    0.99801681205
  11029.1035750    0.99848714327
  11033.1277070    0.99738416301
  11037.1640310    0.99766942881
  11041.2125470    0.99706757566
  11045.2732540    0.99622953300
  11049.3461540    0.99600071895
  11053.4312450    0.99637033390
  11057.5285290    0.99728213088
  11061.6380040    0.99748942201
  11065.7596710    0.99669303994
  11069.8935300    0.99567906965
  11074.0395810    0.99513321839
  11078.1978240    0.99430468385
  11082.3682580    0.99401264711
  11086.5508850    0.99377597285
  11090.7457040    0.99365988549
  11094.9527140    0.99415152731
  11099.1719160    0.99374858074
  11103.4033110    0.99310667617
  11107.6468970    0.99263772858
  11111.9026750    0.99204615782
  11116.1706450    0.99186459029
  11120.4508070    0.99062904542
  11124.7431610    0.99041511255
  11129.0477070    0.99003361182
  11133.3644440    0.98977669341
  11137.6933740    0.99000632185
  11142.0344950    0.98975989130
  11146.3878090    0.98887796468
  11150.7533140    0.98825955085
  11155.1310110    0.98759713687
  11159.5209000    0.98618849211
  11163.9229810    0.98845904641
  11168.3372540    0.98812887687
  11172.7637190    0.98836177431
  11177.2023760    0.99086894752
  11181.6532240    0.99097614127
  11186.1162650    0.99180979742
  11190.5914970    0.99290709448
  11195.0789220    0.99312124643
  11199.5785380    0.99329990983
  11204.0903460    0.99320024212
  11208.6143460    0.99220539434
  11213.1505380    0.99196023905
  11217.6989220    0.99143797572
  11222.2594980    0.98954647367
  11226.8322660    0.98968502712
  11231.4172260    0.99027592738
  11236.0143770    0.98973286668
  11240.6237210    0.99013127900
  11245.2452560    0.99176416000
  11249.8789830    0.99287401773
  11254.5249020    0.99451140558
  11259.1830130    0.99682701795
  11263.8533160    0.99890125828
  11268.5358110    1.00147502199
  11273.2304980    1.00363657770
  11277.9373770    1.00517289822
  11282.6564480    1.00709118556
  11287.3877100    1.00872276824
  11292.1311650    1.01023643091
  11296.8868110    1.01180796887
  11301.6546490    1.01384070184
  11306.4346790    1.01692919439
  11311.2269010    1.02125111027
  11316.0313150    1.02362383690
  11320.8479210    1.02678178537
  11325.6767190    1.03010829304
