#---------------------------------
#  energy flat
  10182.0000000    0.00287688176
  10187.0000000    0.00226284822
  10192.0000000    0.00240568429
  10197.0000000    0.00319595336
  10202.0000000    0.00285361660
  10207.0000000    0.00324920188
  10212.0000000    0.00237966312
  10217.0000000    0.00133546215
  10222.0000000    0.00163757271
  10227.0000000    0.00183219883
  10232.0000000    0.00142957433
  10237.0000000    0.00098285364
  10242.0000000    0.00035572905
  10247.0000000   -0.00030308967
  10252.0000000   -0.00154021143
  10257.0000000   -0.00209705773
  10262.0000000   -0.00239805432
  10267.0000000   -0.00251508715
  10272.0000000   -0.00108484929
  10277.0000000   -0.00046901277
  10282.0000000   -0.00002358963
  10287.0000000    0.00048258060
  10292.0000000    0.00023900092
  10297.0000000   -0.00031704154
  10302.0000000   -0.00002044301
  10307.0000000    0.00064752805
  10312.0000000    0.00112717168
  10317.0000000    0.00203422672
  10322.0000000    0.00315395397
  10327.0000000    0.00372385696
  10332.0000000    0.00499183466
  10337.0000000    0.00637544999
  10341.0000000    0.00777181532
  10344.0000000    0.00975176947
  10346.0000000    0.01004837832
  10347.0000000    0.01095889212
  10347.2000000    0.01091628809
  10347.4000000    0.01208839605
  10347.6000000    0.01286513122
  10347.8000000    0.01404780389
  10348.0000000    0.01480490248
  10348.2000000    0.01571989756
  10348.4000000    0.01570140863
  10348.6000000    0.01560621071
  10348.8000000    0.01627236093
  10349.0000000    0.01654922455
  10349.2000000    0.01713269442
  10349.4000000    0.01703313283
  10349.6000000    0.01708549635
  10349.8000000    0.01688051732
  10350.0000000    0.01720342930
  10350.2000000    0.01701257483
  10350.4000000    0.01676395895
  10350.6000000    0.01743998487
  10350.8000000    0.01806146474
  10351.0000000    0.01876505078
  10351.2000000    0.01909335994
  10351.4000000    0.01968280117
  10351.6000000    0.01964272349
  10351.8000000    0.02031645273
  10352.0000000    0.02129747724
  10352.2000000    0.02080472470
  10352.4000000    0.02104369316
  10352.6000000    0.02126934090
  10352.8000000    0.02188967243
  10353.0000000    0.02243926633
  10353.2000000    0.02240091115
  10353.4000000    0.02163577282
  10353.6000000    0.02110053177
  10353.8000000    0.02174589706
  10354.0000000    0.02296014903
  10354.2000000    0.02397918353
  10354.4000000    0.02511603751
  10354.6000000    0.02566218640
  10354.8000000    0.02531389478
  10355.0000000    0.02487959265
  10355.2000000    0.02529000798
  10355.4000000    0.02592411956
  10355.6000000    0.02704076280
  10355.8000000    0.02661794404
  10356.0000000    0.02593824206
  10356.2000000    0.02582926409
  10356.4000000    0.02629468482
  10356.6000000    0.02712929622
  10356.8000000    0.02812949798
  10357.0000000    0.02955148430
  10357.2000000    0.03024760614
  10357.4000000    0.03015769058
  10357.6000000    0.03020856127
  10357.8000000    0.03084726620
  10358.0000000    0.03297433209
  10358.2000000    0.03426138869
  10358.4000000    0.03579384513
  10358.6000000    0.03689142595
  10358.8000000    0.03833821637
  10359.0000000    0.03861714700
  10359.2000000    0.03846464702
  10359.4000000    0.03858303998
  10359.6000000    0.03840160188
  10359.8000000    0.03991178057
  10360.0000000    0.04126647428
  10360.2000000    0.04351296732
  10360.4000000    0.04565898078
  10360.6000000    0.04699920543
  10360.8000000    0.04866234274
  10361.0000000    0.04941898200
  10361.2000000    0.05064035366
  10361.4000000    0.05260068086
  10361.6000000    0.05411441939
  10361.8000000    0.05508947254
  10362.0000000    0.05672114539
  10362.2000000    0.05853000680
  10362.4000000    0.06006981260
  10362.6000000    0.06239381846
  10362.8000000    0.06427743668
  10363.0000000    0.06683501450
  10363.2000000    0.06864674675
  10363.4000000    0.07079528656
  10363.6000000    0.07305131080
  10363.8000000    0.07482962642
  10364.0000000    0.07679213546
  10364.2000000    0.07839624820
  10364.4000000    0.08034980020
  10364.6000000    0.08398394494
  10364.8000000    0.08834257616
  10365.0000000    0.09354018315
  10365.2000000    0.09812848198
  10365.4000000    0.10288891668
  10365.6000000    0.10777624273
  10365.8000000    0.11371912113
  10366.0000000    0.11948572963
  10366.2000000    0.12594409697
  10366.4000000    0.13216510283
  10366.6000000    0.13870006432
  10366.8000000    0.14622673055
  10367.0000000    0.15486165784
  10367.2000000    0.16596114824
  10367.4000000    0.17796564387
  10367.6000000    0.19160789922
  10367.8000000    0.20697358031
  10368.0000000    0.22373988933
  10368.2000000    0.24207367979
  10368.4000000    0.26222701188
  10368.6000000    0.28420505314
  10368.8000000    0.30856888153
  10369.0000000    0.33678228357
  10369.2000000    0.36690743879
  10369.4000000    0.40052457520
  10369.6000000    0.43796728498
  10369.8000000    0.47770253684
  10370.0000000    0.52149555605
  10370.2000000    0.56971587777
  10370.4000000    0.62187201332
  10370.6000000    0.67768755774
  10370.8000000    0.73663955787
  10371.0000000    0.79983432261
  10371.2000000    0.86811036837
  10371.4000000    0.94448449408
  10371.6000000    1.02212156196
  10371.8000000    1.08231468586
  10372.0000000    1.14677549330
  10372.2000000    1.22879599719
  10372.4000000    1.30913412734
  10372.6000000    1.38805141486
  10372.8000000    1.46447370375
  10373.0000000    1.53585765463
  10373.2000000    1.59798013906
  10373.4000000    1.65445589513
  10373.6000000    1.70542869431
  10373.8000000    1.75065095458
  10374.0000000    1.79074851969
  10374.2000000    1.82619105954
  10374.4000000    1.85640509365
  10374.6000000    1.88216529059
  10374.8000000    1.90467924201
  10375.0000000    1.92476433460
  10375.2000000    1.94352412099
  10375.4000000    1.96028820081
  10375.6000000    1.97538729513
  10375.8000000    1.98841075774
  10376.0000000    1.99836665388
  10376.2000000    2.00584591792
  10376.4000000    2.01072889262
  10376.6000000    2.01393470728
  10376.8000000    2.01479273215
  10377.0000000    2.01194746853
  10377.2000000    2.00493223147
  10377.4000000    1.99390204615
  10377.6000000    1.97715966851
  10377.8000000    1.95694045310
  10378.0000000    1.93333603673
  10378.2000000    1.90787945032
  10378.4000000    1.88001099367
  10378.6000000    1.85068103077
  10378.8000000    1.82159093879
  10379.0000000    1.79123180132
  10379.2000000    1.76074414722
  10379.4000000    1.72961834364
  10379.6000000    1.69741503601
  10379.8000000    1.66569734173
  10380.0000000    1.63439268538
  10380.2000000    1.60359454131
  10380.4000000    1.57267683513
  10380.6000000    1.54250702104
  10380.8000000    1.51218962471
  10381.0000000    1.48109237065
  10381.2000000    1.45024485848
  10381.4000000    1.42013421273
  10381.6000000    1.39184055970
  10381.8000000    1.36416801984
  10382.0000000    1.33719605764
  10382.2000000    1.31171748541
  10382.4000000    1.28664827153
  10382.6000000    1.26310482984
  10382.8000000    1.24048956487
  10383.0000000    1.21916971462
  10383.2000000    1.19873991547
  10383.4000000    1.18008392789
  10383.6000000    1.16266019527
  10383.8000000    1.14673398337
  10384.0000000    1.13228875561
  10384.2000000    1.11926893203
  10384.4000000    1.10808998104
  10384.6000000    1.09833964873
  10384.8000000    1.08985739710
  10385.0000000    1.08233707883
  10385.2000000    1.07447349249
  10385.4000000    1.06754221160
  10385.6000000    1.06091119041
  10385.8000000    1.05553561617
  10386.0000000    1.05078344312
  10386.2000000    1.04570453612
  10386.4000000    1.04164543585
  10386.6000000    1.03767369144
  10386.8000000    1.03177465815
  10387.0000000    1.02663774335
  10387.2000000    1.02404264100
  10387.4000000    1.02182657070
  10387.6000000    1.02214496254
  10387.8000000    1.02344342591
  10388.0000000    1.02500447860
  10388.2000000    1.02796107061
  10388.4000000    1.03011045957
  10388.6000000    1.03232859722
  10388.8000000    1.03320945807
  10389.0000000    1.03437219838
  10389.2000000    1.03596747969
  10389.4000000    1.03769673379
  10389.6000000    1.03874303245
  10389.8000000    1.03967572139
  10390.0000000    1.04195433774
  10390.2000000    1.04407272109
  10390.4000000    1.04644036817
  10390.6000000    1.04958689231
  10390.8000000    1.05396129308
  10391.0000000    1.05763482161
  10391.2000000    1.06104889868
  10391.4000000    1.06488402891
  10391.6000000    1.06745146602
  10391.8000000    1.06889612986
  10392.0000000    1.06980413176
  10392.2000000    1.07097861894
  10392.4000000    1.07256910462
  10392.6000000    1.07424831214
  10392.8000000    1.07608169628
  10393.0000000    1.07816043462
  10393.2000000    1.07907184143
  10393.4000000    1.07782352250
  10393.6000000    1.07805938369
  10393.8000000    1.07898385609
  10394.0000000    1.07986384024
  10394.2000000    1.08011276464
  10394.4000000    1.07981652464
  10394.6000000    1.08121575697
  10394.8000000    1.08191112376
  10395.0000000    1.08222714489
  10395.2000000    1.08191577903
  10395.4000000    1.08030364026
  10395.6000000    1.07794353815
  10395.8000000    1.07450635861
  10396.0000000    1.07127778060
  10396.2000000    1.06753343189
  10396.4000000    1.06438926720
  10396.6000000    1.06043581599
  10396.8000000    1.05456148651
  10397.0000000    1.04847959875
  10397.2278600    1.04139945577
  10397.4835810    1.03332130183
  10397.7671620    1.02466478942
  10398.0786040    1.01256971219
  10398.4179050    0.99540025900
  10398.7850670    0.98195857146
  10399.1800900    0.96686416121
  10399.6029730    0.95144148763
  10400.0537160    0.93469700116
  10400.5323190    0.91690379718
  10401.0387830    0.89986343499
  10401.5731070    0.88428451837
  10402.1352920    0.87151805418
  10402.7253370    0.85972270153
  10403.3432420    0.85016385811
  10403.9890080    0.84566661826
  10404.6626340    0.84688092555
  10405.3641200    0.84906277380
  10406.0934670    0.85311042366
  10406.8506740    0.86151582986
  10407.6357410    0.86979734172
  10408.4486690    0.87857080322
  10409.2894570    0.88708303855
  10410.1581060    0.89805438311
  10411.0546140    0.91539809642
  10411.9789830    0.93699821658
  10412.9312130    0.95968693090
  10413.9113030    0.97625843458
  10414.9192530    0.99911734004
  10415.9550640    1.02424313920
  10417.0187340    1.04799866638
  10418.1102660    1.06856412314
  10419.2327230    1.08633159889
  10420.3673730    1.10133146985
  10421.5142140    1.11437282384
  10422.6732480    1.12360564898
  10423.8444730    1.13121979643
  10425.0278900    1.13856659477
  10426.2234990    1.14261784364
  10427.4313000    1.14454642321
  10428.6512930    1.14668549473
  10429.8834780    1.14644828007
  10431.1278550    1.14375367487
  10432.3844230    1.13977639952
  10433.6531840    1.13443442641
  10434.9341360    1.12816891939
  10436.2272800    1.11963582927
  10437.5326170    1.11029856309
  10438.8501450    1.10093313856
  10440.1798650    1.09114127600
  10441.5217770    1.08174928476
  10442.8758810    1.07478968751
  10444.2421770    1.06825905708
  10445.6206640    1.06251012700
  10447.0113440    1.05656056612
  10448.4142150    1.04931780911
  10449.8292790    1.04277096146
  10451.2565340    1.03693238574
  10452.6959810    1.03159028127
  10454.1476200    1.02619569571
  10455.6114520    1.02029475520
  10457.0874750    1.01460558313
  10458.5756890    1.00882611367
  10460.0760960    1.00373210505
  10461.5886950    0.99908832185
  10463.1134850    0.99541145777
  10464.6504680    0.99320097361
  10466.1996420    0.99149541877
  10467.7610090    0.98929888260
  10469.3345670    0.98603437230
  10470.9203170    0.98360828263
  10472.5182590    0.98260618837
  10474.1283930    0.98250161053
  10475.7507190    0.98252783437
  10477.3852370    0.98174841719
  10479.0319460    0.98100316369
  10480.6908480    0.98069504198
  10482.3619420    0.97974382782
  10484.0452270    0.97776242979
  10485.7407040    0.97565080662
  10487.4483740    0.97389964483
  10489.1682350    0.97310137448
  10490.9002880    0.97468279855
  10492.6445330    0.97784523816
  10494.4009700    0.98258833426
  10496.1695980    0.98753693425
  10497.9504190    0.99260086656
  10499.7434320    0.99875975053
  10501.5486360    1.00497166643
  10503.3660320    1.01035154920
  10505.1956210    1.01453521473
  10507.0374010    1.01852224383
  10508.8913730    1.02180076534
  10510.7575370    1.02422338608
  10512.6358930    1.02579107256
  10514.5264410    1.02601743087
  10516.4291810    1.02605198330
  10518.3441120    1.02545839281
  10520.2712360    1.02375162269
  10522.2105520    1.02075484781
  10524.1620590    1.01689020981
  10526.1257580    1.01321441301
  10528.1016490    1.00864503231
  10530.0897330    1.00221998061
  10532.0900080    0.99625636192
  10534.1024750    0.99197736289
  10536.1271330    0.98870865192
  10538.1639840    0.98418084533
  10540.2130270    0.98014350930
  10542.2742610    0.97709635187
  10544.3476880    0.97341487440
  10546.4333060    0.97031120035
  10548.5311170    0.96867843273
  10550.6411190    0.96779993151
  10552.7633130    0.96886942051
  10554.8976990    0.97134593774
  10557.0442770    0.97345198315
  10559.2030470    0.97533810819
  10561.3740080    0.97753817291
  10563.5571620    0.97898501323
  10565.7525080    0.98000071944
  10567.9600450    0.98153574429
  10570.1797750    0.98338461241
  10572.4116960    0.98573595355
  10574.6558090    0.98782526555
  10576.9121140    0.98940777680
  10579.1806110    0.99164036858
  10581.4613000    0.99168897950
  10583.7541810    0.99098584537
  10586.0592540    0.99007920246
  10588.3765180    0.98885537717
  10590.7059750    0.98627213858
  10593.0476230    0.98328995188
  10595.4014640    0.98091979676
  10597.7674960    0.97914488505
  10600.1457200    0.97756211606
  10602.5361360    0.97628191765
  10604.9387440    0.97535591401
  10607.3535440    0.97407184557
  10609.7805360    0.97424998834
  10612.2197200    0.97626163661
  10614.6710960    0.97901348466
  10617.1346630    0.98175281579
  10619.6104230    0.98413570986
  10622.0983740    0.98577506322
  10624.5985170    0.98812064210
  10627.1108520    0.98954213200
  10629.6353800    0.99050951854
  10632.1720990    0.99173944317
  10634.7210090    0.99301976088
  10637.2821120    0.99387971023
  10639.8554070    0.99469346953
  10642.4408940    0.99568454512
  10645.0385720    0.99617981238
  10647.6484430    0.99625393286
  10650.2705050    0.99717192907
  10652.9047590    0.99868070890
  10655.5512050    0.99897530764
  10658.2098440    0.99747993182
  10660.8806740    0.99561987433
  10663.5636960    0.99340612378
  10666.2589090    0.99099159529
  10668.9663150    0.98819066295
  10671.6859130    0.98625885787
  10674.4177020    0.98329767635
  10677.1616840    0.98069974093
  10679.9178570    0.98027451401
  10682.6862220    0.97994041862
  10685.4667800    0.97969344195
  10688.2595290    0.97987819939
  10691.0644700    0.98133491835
  10693.8816020    0.98345783152
  10696.7109270    0.98644017453
  10699.5524440    0.98887071807
  10702.4061530    0.99030948800
  10705.2720530    0.99157645872
  10708.1501460    0.99306670934
  10711.0404300    0.99514407790
  10713.9429060    0.99689176599
  10716.8575740    0.99869288615
  10719.7844350    1.00030469797
  10722.7234870    1.00178302241
  10725.6747300    1.00284514145
  10728.6381660    1.00379512894
  10731.6137940    1.00513456657
  10734.6016140    1.00631636563
  10737.6016250    1.00645191474
  10740.6138290    1.00687393853
  10743.6382240    1.00681117153
  10746.6748110    1.00633108578
  10749.7235900    1.00562769354
  10752.7845610    1.00392075033
  10755.8577240    1.00177539755
  10758.9430790    0.99957579228
  10762.0406260    0.99876439323
  10765.1503650    0.99843828734
  10768.2722950    0.99860955164
  10771.4064180    1.00007640795
  10774.5527320    1.00192329449
  10777.7112390    1.00372291555
  10780.8819370    1.00461344041
  10784.0648270    1.00553798979
  10787.2599090    1.00590274399
  10790.4671830    1.00640346202
  10793.6866490    1.00821176969
  10796.9183070    1.00942863229
  10800.1621570    1.00850134980
  10803.4181980    1.00752548836
  10806.6864320    1.00827553379
  10809.9668570    1.01016085319
  10813.2594740    1.01032307072
  10816.5642840    1.01025187484
  10819.8812850    1.01046086513
  10823.2104780    1.01002476953
  10826.5518630    1.00918158059
  10829.9054400    1.00803171790
  10833.2712090    1.00682947638
  10836.6491690    1.00742511016
  10840.0393220    1.00869100049
  10843.4416660    1.00968004819
  10846.8562030    1.00952622412
  10850.2829310    1.00966913387
  10853.7218510    1.01090048899
  10857.1729640    1.01090689523
  10860.6362680    1.01021204423
  10864.1117640    1.01031870016
  10867.5994510    1.01187572497
  10871.0993310    1.01354122180
  10874.6114030    1.01354611538
  10878.1356660    1.01259531209
  10881.6721220    1.01180206836
  10885.2207690    1.01085570632
  10888.7816090    1.01017727011
  10892.3546400    1.00904980695
  10895.9398630    1.01020574396
  10899.5372780    1.01166771955
  10903.1468850    1.01218137066
  10906.7686840    1.01272241173
  10910.4026750    1.01201076747
  10914.0488570    1.01007800119
  10917.7072320    1.00883895476
  10921.3777990    1.00951005979
  10925.0605570    1.00916891500
  10928.7555070    1.00970190621
  10932.4626500    1.00987493317
  10936.1819840    1.00926784850
  10939.9135100    1.00668469461
  10943.6572280    1.00651159537
  10947.4131380    1.00751862257
  10951.1812390    1.00753008797
  10954.9615330    1.00745727466
  10958.7540190    1.00681923417
  10962.5586960    1.00675487557
  10966.3755650    1.00690178216
  10970.2046270    1.00617524532
  10974.0458800    1.00503003439
  10977.8993250    1.00362580752
  10981.7649620    1.00242011733
  10985.6427910    1.00193460872
  10989.5328120    1.00183290437
  10993.4350250    1.00140773001
  10997.3494290    1.00174415504
  11001.2760260    1.00153963963
  11005.2148140    1.00221276700
  11009.1657950    1.00291945064
  11013.1289670    1.00165373810
  11017.1043310    1.00095091218
  11021.0918880    1.00062838970
  11025.0916360    1.00095031457
  11029.1035750    1.00017034064
  11033.1277070    0.99934822179
  11037.1640310    0.99975870617
  11041.2125470    0.99845871942
  11045.2732540    0.99617093716
  11049.3461540    0.99552636604
  11053.4312450    0.99550065240
  11057.5285290    0.99487723368
  11061.6380040    0.99504400931
  11065.7596710    0.99592247613
  11069.8935300    0.99527620419
  11074.0395810    0.99455587648
  11078.1978240    0.99507096127
  11082.3682580    0.99548174264
  11086.5508850    0.99567863366
  11090.7457040    0.99560031287
  11094.9527140    0.99513932938
  11099.1719160    0.99494088526
  11103.4033110    0.99487026659
  11107.6468970    0.99520711853
  11111.9026750    0.99508875345
  11116.1706450    0.99588305404
  11120.4508070    0.99563878537
  11124.7431610    0.99400484587
  11129.0477070    0.99361906864
  11133.3644440    0.99236084548
  11137.6933740    0.99332306213
  11142.0344950    0.99367115972
  11146.3878090    0.99365482557
  11150.7533140    0.99332513344
  11155.1310110    0.99197483710
  11159.5209000    0.98928763234
  11163.9229810    0.98789252015
  11168.3372540    0.98645058249
  11172.7637190    0.98494147294
  11177.2023760    0.98919452944
  11181.6532240    0.99003472802
  11186.1162650    0.99115560004
  11190.5914970    0.99211924387
  11195.0789220    0.99141755765
  11199.5785380    0.99243740474
  11204.0903460    0.99246963508
  11208.6143460    0.99240267067
  11213.1505380    0.99286569803
  11217.6989220    0.99340714775
  11222.2594980    0.99422409286
  11226.8322660    0.99483729759
  11231.4172260    0.99530501179
  11236.0143770    0.99527329754
  11240.6237210    0.99615924628
  11245.2452560    0.99640812187
  11249.8789830    0.99710321512
  11254.5249020    0.99776683629
  11259.1830130    0.99781158511
  11263.8533160    0.99832693610
  11268.5358110    0.99909539841
  11273.2304980    1.00153869301
  11277.9373770    1.00486094574
  11282.6564480    1.00778336830
  11287.3877100    1.01009910996
  11292.1311650    1.01016505492
  11296.8868110    1.01085481533
  11301.6546490    1.01184419023
  11306.4346790    1.01322820640
  11311.2269010    1.01412795478
  11316.0313150    1.01435315562
  11320.8479210    1.01651762842
  11325.6767190    1.01818718725
