#---------------------------------
#  energy flat
  10182.0000000    0.00198520051
  10187.0000000    0.00135323404
  10192.0000000    0.00118401717
  10197.0000000    0.00102990928
  10202.0000000    0.00127386874
  10207.0000000    0.00124320024
  10212.0000000    0.00099616717
  10217.0000000    0.00077184695
  10222.0000000    0.00043218497
  10227.0000000    0.00023531767
  10232.0000000    0.00027891031
  10237.0000000    0.00035400468
  10242.0000000    0.00025391387
  10247.0000000    0.00017554838
  10252.0000000   -0.00007879229
  10257.0000000   -0.00023270268
  10262.0000000   -0.00038029297
  10267.0000000   -0.00075254296
  10272.0000000   -0.00069315008
  10277.0000000   -0.00090206506
  10282.0000000   -0.00080494910
  10287.0000000   -0.00079483323
  10292.0000000   -0.00059383068
  10297.0000000   -0.00062706672
  10302.0000000   -0.00037560215
  10307.0000000    0.00008817818
  10312.0000000    0.00125566178
  10317.0000000    0.00239026113
  10322.0000000    0.00352969930
  10327.0000000    0.00482309109
  10332.0000000    0.00621009930
  10337.0000000    0.00794333032
  10341.0000000    0.00999696186
  10344.0000000    0.01209597094
  10346.0000000    0.01413143466
  10347.0000000    0.01545425932
  10347.2000000    0.01660867413
  10347.4000000    0.01710560137
  10347.6000000    0.01767244469
  10347.8000000    0.01799843306
  10348.0000000    0.01824779026
  10348.2000000    0.01825125619
  10348.4000000    0.01859106977
  10348.6000000    0.01880043261
  10348.8000000    0.01890057627
  10349.0000000    0.01915368603
  10349.2000000    0.01957664839
  10349.4000000    0.01973387042
  10349.6000000    0.02018448321
  10349.8000000    0.02041567013
  10350.0000000    0.02090212971
  10350.2000000    0.02103644139
  10350.4000000    0.02134722203
  10350.6000000    0.02179734106
  10350.8000000    0.02226098904
  10351.0000000    0.02286644419
  10351.2000000    0.02335320003
  10351.4000000    0.02397504793
  10351.6000000    0.02445212612
  10351.8000000    0.02498460390
  10352.0000000    0.02547323602
  10352.2000000    0.02557545346
  10352.4000000    0.02623857950
  10352.6000000    0.02673777803
  10352.8000000    0.02721534997
  10353.0000000    0.02747714986
  10353.2000000    0.02787878189
  10353.4000000    0.02800716849
  10353.6000000    0.02841156556
  10353.8000000    0.02902748838
  10354.0000000    0.02934508287
  10354.2000000    0.03012809324
  10354.4000000    0.03090468477
  10354.6000000    0.03149532719
  10354.8000000    0.03207708199
  10355.0000000    0.03256561535
  10355.2000000    0.03315201146
  10355.4000000    0.03367826790
  10355.6000000    0.03453514441
  10355.8000000    0.03523549976
  10356.0000000    0.03644393165
  10356.2000000    0.03734662886
  10356.4000000    0.03834965760
  10356.6000000    0.03913790181
  10356.8000000    0.03982660449
  10357.0000000    0.04071597024
  10357.2000000    0.04170942009
  10357.4000000    0.04258466437
  10357.6000000    0.04335384954
  10357.8000000    0.04436477840
  10358.0000000    0.04511174447
  10358.2000000    0.04579511457
  10358.4000000    0.04689077223
  10358.6000000    0.04795206437
  10358.8000000    0.04902984801
  10359.0000000    0.05021270326
  10359.2000000    0.05131122471
  10359.4000000    0.05265484743
  10359.6000000    0.05385468793
  10359.8000000    0.05528797702
  10360.0000000    0.05665520134
  10360.2000000    0.05845396978
  10360.4000000    0.05991619306
  10360.6000000    0.06151281714
  10360.8000000    0.06331148682
  10361.0000000    0.06490969094
  10361.2000000    0.06683900887
  10361.4000000    0.06862266832
  10361.6000000    0.07049698166
  10361.8000000    0.07255141776
  10362.0000000    0.07486932290
  10362.2000000    0.07722978994
  10362.4000000    0.07956073028
  10362.6000000    0.08206369575
  10362.8000000    0.08420039186
  10363.0000000    0.08696909765
  10363.2000000    0.08951482253
  10363.4000000    0.09256418012
  10363.6000000    0.09522840681
  10363.8000000    0.09867899180
  10364.0000000    0.10224353603
  10364.2000000    0.10617741092
  10364.4000000    0.11009232552
  10364.6000000    0.11432275121
  10364.8000000    0.11886977424
  10365.0000000    0.12350656240
  10365.2000000    0.12860570514
  10365.4000000    0.13411841922
  10365.6000000    0.13997478856
  10365.8000000    0.14633607439
  10366.0000000    0.15383033632
  10366.2000000    0.16162865416
  10366.4000000    0.16990808937
  10366.6000000    0.17923251309
  10366.8000000    0.18955491960
  10367.0000000    0.20092804220
  10367.2000000    0.21338417264
  10367.4000000    0.22761516403
  10367.6000000    0.24383510963
  10367.8000000    0.26189094460
  10368.0000000    0.28188211172
  10368.2000000    0.30430315857
  10368.4000000    0.32923743141
  10368.6000000    0.35636359283
  10368.8000000    0.38594629689
  10369.0000000    0.41785657409
  10369.2000000    0.45225578443
  10369.4000000    0.48957863205
  10369.6000000    0.52947810415
  10369.8000000    0.57228837583
  10370.0000000    0.61827429867
  10370.2000000    0.66788005695
  10370.4000000    0.72051175909
  10370.6000000    0.77660568927
  10370.8000000    0.83745351727
  10371.0000000    0.90404700319
  10371.2000000    0.96913628265
  10371.4000000    1.01433520629
  10371.6000000    1.07127289571
  10371.8000000    1.13239742766
  10372.0000000    1.18957483707
  10372.2000000    1.24254994993
  10372.4000000    1.29086337384
  10372.6000000    1.33167955762
  10372.8000000    1.36681236882
  10373.0000000    1.39727006007
  10373.2000000    1.42325823178
  10373.4000000    1.44511244136
  10373.6000000    1.46340623725
  10373.8000000    1.47854904306
  10374.0000000    1.49117069556
  10374.2000000    1.50163637771
  10374.4000000    1.51046394204
  10374.6000000    1.51802726162
  10374.8000000    1.52493820049
  10375.0000000    1.53110195697
  10375.2000000    1.53725758708
  10375.4000000    1.54288388014
  10375.6000000    1.54794686530
  10375.8000000    1.55307914453
  10376.0000000    1.55770242866
  10376.2000000    1.56088647822
  10376.4000000    1.56267928616
  10376.6000000    1.56307137208
  10376.8000000    1.56090280044
  10377.0000000    1.55719248911
  10377.2000000    1.55079946279
  10377.4000000    1.54261663245
  10377.6000000    1.53204418111
  10377.8000000    1.51960845411
  10378.0000000    1.50556106997
  10378.2000000    1.48997846213
  10378.4000000    1.47342173646
  10378.6000000    1.45592881329
  10378.8000000    1.43830431953
  10379.0000000    1.42025733319
  10379.2000000    1.40258892610
  10379.4000000    1.38544011522
  10379.6000000    1.36870503866
  10379.8000000    1.35288100880
  10380.0000000    1.33770534629
  10380.2000000    1.32352328626
  10380.4000000    1.31000559082
  10380.6000000    1.29745957442
  10380.8000000    1.28572723441
  10381.0000000    1.27484510859
  10381.2000000    1.26476816596
  10381.4000000    1.25521140947
  10381.6000000    1.24597121315
  10381.8000000    1.23695870044
  10382.0000000    1.22829632293
  10382.2000000    1.22026828724
  10382.4000000    1.21217088977
  10382.6000000    1.20422296368
  10382.8000000    1.19613496923
  10383.0000000    1.18821145583
  10383.2000000    1.18031338107
  10383.4000000    1.17261869495
  10383.6000000    1.16495774213
  10383.8000000    1.15742137370
  10384.0000000    1.15053415744
  10384.2000000    1.14337177897
  10384.4000000    1.13671753492
  10384.6000000    1.13042369289
  10384.8000000    1.12407036113
  10385.0000000    1.11793325357
  10385.2000000    1.11204535306
  10385.4000000    1.10631975791
  10385.6000000    1.10109637060
  10385.8000000    1.09637143830
  10386.0000000    1.09164804317
  10386.2000000    1.08733699122
  10386.4000000    1.08323386657
  10386.6000000    1.07946270083
  10386.8000000    1.07603593649
  10387.0000000    1.07290577750
  10387.2000000    1.07016860511
  10387.4000000    1.06755522243
  10387.6000000    1.06541303698
  10387.8000000    1.06339938085
  10388.0000000    1.06163710058
  10388.2000000    1.06019512446
  10388.4000000    1.05893342268
  10388.6000000    1.05766851457
  10388.8000000    1.05634233402
  10389.0000000    1.05530920119
  10389.2000000    1.05420511777
  10389.4000000    1.05324476927
  10389.6000000    1.05230590107
  10389.8000000    1.05157179569
  10390.0000000    1.05097451187
  10390.2000000    1.05030311609
  10390.4000000    1.04957005081
  10390.6000000    1.04873384010
  10390.8000000    1.04803583244
  10391.0000000    1.04722539620
  10391.2000000    1.04648403641
  10391.4000000    1.04584473586
  10391.6000000    1.04539498807
  10391.8000000    1.04499160311
  10392.0000000    1.04447124576
  10392.2000000    1.04430634294
  10392.4000000    1.04405113009
  10392.6000000    1.04373937998
  10392.8000000    1.04355338766
  10393.0000000    1.04321013100
  10393.2000000    1.04319151711
  10393.4000000    1.04297139771
  10393.6000000    1.04331884933
  10393.8000000    1.04372095631
  10394.0000000    1.04388936409
  10394.2000000    1.04419932799
  10394.4000000    1.04457382176
  10394.6000000    1.04497176431
  10394.8000000    1.04471157261
  10395.0000000    1.04462789412
  10395.2000000    1.04431821745
  10395.4000000    1.04345745230
  10395.6000000    1.04307774934
  10395.8000000    1.04220956581
  10396.0000000    1.04065006597
  10396.2000000    1.03892776760
  10396.4000000    1.03700198483
  10396.6000000    1.03469575474
  10396.8000000    1.03192197818
  10397.0000000    1.02830697920
  10397.2278600    1.02399981542
  10397.4835810    1.01911144456
  10397.7671620    1.01294209731
  10398.0786040    1.00563377808
  10398.4179050    0.99705912145
  10398.7850670    0.98734910786
  10399.1800900    0.97756320202
  10399.6029730    0.96766711733
  10400.0537160    0.95649686680
  10400.5323190    0.94199912569
  10401.0387830    0.93098590412
  10401.5731070    0.92142880096
  10402.1352920    0.91313936758
  10402.7253370    0.90645275723
  10403.3432420    0.90105514392
  10403.9890080    0.89769508605
  10404.6626340    0.89644787467
  10405.3641200    0.89704733343
  10406.0934670    0.89892117091
  10406.8506740    0.90218324122
  10407.6357410    0.90649552586
  10408.4486690    0.91177934187
  10409.2894570    0.91852483405
  10410.1581060    0.92662056476
  10411.0546140    0.93280790584
  10411.9789830    0.94268545753
  10412.9312130    0.95554912135
  10413.9113030    0.96958622995
  10414.9192530    0.98479068832
  10415.9550640    1.00027436439
  10417.0187340    1.01506204538
  10418.1102660    1.02884529310
  10419.2327230    1.04017818469
  10420.3673730    1.04947833239
  10421.5142140    1.05735590463
  10422.6732480    1.06344164648
  10423.8444730    1.06807495087
  10425.0278900    1.07130171687
  10426.2234990    1.07355060635
  10427.4313000    1.07499491017
  10428.6512930    1.07600048488
  10429.8834780    1.07712121015
  10431.1278550    1.07813872874
  10432.3844230    1.07929150977
  10433.6531840    1.08009140378
  10434.9341360    1.08023157543
  10436.2272800    1.07947470545
  10437.5326170    1.07774088439
  10438.8501450    1.07517753293
  10440.1798650    1.07192693174
  10441.5217770    1.06760955963
  10442.8758810    1.06309687891
  10444.2421770    1.05839785571
  10445.6206640    1.05353014692
  10447.0113440    1.04862417868
  10448.4142150    1.04376851136
  10449.8292790    1.03882279267
  10451.2565340    1.03376616442
  10452.6959810    1.02882444429
  10454.1476200    1.02398131170
  10455.6114520    1.01904032064
  10457.0874750    1.01429661300
  10458.5756890    1.01027442997
  10460.0760960    1.00677455514
  10461.5886950    1.00388316657
  10463.1134850    1.00178400710
  10464.6504680    1.00041650277
  10466.1996420    0.99913231414
  10467.7610090    0.99797810788
  10469.3345670    0.99662352080
  10470.9203170    0.99501686047
  10472.5182590    0.99366576248
  10474.1283930    0.99194893288
  10475.7507190    0.99057111101
  10477.3852370    0.98963069951
  10479.0319460    0.98889429504
  10480.6908480    0.98733650088
  10482.3619420    0.98611591005
  10484.0452270    0.98566785692
  10485.7407040    0.98498767634
  10487.4483740    0.98479509930
  10489.1682350    0.98486460821
  10490.9002880    0.98547470669
  10492.6445330    0.98641547187
  10494.4009700    0.98791247180
  10496.1695980    0.98989146325
  10497.9504190    0.99205857307
  10499.7434320    0.99498933656
  10501.5486360    0.99796880096
  10503.3660320    1.00063553850
  10505.1956210    1.00340884741
  10507.0374010    1.00617733502
  10508.8913730    1.00854085255
  10510.7575370    1.01029398670
  10512.6358930    1.01151414477
  10514.5264410    1.01214857584
  10516.4291810    1.01229107230
  10518.3441120    1.01246341302
  10520.2712360    1.01191130265
  10522.2105520    1.01076920846
  10524.1620590    1.00994501558
  10526.1257580    1.00942446127
  10528.1016490    1.00824309273
  10530.0897330    1.00661060723
  10532.0900080    1.00486804025
  10534.1024750    1.00325253329
  10536.1271330    1.00132596254
  10538.1639840    0.99927825654
  10540.2130270    0.99781442979
  10542.2742610    0.99651728018
  10544.3476880    0.99493207236
  10546.4333060    0.99367019148
  10548.5311170    0.99305683216
  10550.6411190    0.99228727313
  10552.7633130    0.99197248706
  10554.8976990    0.99220578724
  10557.0442770    0.99222430634
  10559.2030470    0.99180731771
  10561.3740080    0.99117629970
  10563.5571620    0.99074074588
  10565.7525080    0.99084339115
  10567.9600450    0.99129824944
  10570.1797750    0.99095353724
  10572.4116960    0.99015770176
  10574.6558090    0.98946103061
  10576.9121140    0.98893881189
  10579.1806110    0.98844808756
  10581.4613000    0.98766893107
  10583.7541810    0.98697464616
  10586.0592540    0.98567063199
  10588.3765180    0.98442900375
  10590.7059750    0.98408954886
  10593.0476230    0.98396476098
  10595.4014640    0.98340741580
  10597.7674960    0.98247398943
  10600.1457200    0.98157941790
  10602.5361360    0.98142639400
  10604.9387440    0.98164101583
  10607.3535440    0.98196195209
  10609.7805360    0.98194260790
  10612.2197200    0.98288211162
  10614.6710960    0.98423233978
  10617.1346630    0.98565155421
  10619.6104230    0.98716575950
  10622.0983740    0.98893604882
  10624.5985170    0.99079723237
  10627.1108520    0.99156361674
  10629.6353800    0.99194730847
  10632.1720990    0.99218106991
  10634.7210090    0.99209988504
  10637.2821120    0.99210437922
  10639.8554070    0.99219147722
  10642.4408940    0.99237271244
  10645.0385720    0.99279983969
  10647.6484430    0.99295072576
  10650.2705050    0.99262516344
  10652.9047590    0.99325115268
  10655.5512050    0.99324930924
  10658.2098440    0.99277945388
  10660.8806740    0.99235295823
  10663.5636960    0.99238006481
  10666.2589090    0.99214702108
  10668.9663150    0.99153553872
  10671.6859130    0.99132991357
  10674.4177020    0.99106858657
  10677.1616840    0.99053252450
  10679.9178570    0.98983805052
  10682.6862220    0.98943703779
  10685.4667800    0.98965712429
  10688.2595290    0.99028853763
  10691.0644700    0.99120444942
  10693.8816020    0.99225669600
  10696.7109270    0.99374524083
  10699.5524440    0.99516107046
  10702.4061530    0.99587192358
  10705.2720530    0.99630592727
  10708.1501460    0.99636505332
  10711.0404300    0.99647386292
  10713.9429060    0.99657480536
  10716.8575740    0.99680940792
  10719.7844350    0.99653036483
  10722.7234870    0.99661607719
  10725.6747300    0.99697322488
  10728.6381660    0.99739096726
  10731.6137940    0.99736911802
  10734.6016140    0.99736557218
  10737.6016250    0.99810070185
  10740.6138290    0.99906186117
  10743.6382240    0.99957286882
  10746.6748110    0.99959310179
  10749.7235900    0.99983876444
  10752.7845610    1.00067706856
  10755.8577240    1.00160660291
  10758.9430790    1.00193141133
  10762.0406260    1.00201513688
  10765.1503650    1.00284138027
  10768.2722950    1.00343766840
  10771.4064180    1.00377420473
  10774.5527320    1.00438960395
  10777.7112390    1.00517249275
  10780.8819370    1.00625146182
  10784.0648270    1.00703737089
  10787.2599090    1.00682415460
  10790.4671830    1.00681164832
  10793.6866490    1.00719498626
  10796.9183070    1.00739528495
  10800.1621570    1.00736138581
  10803.4181980    1.00702573500
  10806.6864320    1.00713685719
  10809.9668570    1.00704475686
  10813.2594740    1.00673499951
  10816.5642840    1.00684451318
  10819.8812850    1.00698834429
  10823.2104780    1.00737285981
  10826.5518630    1.00790698562
  10829.9054400    1.00891914235
  10833.2712090    1.00965799976
  10836.6491690    1.00969237899
  10840.0393220    1.01001647803
  10843.4416660    1.01009700692
  10846.8562030    1.00975933853
  10850.2829310    1.00899573674
  10853.7218510    1.00831276147
  10857.1729640    1.00828649313
  10860.6362680    1.00829377505
  10864.1117640    1.00850738629
  10867.5994510    1.00893124193
  10871.0993310    1.00906977084
  10874.6114030    1.00935843326
  10878.1356660    1.00940357241
  10881.6721220    1.00920614217
  10885.2207690    1.00906651424
  10888.7816090    1.00914048753
  10892.3546400    1.00888411144
  10895.9398630    1.00808622846
  10899.5372780    1.00718566605
  10903.1468850    1.00634988503
  10906.7686840    1.00633392030
  10910.4026750    1.00686381896
  10914.0488570    1.00700300912
  10917.7072320    1.00653936177
  10921.3777990    1.00666815978
  10925.0605570    1.00670900367
  10928.7555070    1.00651969295
  10932.4626500    1.00623058565
  10936.1819840    1.00572358745
  10939.9135100    1.00493571094
  10943.6572280    1.00407672602
  10947.4131380    1.00323395659
  10951.1812390    1.00311212736
  10954.9615330    1.00306524450
  10958.7540190    1.00250973329
  10962.5586960    1.00224316472
  10966.3755650    1.00179435620
  10970.2046270    1.00154435824
  10974.0458800    1.00086775571
  10977.8993250    1.00052975842
  10981.7649620    1.00018937105
  10985.6427910    1.00021879046
  10989.5328120    1.00002522301
  10993.4350250    0.99950806215
  10997.3494290    0.99932374097
  11001.2760260    0.99883959861
  11005.2148140    0.99884184935
  11009.1657950    0.99878534792
  11013.1289670    0.99943835815
  11017.1043310    0.99974343584
  11021.0918880    0.99968240986
  11025.0916360    0.99995860214
  11029.1035750    1.00053885765
  11033.1277070    1.00047401425
  11037.1640310    1.00023832998
  11041.2125470    1.00058001319
  11045.2732540    1.00000266562
  11049.3461540    0.99933174758
  11053.4312450    0.99913657645
  11057.5285290    0.99850461728
  11061.6380040    0.99831411449
  11065.7596710    0.99774717129
  11069.8935300    0.99725763074
  11074.0395810    0.99657669029
  11078.1978240    0.99594670344
  11082.3682580    0.99588081975
  11086.5508850    0.99488695762
  11090.7457040    0.99421123939
  11094.9527140    0.99454186150
  11099.1719160    0.99478872245
  11103.4033110    0.99474576536
  11107.6468970    0.99464126663
  11111.9026750    0.99458818088
  11116.1706450    0.99472002649
  11120.4508070    0.99463866711
  11124.7431610    0.99443560025
  11129.0477070    0.99386995012
  11133.3644440    0.99418095456
  11137.6933740    0.99498183199
  11142.0344950    0.99463504337
  11146.3878090    0.99460940088
  11150.7533140    0.99569828673
  11155.1310110    0.99520305752
  11159.5209000    0.99488590239
  11163.9229810    0.99661391372
  11168.3372540    0.99617981028
  11172.7637190    0.99550802016
  11177.2023760    0.99675171069
  11181.6532240    0.99592628013
  11186.1162650    0.99573362114
  11190.5914970    0.99545609522
  11195.0789220    0.99557809719
  11199.5785380    0.99594770472
  11204.0903460    0.99596726328
  11208.6143460    0.99582185895
  11213.1505380    0.99589214209
  11217.6989220    0.99591849484
  11222.2594980    0.99616333739
  11226.8322660    0.99635073474
  11231.4172260    0.99681250769
  11236.0143770    0.99730479596
  11240.6237210    0.99766218586
  11245.2452560    0.99799995990
  11249.8789830    0.99846030016
  11254.5249020    0.99883999929
  11259.1830130    0.99935183463
  11263.8533160    0.99970222975
  11268.5358110    1.00072440768
  11273.2304980    1.00131887253
  11277.9373770    1.00176296829
  11282.6564480    1.00269907171
  11287.3877100    1.00353936196
  11292.1311650    1.00418231686
  11296.8868110    1.00500778205
  11301.6546490    1.00645450691
  11306.4346790    1.00798325798
  11311.2269010    1.00989700662
  11316.0313150    1.01068115693
  11320.8479210    1.01227292697
  11325.6767190    1.01450519493
