#---------------------------------
#  energy flat
  10182.0000000    0.00290314822
  10187.0000000    0.00233598248
  10192.0000000    0.00227190415
  10197.0000000    0.00193651206
  10202.0000000    0.00192862899
  10207.0000000    0.00143329655
  10212.0000000    0.00095589065
  10217.0000000    0.00057600006
  10222.0000000    0.00029489615
  10227.0000000    0.00052349086
  10232.0000000    0.00014283744
  10237.0000000    0.00055120612
  10242.0000000    0.00044084934
  10247.0000000   -0.00004749047
  10252.0000000   -0.00019408175
  10257.0000000   -0.00047594849
  10262.0000000   -0.00078654855
  10267.0000000   -0.00061236915
  10272.0000000   -0.00094648985
  10277.0000000   -0.00033889499
  10282.0000000   -0.00013420234
  10287.0000000    0.00002980597
  10292.0000000    0.00022521751
  10297.0000000    0.00018961823
  10302.0000000    0.00008561838
  10307.0000000    0.00011333411
  10312.0000000    0.00041096508
  10317.0000000    0.00052818639
  10322.0000000    0.00160021853
  10327.0000000    0.00311736289
  10332.0000000    0.00434730116
  10337.0000000    0.00564131729
  10341.0000000    0.00722109021
  10344.0000000    0.00870024575
  10346.0000000    0.01010205026
  10347.0000000    0.01095647237
  10347.2000000    0.01266293672
  10347.4000000    0.01335725073
  10347.6000000    0.01377707252
  10347.8000000    0.01396690059
  10348.0000000    0.01394567860
  10348.2000000    0.01387067698
  10348.4000000    0.01384093670
  10348.6000000    0.01381920615
  10348.8000000    0.01368190662
  10349.0000000    0.01362584866
  10349.2000000    0.01380169148
  10349.4000000    0.01370355064
  10349.6000000    0.01364189857
  10349.8000000    0.01387953076
  10350.0000000    0.01445484305
  10350.2000000    0.01483728609
  10350.4000000    0.01504631209
  10350.6000000    0.01553224594
  10350.8000000    0.01581958931
  10351.0000000    0.01633705354
  10351.2000000    0.01671911517
  10351.4000000    0.01722996819
  10351.6000000    0.01751985433
  10351.8000000    0.01795150001
  10352.0000000    0.01831550795
  10352.2000000    0.01878821940
  10352.4000000    0.01955830801
  10352.6000000    0.02011594803
  10352.8000000    0.02054517807
  10353.0000000    0.02079387131
  10353.2000000    0.02113524859
  10353.4000000    0.02159817036
  10353.6000000    0.02204252990
  10353.8000000    0.02235326677
  10354.0000000    0.02286030563
  10354.2000000    0.02324719852
  10354.4000000    0.02358921149
  10354.6000000    0.02420037686
  10354.8000000    0.02462223287
  10355.0000000    0.02497085704
  10355.2000000    0.02556485870
  10355.4000000    0.02590712595
  10355.6000000    0.02662902903
  10355.8000000    0.02748989460
  10356.0000000    0.02788645003
  10356.2000000    0.02841332251
  10356.4000000    0.02868896913
  10356.6000000    0.02907268356
  10356.8000000    0.02965104717
  10357.0000000    0.03033887712
  10357.2000000    0.03058744322
  10357.4000000    0.03094750987
  10357.6000000    0.03149014753
  10357.8000000    0.03164374111
  10358.0000000    0.03251350638
  10358.2000000    0.03354893323
  10358.4000000    0.03425519827
  10358.6000000    0.03522375023
  10358.8000000    0.03596319844
  10359.0000000    0.03648600249
  10359.2000000    0.03678745824
  10359.4000000    0.03763700848
  10359.6000000    0.03868146217
  10359.8000000    0.03958237640
  10360.0000000    0.04020714560
  10360.2000000    0.04138903612
  10360.4000000    0.04284834304
  10360.6000000    0.04462244513
  10360.8000000    0.04556607792
  10361.0000000    0.04655408208
  10361.2000000    0.04790544834
  10361.4000000    0.04965768259
  10361.6000000    0.05190245175
  10361.8000000    0.05385734491
  10362.0000000    0.05584008143
  10362.2000000    0.05771513155
  10362.4000000    0.05970842057
  10362.6000000    0.06157190109
  10362.8000000    0.06345534236
  10363.0000000    0.06535734587
  10363.2000000    0.06731681603
  10363.4000000    0.06901183791
  10363.6000000    0.07176973843
  10363.8000000    0.07495851164
  10364.0000000    0.07751578746
  10364.2000000    0.08025398150
  10364.4000000    0.08309604777
  10364.6000000    0.08627668411
  10364.8000000    0.08979220351
  10365.0000000    0.09378856107
  10365.2000000    0.09788599381
  10365.4000000    0.10178445465
  10365.6000000    0.10639336595
  10365.8000000    0.11152278265
  10366.0000000    0.11707671512
  10366.2000000    0.12327549453
  10366.4000000    0.12982619357
  10366.6000000    0.13704386167
  10366.8000000    0.14530126919
  10367.0000000    0.15386660638
  10367.2000000    0.16348986380
  10367.4000000    0.17476935568
  10367.6000000    0.18807480105
  10367.8000000    0.20308542923
  10368.0000000    0.22031844003
  10368.2000000    0.23978591160
  10368.4000000    0.26127475967
  10368.6000000    0.28495916411
  10368.8000000    0.31112493248
  10369.0000000    0.34013186700
  10369.2000000    0.37199001161
  10369.4000000    0.40737777785
  10369.6000000    0.44569125740
  10369.8000000    0.48665659373
  10370.0000000    0.53124385432
  10370.2000000    0.57988569178
  10370.4000000    0.63143836734
  10370.6000000    0.68723467487
  10370.8000000    0.74624491891
  10371.0000000    0.80868777783
  10371.2000000    0.87787355918
  10371.4000000    0.95698174493
  10371.6000000    1.03817322366
  10371.8000000    1.09666105521
  10372.0000000    1.17569295780
  10372.2000000    1.26474872137
  10372.4000000    1.35250436568
  10372.6000000    1.43895384614
  10372.8000000    1.52404202243
  10373.0000000    1.60608379921
  10373.2000000    1.67803264646
  10373.4000000    1.74361118193
  10373.6000000    1.80174889810
  10373.8000000    1.85263294248
  10374.0000000    1.89694528608
  10374.2000000    1.93558937531
  10374.4000000    1.96761599291
  10374.6000000    1.99495281383
  10374.8000000    2.01923026279
  10375.0000000    2.04044859370
  10375.2000000    2.05929257461
  10375.4000000    2.07651639114
  10375.6000000    2.09091273476
  10375.8000000    2.10279614586
  10376.0000000    2.11227392895
  10376.2000000    2.11932752138
  10376.4000000    2.12276283700
  10376.6000000    2.12288093952
  10376.8000000    2.11931668643
  10377.0000000    2.11143235024
  10377.2000000    2.09998033646
  10377.4000000    2.08492885997
  10377.6000000    2.06485345972
  10377.8000000    2.04135125016
  10378.0000000    2.01503809011
  10378.2000000    1.98502629747
  10378.4000000    1.95347392234
  10378.6000000    1.92160505466
  10378.8000000    1.88943851035
  10379.0000000    1.85626841557
  10379.2000000    1.82211053507
  10379.4000000    1.78744621499
  10379.6000000    1.75224239895
  10379.8000000    1.71629235910
  10380.0000000    1.67974052437
  10380.2000000    1.64262325610
  10380.4000000    1.60526068858
  10380.6000000    1.56758670943
  10380.8000000    1.52960106393
  10381.0000000    1.49169228706
  10381.2000000    1.45367831607
  10381.4000000    1.41564941866
  10381.6000000    1.37894614387
  10381.8000000    1.34465552622
  10382.0000000    1.31172078922
  10382.2000000    1.28008624573
  10382.4000000    1.25017043549
  10382.6000000    1.22116526518
  10382.8000000    1.19423430675
  10383.0000000    1.16937425413
  10383.2000000    1.14730674553
  10383.4000000    1.12728191715
  10383.6000000    1.10900556968
  10383.8000000    1.09264425430
  10384.0000000    1.07804108154
  10384.2000000    1.06563264484
  10384.4000000    1.05496683895
  10384.6000000    1.04256616857
  10384.8000000    1.03299719725
  10385.0000000    1.02577501791
  10385.2000000    1.01986751907
  10385.4000000    1.01430031005
  10385.6000000    1.00972230580
  10385.8000000    1.00704076683
  10386.0000000    1.00426826219
  10386.2000000    1.00154642390
  10386.4000000    0.99928438341
  10386.6000000    0.99721489499
  10386.8000000    0.99526370918
  10387.0000000    0.99431240462
  10387.2000000    0.99393888074
  10387.4000000    0.99447751152
  10387.6000000    0.99601678498
  10387.8000000    0.99815570553
  10388.0000000    1.00068423985
  10388.2000000    1.00279022606
  10388.4000000    1.00479049314
  10388.6000000    1.00658892380
  10388.8000000    1.00974754236
  10389.0000000    1.01379186728
  10389.2000000    1.01827157294
  10389.4000000    1.02251028181
  10389.6000000    1.02664657448
  10389.8000000    1.03028250647
  10390.0000000    1.03286553325
  10390.2000000    1.03781008844
  10390.4000000    1.04301075629
  10390.6000000    1.04846067105
  10390.8000000    1.05374561458
  10391.0000000    1.05920123240
  10391.2000000    1.06429989889
  10391.4000000    1.06861620799
  10391.6000000    1.07171661639
  10391.8000000    1.07460297596
  10392.0000000    1.07807219093
  10392.2000000    1.08120021744
  10392.4000000    1.08399519195
  10392.6000000    1.08603272553
  10392.8000000    1.08714652028
  10393.0000000    1.08781003998
  10393.2000000    1.08775603878
  10393.4000000    1.08676863486
  10393.6000000    1.08628322262
  10393.8000000    1.08618054555
  10394.0000000    1.08678378960
  10394.2000000    1.08772781212
  10394.4000000    1.08772978439
  10394.6000000    1.08726774693
  10394.8000000    1.08645180143
  10395.0000000    1.08445936069
  10395.2000000    1.08157953753
  10395.4000000    1.07808517081
  10395.6000000    1.07365790510
  10395.8000000    1.06963803493
  10396.0000000    1.06535706518
  10396.2000000    1.05989374925
  10396.4000000    1.05435470085
  10396.6000000    1.04885637855
  10396.8000000    1.04246990743
  10397.0000000    1.03485175844
  10397.2278600    1.02691275059
  10397.4835810    1.01794650541
  10397.7671620    1.00577695921
  10398.0786040    0.99360374816
  10398.4179050    0.98107149772
  10398.7850670    0.96678486042
  10399.1800900    0.95098098397
  10399.6029730    0.93446078155
  10400.0537160    0.91793314557
  10400.5323190    0.90168133837
  10401.0387830    0.88493161901
  10401.5731070    0.86982531456
  10402.1352920    0.85684512573
  10402.7253370    0.84740266165
  10403.3432420    0.84221054911
  10403.9890080    0.84117767012
  10404.6626340    0.84298528887
  10405.3641200    0.84789655259
  10406.0934670    0.85419839022
  10406.8506740    0.86289878223
  10407.6357410    0.87271011795
  10408.4486690    0.88312060900
  10409.2894570    0.89486521811
  10410.1581060    0.90906059718
  10411.0546140    0.92854361457
  10411.9789830    0.95053645771
  10412.9312130    0.97163658223
  10413.9113030    0.99070504404
  10414.9192530    1.01725458961
  10415.9550640    1.04229957284
  10417.0187340    1.06505684861
  10418.1102660    1.08486609602
  10419.2327230    1.10189198721
  10420.3673730    1.11589621537
  10421.5142140    1.12770588018
  10422.6732480    1.13809823467
  10423.8444730    1.14644337160
  10425.0278900    1.15216299535
  10426.2234990    1.15571245002
  10427.4313000    1.15797985911
  10428.6512930    1.15867960330
  10429.8834780    1.15725347765
  10431.1278550    1.15265684482
  10432.3844230    1.14581495476
  10433.6531840    1.13747988779
  10434.9341360    1.12795798420
  10436.2272800    1.11746378340
  10437.5326170    1.10785598002
  10438.8501450    1.09841744639
  10440.1798650    1.08919718456
  10441.5217770    1.08126842601
  10442.8758810    1.07367959173
  10444.2421770    1.06643798067
  10445.6206640    1.06011208163
  10447.0113440    1.05364834203
  10448.4142150    1.04644735428
  10449.8292790    1.04019336431
  10451.2565340    1.03325586671
  10452.6959810    1.02688861380
  10454.1476200    1.02134096314
  10455.6114520    1.01508003892
  10457.0874750    1.01057122294
  10458.5756890    1.00653794733
  10460.0760960    1.00282372908
  10461.5886950    1.00050380626
  10463.1134850    0.99772414084
  10464.6504680    0.99420161060
  10466.1996420    0.99152661149
  10467.7610090    0.98839966869
  10469.3345670    0.98670943850
  10470.9203170    0.98607209276
  10472.5182590    0.98573204816
  10474.1283930    0.98501686635
  10475.7507190    0.98444768166
  10477.3852370    0.98440602639
  10479.0319460    0.98500542209
  10480.6908480    0.98561689138
  10482.3619420    0.98520181703
  10484.0452270    0.98425029132
  10485.7407040    0.98384079614
  10487.4483740    0.98388060783
  10489.1682350    0.98432785785
  10490.9002880    0.98543512074
  10492.6445330    0.98820889956
  10494.4009700    0.99207434183
  10496.1695980    0.99654685973
  10497.9504190    1.00152199996
  10499.7434320    1.00695658825
  10501.5486360    1.01268056081
  10503.3660320    1.01716905584
  10505.1956210    1.02099092405
  10507.0374010    1.02375740626
  10508.8913730    1.02504108291
  10510.7575370    1.02619141824
  10512.6358930    1.02700372808
  10514.5264410    1.02682833652
  10516.4291810    1.02595689499
  10518.3441120    1.02557915695
  10520.2712360    1.02442041007
  10522.2105520    1.02099107498
  10524.1620590    1.01718752036
  10526.1257580    1.01398790987
  10528.1016490    1.00992934062
  10530.0897330    1.00423799203
  10532.0900080    0.99779436734
  10534.1024750    0.99195572801
  10536.1271330    0.98574506595
  10538.1639840    0.98094172634
  10540.2130270    0.97762190152
  10542.2742610    0.97432924754
  10544.3476880    0.97188827490
  10546.4333060    0.96976412518
  10548.5311170    0.96854761212
  10550.6411190    0.96824674257
  10552.7633130    0.96945638338
  10554.8976990    0.97117885617
  10557.0442770    0.97321083600
  10559.2030470    0.97678184122
  10561.3740080    0.97994546077
  10563.5571620    0.98190180748
  10565.7525080    0.98387630627
  10567.9600450    0.98547895060
  10570.1797750    0.98691549310
  10572.4116960    0.98772928960
  10574.6558090    0.98744817305
  10576.9121140    0.98689500196
  10579.1806110    0.98623074227
  10581.4613000    0.98556574967
  10583.7541810    0.98428110367
  10586.0592540    0.98241696095
  10588.3765180    0.98083529367
  10590.7059750    0.97927186834
  10593.0476230    0.97786394942
  10595.4014640    0.97638262904
  10597.7674960    0.97504575870
  10600.1457200    0.97389674352
  10602.5361360    0.97312035803
  10604.9387440    0.97258046972
  10607.3535440    0.97278985153
  10609.7805360    0.97375220416
  10612.2197200    0.97520143068
  10614.6710960    0.97664816900
  10617.1346630    0.97851997180
  10619.6104230    0.98055833994
  10622.0983740    0.98180067429
  10624.5985170    0.98324128106
  10627.1108520    0.98415300097
  10629.6353800    0.98463175969
  10632.1720990    0.98525965336
  10634.7210090    0.98642068510
  10637.2821120    0.98735968564
  10639.8554070    0.98743819090
  10642.4408940    0.98786454216
  10645.0385720    0.98821613794
  10647.6484430    0.98867707045
  10650.2705050    0.99012967043
  10652.9047590    0.99111843275
  10655.5512050    0.99078412345
  10658.2098440    0.98881216050
  10660.8806740    0.98751463756
  10663.5636960    0.98719230493
  10666.2589090    0.98559169033
  10668.9663150    0.98284849925
  10671.6859130    0.98034794776
  10674.4177020    0.97883878736
  10677.1616840    0.97818411123
  10679.9178570    0.97800239154
  10682.6862220    0.97886181504
  10685.4667800    0.97931159930
  10688.2595290    0.98097414880
  10691.0644700    0.98330694173
  10693.8816020    0.98520193686
  10696.7109270    0.98778516219
  10699.5524440    0.98952061117
  10702.4061530    0.99006660883
  10705.2720530    0.99125935675
  10708.1501460    0.99112495759
  10711.0404300    0.99219860591
  10713.9429060    0.99484065416
  10716.8575740    0.99640055186
  10719.7844350    0.99800502813
  10722.7234870    1.00003348588
  10725.6747300    1.00169106789
  10728.6381660    1.00271205992
  10731.6137940    1.00342905670
  10734.6016140    1.00464048161
  10737.6016250    1.00519953190
  10740.6138290    1.00422486229
  10743.6382240    1.00372803511
  10746.6748110    1.00285007025
  10749.7235900    1.00229883826
  10752.7845610    1.00174678779
  10755.8577240    1.00170293400
  10758.9430790    1.00139549285
  10762.0406260    1.00186516335
  10765.1503650    1.00257688401
  10768.2722950    1.00305153065
  10771.4064180    1.00409610725
  10774.5527320    1.00573291644
  10777.7112390    1.00671032677
  10780.8819370    1.00790525934
  10784.0648270    1.00814744518
  10787.2599090    1.00841932363
  10790.4671830    1.00916833191
  10793.6866490    1.00921122541
  10796.9183070    1.00881337481
  10800.1621570    1.00763446021
  10803.4181980    1.00742355680
  10806.6864320    1.00915800568
  10809.9668570    1.01095910775
  10813.2594740    1.01244432841
  10816.5642840    1.01291328693
  10819.8812850    1.01305471985
  10823.2104780    1.01238082247
  10826.5518630    1.01194394788
  10829.9054400    1.01256938116
  10833.2712090    1.01295843099
  10836.6491690    1.01221009830
  10840.0393220    1.01197276743
  10843.4416660    1.01230381527
  10846.8562030    1.01202076362
  10850.2829310    1.01256578904
  10853.7218510    1.01264275932
  10857.1729640    1.01238560090
  10860.6362680    1.01243603823
  10864.1117640    1.01159890054
  10867.5994510    1.00978004385
  10871.0993310    1.00942250596
  10874.6114030    1.01033425836
  10878.1356660    1.01052706483
  10881.6721220    1.01197865620
  10885.2207690    1.01411027042
  10888.7816090    1.01517017028
  10892.3546400    1.01514232594
  10895.9398630    1.01579116353
  10899.5372780    1.01568129527
  10903.1468850    1.01522059889
  10906.7686840    1.01549283143
  10910.4026750    1.01582750259
  10914.0488570    1.01512974623
  10917.7072320    1.01438215066
  10921.3777990    1.01413148806
  10925.0605570    1.01321300402
  10928.7555070    1.01208271965
  10932.4626500    1.01147383258
  10936.1819840    1.01092750606
  10939.9135100    1.01138064460
  10943.6572280    1.01171840689
  10947.4131380    1.01040513975
  10951.1812390    1.00903510602
  10954.9615330    1.00834083946
  10958.7540190    1.00728131114
  10962.5586960    1.00609223727
  10966.3755650    1.00561275267
  10970.2046270    1.00617778107
  10974.0458800    1.00618594909
  10977.8993250    1.00512726111
  10981.7649620    1.00470293936
  10985.6427910    1.00514323598
  10989.5328120    1.00408174899
  10993.4350250    1.00390098191
  10997.3494290    1.00439263469
  11001.2760260    1.00466468001
  11005.2148140    1.00425078082
  11009.1657950    1.00345661059
  11013.1289670    1.00345241708
  11017.1043310    1.00286341508
  11021.0918880    1.00165361889
  11025.0916360    1.00039556190
  11029.1035750    0.99832456416
  11033.1277070    0.99738148611
  11037.1640310    0.99644064155
  11041.2125470    0.99603985941
  11045.2732540    0.99619955069
  11049.3461540    0.99679979918
  11053.4312450    0.99702985838
  11057.5285290    0.99688965158
  11061.6380040    0.99719944329
  11065.7596710    0.99575897629
  11069.8935300    0.99426941017
  11074.0395810    0.99434396627
  11078.1978240    0.99310791643
  11082.3682580    0.99224830970
  11086.5508850    0.99218720833
  11090.7457040    0.99173485978
  11094.9527140    0.99238011416
  11099.1719160    0.99184703939
  11103.4033110    0.99181833959
  11107.6468970    0.99132465996
  11111.9026750    0.99045804716
  11116.1706450    0.99151314949
  11120.4508070    0.99118777308
  11124.7431610    0.99077507572
  11129.0477070    0.99028239010
  11133.3644440    0.98819195220
  11137.6933740    0.98786105432
  11142.0344950    0.98741733268
  11146.3878090    0.98756328973
  11150.7533140    0.98821043684
  11155.1310110    0.98916125917
  11159.5209000    0.98946106882
  11163.9229810    0.99219570715
  11168.3372540    0.99100544598
  11172.7637190    0.99041216252
  11177.2023760    0.99316091290
  11181.6532240    0.99168003545
  11186.1162650    0.99132284559
  11190.5914970    0.99059479576
  11195.0789220    0.98966463510
  11199.5785380    0.98950521533
  11204.0903460    0.98923527221
  11208.6143460    0.98976322242
  11213.1505380    0.99060183406
  11217.6989220    0.99129141705
  11222.2594980    0.99165562744
  11226.8322660    0.99301360820
  11231.4172260    0.99389414880
  11236.0143770    0.99495340807
  11240.6237210    0.99583204628
  11245.2452560    0.99653316067
  11249.8789830    0.99787336874
  11254.5249020    0.99826239234
  11259.1830130    0.99924630142
  11263.8533160    1.00009903907
  11268.5358110    1.00075373154
  11273.2304980    1.00172208277
  11277.9373770    1.00333688499
  11282.6564480    1.00570065603
  11287.3877100    1.00726931768
  11292.1311650    1.00907039888
  11296.8868110    1.01106128422
  11301.6546490    1.01289509352
  11306.4346790    1.01565561990
  11311.2269010    1.01849705727
  11316.0313150    1.02091469782
  11320.8479210    1.02426169633
  11325.6767190    1.02839871667
