#---------------------------------
#  energy flat
  10182.0000000    0.00128096373
  10187.0000000    0.00115647364
  10192.0000000    0.00100427335
  10197.0000000    0.00081660006
  10202.0000000    0.00043918065
  10207.0000000    0.00025484831
  10212.0000000    0.00033946219
  10217.0000000    0.00039852766
  10222.0000000    0.00023758194
  10227.0000000   -0.00010721411
  10232.0000000   -0.00029321692
  10237.0000000   -0.00019071915
  10242.0000000   -0.00012261347
  10247.0000000    0.00016963043
  10252.0000000    0.00056180795
  10257.0000000    0.00016404806
  10262.0000000    0.00025819347
  10267.0000000   -0.00010291426
  10272.0000000   -0.00010369105
  10277.0000000   -0.00039336148
  10282.0000000   -0.00057268240
  10287.0000000   -0.00035521675
  10292.0000000   -0.00050328999
  10297.0000000   -0.00013145294
  10302.0000000   -0.00032728207
  10307.0000000   -0.00018479120
  10312.0000000    0.00047662733
  10317.0000000    0.00112202896
  10322.0000000    0.00255874369
  10327.0000000    0.00467750288
  10332.0000000    0.00707336413
  10337.0000000    0.00930306241
  10341.0000000    0.01161907318
  10344.0000000    0.01400341426
  10346.0000000    0.01573827342
  10347.0000000    0.01676616671
  10347.2000000    0.01795815010
  10347.4000000    0.01823196268
  10347.6000000    0.01868687424
  10347.8000000    0.01895017267
  10348.0000000    0.01922624530
  10348.2000000    0.01930166460
  10348.4000000    0.01941688048
  10348.6000000    0.01953750082
  10348.8000000    0.01983479830
  10349.0000000    0.02011401535
  10349.2000000    0.02025723622
  10349.4000000    0.02108564598
  10349.6000000    0.02130452947
  10349.8000000    0.02147595186
  10350.0000000    0.02191966142
  10350.2000000    0.02199616161
  10350.4000000    0.02223744910
  10350.6000000    0.02225440183
  10350.8000000    0.02266863244
  10351.0000000    0.02303392801
  10351.2000000    0.02360184218
  10351.4000000    0.02420837376
  10351.6000000    0.02461936170
  10351.8000000    0.02525045907
  10352.0000000    0.02537471515
  10352.2000000    0.02571593625
  10352.4000000    0.02610894202
  10352.6000000    0.02669513314
  10352.8000000    0.02716557027
  10353.0000000    0.02764475282
  10353.2000000    0.02826435340
  10353.4000000    0.02875051264
  10353.6000000    0.02901833117
  10353.8000000    0.02954183040
  10354.0000000    0.03023640576
  10354.2000000    0.03080373035
  10354.4000000    0.03136368521
  10354.6000000    0.03181810545
  10354.8000000    0.03230996394
  10355.0000000    0.03255940727
  10355.2000000    0.03275038402
  10355.4000000    0.03334158656
  10355.6000000    0.03415623948
  10355.8000000    0.03535028639
  10356.0000000    0.03682271279
  10356.2000000    0.03754745493
  10356.4000000    0.03811369863
  10356.6000000    0.03878763873
  10356.8000000    0.03943052768
  10357.0000000    0.04017895124
  10357.2000000    0.04081771313
  10357.4000000    0.04198621163
  10357.6000000    0.04316512602
  10357.8000000    0.04395619578
  10358.0000000    0.04502505545
  10358.2000000    0.04593197746
  10358.4000000    0.04694099488
  10358.6000000    0.04831800776
  10358.8000000    0.04943452506
  10359.0000000    0.05081939899
  10359.2000000    0.05166579091
  10359.4000000    0.05268944953
  10359.6000000    0.05420943529
  10359.8000000    0.05577462209
  10360.0000000    0.05691609822
  10360.2000000    0.05866572494
  10360.4000000    0.06006317656
  10360.6000000    0.06161529437
  10360.8000000    0.06335961488
  10361.0000000    0.06499957993
  10361.2000000    0.06682712932
  10361.4000000    0.06863021119
  10361.6000000    0.07055061925
  10361.8000000    0.07220158978
  10362.0000000    0.07456722814
  10362.2000000    0.07665488007
  10362.4000000    0.07920073303
  10362.6000000    0.08155919818
  10362.8000000    0.08425598333
  10363.0000000    0.08695660075
  10363.2000000    0.08949606661
  10363.4000000    0.09246494240
  10363.6000000    0.09548432544
  10363.8000000    0.09868294046
  10364.0000000    0.10255947290
  10364.2000000    0.10632683499
  10364.4000000    0.11007749234
  10364.6000000    0.11419663648
  10364.8000000    0.11865459193
  10365.0000000    0.12328234609
  10365.2000000    0.12829362130
  10365.4000000    0.13385438400
  10365.6000000    0.13959978314
  10365.8000000    0.14605621438
  10366.0000000    0.15269325328
  10366.2000000    0.16028069329
  10366.4000000    0.16813825868
  10366.6000000    0.17685179431
  10366.8000000    0.18669869702
  10367.0000000    0.19746190353
  10367.2000000    0.20961278214
  10367.4000000    0.22272192291
  10367.6000000    0.23789056089
  10367.8000000    0.25489534394
  10368.0000000    0.27383325780
  10368.2000000    0.29476945092
  10368.4000000    0.31835815931
  10368.6000000    0.34445768751
  10368.8000000    0.37344860868
  10369.0000000    0.40470194044
  10369.2000000    0.43822220290
  10369.4000000    0.47453677433
  10369.6000000    0.51361666712
  10369.8000000    0.55578782011
  10370.0000000    0.60134856020
  10370.2000000    0.64962647270
  10370.4000000    0.70219907410
  10370.6000000    0.75759104159
  10370.8000000    0.81764028897
  10371.0000000    0.88471456494
  10371.2000000    0.95250643359
  10371.4000000    1.00489062484
  10371.6000000    1.05535768516
  10371.8000000    1.11900102963
  10372.0000000    1.17837069594
  10372.2000000    1.23386091565
  10372.4000000    1.28445623715
  10372.6000000    1.32813951436
  10372.8000000    1.36565577816
  10373.0000000    1.39779231263
  10373.2000000    1.42542287332
  10373.4000000    1.44892538002
  10373.6000000    1.46870113914
  10373.8000000    1.48460196955
  10374.0000000    1.49852945938
  10374.2000000    1.51043231495
  10374.4000000    1.52022740544
  10374.6000000    1.52859628367
  10374.8000000    1.53592453399
  10375.0000000    1.54253465569
  10375.2000000    1.54830755365
  10375.4000000    1.55397017832
  10375.6000000    1.55996215872
  10375.8000000    1.56532562548
  10376.0000000    1.57036342530
  10376.2000000    1.57433799481
  10376.4000000    1.57661081980
  10376.6000000    1.57710839921
  10376.8000000    1.57602450771
  10377.0000000    1.57225741866
  10377.2000000    1.56624047224
  10377.4000000    1.55799980613
  10377.6000000    1.54700755056
  10377.8000000    1.53426952671
  10378.0000000    1.51944751263
  10378.2000000    1.50318218370
  10378.4000000    1.48570838863
  10378.6000000    1.46769215470
  10378.8000000    1.44933472451
  10379.0000000    1.43047376715
  10379.2000000    1.41230003509
  10379.4000000    1.39432319497
  10379.6000000    1.37695437953
  10379.8000000    1.35970305890
  10380.0000000    1.34389303383
  10380.2000000    1.32917664913
  10380.4000000    1.31517441221
  10380.6000000    1.30263135398
  10380.8000000    1.29091289080
  10381.0000000    1.27994925556
  10381.2000000    1.26938060844
  10381.4000000    1.25950448984
  10381.6000000    1.24967079063
  10381.8000000    1.24072437705
  10382.0000000    1.23192061072
  10382.2000000    1.22299221562
  10382.4000000    1.21477737612
  10382.6000000    1.20614095608
  10382.8000000    1.19765563291
  10383.0000000    1.18904450071
  10383.2000000    1.18078158072
  10383.4000000    1.17253749454
  10383.6000000    1.16467797739
  10383.8000000    1.15699176319
  10384.0000000    1.14952071177
  10384.2000000    1.14236701662
  10384.4000000    1.13509949872
  10384.6000000    1.12831834914
  10384.8000000    1.12159985691
  10385.0000000    1.11521051141
  10385.2000000    1.10910039470
  10385.4000000    1.10348430975
  10385.6000000    1.09811876024
  10385.8000000    1.09244973832
  10386.0000000    1.08732702334
  10386.2000000    1.08278205928
  10386.4000000    1.07894396364
  10386.6000000    1.07501149849
  10386.8000000    1.07131011111
  10387.0000000    1.06799977360
  10387.2000000    1.06498536703
  10387.4000000    1.06255165764
  10387.6000000    1.06011692740
  10387.8000000    1.05845883062
  10388.0000000    1.05641884453
  10388.2000000    1.05507236067
  10388.4000000    1.05383530276
  10388.6000000    1.05265755625
  10388.8000000    1.05154108610
  10389.0000000    1.05035815010
  10389.2000000    1.04949845953
  10389.4000000    1.04868294682
  10389.6000000    1.04812936282
  10389.8000000    1.04757907866
  10390.0000000    1.04694110244
  10390.2000000    1.04627046126
  10390.4000000    1.04562002039
  10390.6000000    1.04542115483
  10390.8000000    1.04499290068
  10391.0000000    1.04457973641
  10391.2000000    1.04404487946
  10391.4000000    1.04367977804
  10391.6000000    1.04297149830
  10391.8000000    1.04246677610
  10392.0000000    1.04227311109
  10392.2000000    1.04181016082
  10392.4000000    1.04172135211
  10392.6000000    1.04182764929
  10392.8000000    1.04201801473
  10393.0000000    1.04213247578
  10393.2000000    1.04240882894
  10393.4000000    1.04278870569
  10393.6000000    1.04318013145
  10393.8000000    1.04356699080
  10394.0000000    1.04406759236
  10394.2000000    1.04475956370
  10394.4000000    1.04525889223
  10394.6000000    1.04549502466
  10394.8000000    1.04565544693
  10395.0000000    1.04613006688
  10395.2000000    1.04604905891
  10395.4000000    1.04571389406
  10395.6000000    1.04544235513
  10395.8000000    1.04476277871
  10396.0000000    1.04383906755
  10396.2000000    1.04239942548
  10396.4000000    1.04056471586
  10396.6000000    1.03830604920
  10396.8000000    1.03583528043
  10397.0000000    1.03229437568
  10397.2278600    1.02829639777
  10397.4835810    1.02322127045
  10397.7671620    1.01693357461
  10398.0786040    1.00970294758
  10398.4179050    1.00111120958
  10398.7850670    0.99117864297
  10399.1800900    0.98046541059
  10399.6029730    0.97012500892
  10400.0537160    0.95898054295
  10400.5323190    0.94437450720
  10401.0387830    0.93122098125
  10401.5731070    0.92098601277
  10402.1352920    0.91195783422
  10402.7253370    0.90492058326
  10403.3432420    0.89909465400
  10403.9890080    0.89568596141
  10404.6626340    0.89389960702
  10405.3641200    0.89445297777
  10406.0934670    0.89636371952
  10406.8506740    0.89964529721
  10407.6357410    0.90400008906
  10408.4486690    0.90934764918
  10409.2894570    0.91618592788
  10410.1581060    0.92439147126
  10411.0546140    0.93114725655
  10411.9789830    0.94109699637
  10412.9312130    0.95434662934
  10413.9113030    0.96898005105
  10414.9192530    0.98483005683
  10415.9550640    1.00108229256
  10417.0187340    1.01702422317
  10418.1102660    1.03142350591
  10419.2327230    1.04326466151
  10420.3673730    1.05327850986
  10421.5142140    1.06138633051
  10422.6732480    1.06760490874
  10423.8444730    1.07209961092
  10425.0278900    1.07532705084
  10426.2234990    1.07731679281
  10427.4313000    1.07853351060
  10428.6512930    1.07929212530
  10429.8834780    1.07984447311
  10431.1278550    1.08052787944
  10432.3844230    1.08110424230
  10433.6531840    1.08159585223
  10434.9341360    1.08145409716
  10436.2272800    1.08055446389
  10437.5326170    1.07848099054
  10438.8501450    1.07551224326
  10440.1798650    1.07172573702
  10441.5217770    1.06714769431
  10442.8758810    1.06239155779
  10444.2421770    1.05757670238
  10445.6206640    1.05253950584
  10447.0113440    1.04757837413
  10448.4142150    1.04257449299
  10449.8292790    1.03754405484
  10451.2565340    1.03251760343
  10452.6959810    1.02726881722
  10454.1476200    1.02225528645
  10455.6114520    1.01735681156
  10457.0874750    1.01273973104
  10458.5756890    1.00875452440
  10460.0760960    1.00520473445
  10461.5886950    1.00213759908
  10463.1134850    0.99966913872
  10464.6504680    0.99801343485
  10466.1996420    0.99686947706
  10467.7610090    0.99616932807
  10469.3345670    0.99539186425
  10470.9203170    0.99445008272
  10472.5182590    0.99325835549
  10474.1283930    0.99190360264
  10475.7507190    0.99056117873
  10477.3852370    0.98924882204
  10479.0319460    0.98808272943
  10480.6908480    0.98713192529
  10482.3619420    0.98623058631
  10484.0452270    0.98559061013
  10485.7407040    0.98464348339
  10487.4483740    0.98416905696
  10489.1682350    0.98422534137
  10490.9002880    0.98460424414
  10492.6445330    0.98596749638
  10494.4009700    0.98763376557
  10496.1695980    0.98939927606
  10497.9504190    0.99140298763
  10499.7434320    0.99436439862
  10501.5486360    0.99737753538
  10503.3660320    1.00083467123
  10505.1956210    1.00408904156
  10507.0374010    1.00683505109
  10508.8913730    1.00912300696
  10510.7575370    1.01105706179
  10512.6358930    1.01267572484
  10514.5264410    1.01399686619
  10516.4291810    1.01460029497
  10518.3441120    1.01452411676
  10520.2712360    1.01416941424
  10522.2105520    1.01325080251
  10524.1620590    1.01172579919
  10526.1257580    1.01000726704
  10528.1016490    1.00875136519
  10530.0897330    1.00662677702
  10532.0900080    1.00430655620
  10534.1024750    1.00227076009
  10536.1271330    1.00037213147
  10538.1639840    0.99791666983
  10540.2130270    0.99554753754
  10542.2742610    0.99350697866
  10544.3476880    0.99167463872
  10546.4333060    0.99037509771
  10548.5311170    0.98989578348
  10550.6411190    0.98952950326
  10552.7633130    0.98922938466
  10554.8976990    0.98879683306
  10557.0442770    0.98859374168
  10559.2030470    0.98853490116
  10561.3740080    0.98840833856
  10563.5571620    0.98844386408
  10565.7525080    0.98880053569
  10567.9600450    0.98940825646
  10570.1797750    0.98956371382
  10572.4116960    0.98976672699
  10574.6558090    0.98994305394
  10576.9121140    0.98941825663
  10579.1806110    0.98910150031
  10581.4613000    0.98922746639
  10583.7541810    0.98902048896
  10586.0592540    0.98798926991
  10588.3765180    0.98639520191
  10590.7059750    0.98475692241
  10593.0476230    0.98326978025
  10595.4014640    0.98210120894
  10597.7674960    0.98155660028
  10600.1457200    0.98138713391
  10602.5361360    0.98093147550
  10604.9387440    0.98087881357
  10607.3535440    0.98114126547
  10609.7805360    0.98206113868
  10612.2197200    0.98337720240
  10614.6710960    0.98483784939
  10617.1346630    0.98629601912
  10619.6104230    0.98785049722
  10622.0983740    0.98844291908
  10624.5985170    0.98939740003
  10627.1108520    0.99003977071
  10629.6353800    0.99058945993
  10632.1720990    0.99129458488
  10634.7210090    0.99170873143
  10637.2821120    0.99248740097
  10639.8554070    0.99320205136
  10642.4408940    0.99379930232
  10645.0385720    0.99437709316
  10647.6484430    0.99448268847
  10650.2705050    0.99442036815
  10652.9047590    0.99461094424
  10655.5512050    0.99438096468
  10658.2098440    0.99406475744
  10660.8806740    0.99386693856
  10663.5636960    0.99330407748
  10666.2589090    0.99268690141
  10668.9663150    0.99223847895
  10671.6859130    0.99190771985
  10674.4177020    0.99180350021
  10677.1616840    0.99168506792
  10679.9178570    0.99161864096
  10682.6862220    0.99167946982
  10685.4667800    0.99154109923
  10688.2595290    0.99182747036
  10691.0644700    0.99206786536
  10693.8816020    0.99247920703
  10696.7109270    0.99303059086
  10699.5524440    0.99385481428
  10702.4061530    0.99453439477
  10705.2720530    0.99522452202
  10708.1501460    0.99572623804
  10711.0404300    0.99660919520
  10713.9429060    0.99699719494
  10716.8575740    0.99768981300
  10719.7844350    0.99831139194
  10722.7234870    0.99840824907
  10725.6747300    0.99869700928
  10728.6381660    0.99905551699
  10731.6137940    0.99911418596
  10734.6016140    0.99912739499
  10737.6016250    0.99964096667
  10740.6138290    0.99997694779
  10743.6382240    1.00030362399
  10746.6748110    1.00081718122
  10749.7235900    1.00142215594
  10752.7845610    1.00201973877
  10755.8577240    1.00248085036
  10758.9430790    1.00309697309
  10762.0406260    1.00372761971
  10765.1503650    1.00435611008
  10768.2722950    1.00488695300
  10771.4064180    1.00527889293
  10774.5527320    1.00577917228
  10777.7112390    1.00632883974
  10780.8819370    1.00677873607
  10784.0648270    1.00698559266
  10787.2599090    1.00775300107
  10790.4671830    1.00830919451
  10793.6866490    1.00838511691
  10796.9183070    1.00849584860
  10800.1621570    1.00883573562
  10803.4181980    1.00912804778
  10806.6864320    1.00917682294
  10809.9668570    1.00897810386
  10813.2594740    1.00910984349
  10816.5642840    1.00929883698
  10819.8812850    1.00862275179
  10823.2104780    1.00814888397
  10826.5518630    1.00786166797
  10829.9054400    1.00784301322
  10833.2712090    1.00830532072
  10836.6491690    1.00863518684
  10840.0393220    1.00909217480
  10843.4416660    1.00880877004
  10846.8562030    1.00877639705
  10850.2829310    1.00823012589
  10853.7218510    1.00723357908
  10857.1729640    1.00664139691
  10860.6362680    1.00629945118
  10864.1117640    1.00602727751
  10867.5994510    1.00591974579
  10871.0993310    1.00583785834
  10874.6114030    1.00612135724
  10878.1356660    1.00641447872
  10881.6721220    1.00610774287
  10885.2207690    1.00666050505
  10888.7816090    1.00706374954
  10892.3546400    1.00726436813
  10895.9398630    1.00716640997
  10899.5372780    1.00697500488
  10903.1468850    1.00679446705
  10906.7686840    1.00610848282
  10910.4026750    1.00560898498
  10914.0488570    1.00510550674
  10917.7072320    1.00516204720
  10921.3777990    1.00533816473
  10925.0605570    1.00552810575
  10928.7555070    1.00547813515
  10932.4626500    1.00552901409
  10936.1819840    1.00524090760
  10939.9135100    1.00463778589
  10943.6572280    1.00415593691
  10947.4131380    1.00349920063
  10951.1812390    1.00277253331
  10954.9615330    1.00250008629
  10958.7540190    1.00246688343
  10962.5586960    1.00224826172
  10966.3755650    1.00211467735
  10970.2046270    1.00222418086
  10974.0458800    1.00196661081
  10977.8993250    1.00145483224
  10981.7649620    1.00136987633
  10985.6427910    1.00049551837
  10989.5328120    0.99973881245
  10993.4350250    0.99909042000
  10997.3494290    0.99815012188
  11001.2760260    0.99793387562
  11005.2148140    0.99755881465
  11009.1657950    0.99733676393
  11013.1289670    0.99743334668
  11017.1043310    0.99752818617
  11021.0918880    0.99770497559
  11025.0916360    0.99822272403
  11029.1035750    0.99912270085
  11033.1277070    0.99987115118
  11037.1640310    1.00043508487
  11041.2125470    1.00099200462
  11045.2732540    1.00101586427
  11049.3461540    1.00036935922
  11053.4312450    0.99931768890
  11057.5285290    0.99869520571
  11061.6380040    0.99826698154
  11065.7596710    0.99767291559
  11069.8935300    0.99706546524
  11074.0395810    0.99693925788
  11078.1978240    0.99642406373
  11082.3682580    0.99564841885
  11086.5508850    0.99511977873
  11090.7457040    0.99480084970
  11094.9527140    0.99461190834
  11099.1719160    0.99460413680
  11103.4033110    0.99473951509
  11107.6468970    0.99447792253
  11111.9026750    0.99446902817
  11116.1706450    0.99445535897
  11120.4508070    0.99415057573
  11124.7431610    0.99419459119
  11129.0477070    0.99458489768
  11133.3644440    0.99532176468
  11137.6933740    0.99557280240
  11142.0344950    0.99588172729
  11146.3878090    0.99620034172
  11150.7533140    0.99642820241
  11155.1310110    0.99598654609
  11159.5209000    0.99558722666
  11163.9229810    0.99809978898
  11168.3372540    0.99734848819
  11172.7637190    0.99670839408
  11177.2023760    0.99812645042
  11181.6532240    0.99752610242
  11186.1162650    0.99713361917
  11190.5914970    0.99702255660
  11195.0789220    0.99672605329
  11199.5785380    0.99669702790
  11204.0903460    0.99651035171
  11208.6143460    0.99628216514
  11213.1505380    0.99657790386
  11217.6989220    0.99660425710
  11222.2594980    0.99667891443
  11226.8322660    0.99694292613
  11231.4172260    0.99683126228
  11236.0143770    0.99683074172
  11240.6237210    0.99737201422
  11245.2452560    0.99782826596
  11249.8789830    0.99803003862
  11254.5249020    0.99830787992
  11259.1830130    0.99908455136
  11263.8533160    0.99985918469
  11268.5358110    1.00060104708
  11273.2304980    1.00126942830
  11277.9373770    1.00204377351
  11282.6564480    1.00286695721
  11287.3877100    1.00354413753
  11292.1311650    1.00421166526
  11296.8868110    1.00460326169
  11301.6546490    1.00558075642
  11306.4346790    1.00694930928
  11311.2269010    1.00820735422
  11316.0313150    1.00915367010
  11320.8479210    1.01121236163
  11325.6767190    1.01371340394
