#---------------------------------
#  energy flat
  8794.00000000    0.00718568167
  8799.00000000    0.00584178494
  8804.00000000    0.00476367185
  8809.00000000    0.00229965212
  8814.00000000    2.70103888e-6
  8819.00000000   -0.00226778533
  8824.00000000   -0.00373182861
  8829.00000000   -0.00390283528
  8834.00000000   -0.00305503172
  8839.00000000   -0.00148553708
  8844.00000000   -0.00046303395
  8849.00000000    0.00037746341
  8854.00000000    0.00102182964
  8859.00000000    0.00142525335
  8864.00000000    0.00159228061
  8869.00000000    0.00154986321
  8874.00000000    0.00183119205
  8879.00000000    0.00249179431
  8884.00000000    0.00324770200
  8889.00000000    0.00308627458
  8894.00000000    0.00275047231
  8899.00000000    0.00081866931
  8904.00000000   -0.00133183288
  8909.00000000   -0.00238348126
  8914.00000000   -0.00318980338
  8919.00000000   -0.00290701330
  8924.00000000   -0.00147422595
  8929.00000000    0.00068966937
  8934.00000000    0.00323965723
  8939.00000000    0.00503515726
  8944.00000000    0.00670141858
  8949.00000000    0.00696391363
  8953.00000000    0.00793427495
  8956.00000000    0.00895786621
  8958.00000000    0.00974682280
  8959.00000000    0.01093126463
  8959.20000000    0.01205616585
  8959.40000000    0.01198333591
  8959.60000000    0.01216443731
  8959.80000000    0.01216548125
  8960.00000000    0.01170038907
  8960.20000000    0.01239730882
  8960.40000000    0.01237205041
  8960.60000000    0.01315096206
  8960.80000000    0.01298964581
  8961.00000000    0.01349124624
  8961.20000000    0.01372787483
  8961.40000000    0.01404876836
  8961.60000000    0.01470331209
  8961.80000000    0.01510424920
  8962.00000000    0.01539526846
  8962.20000000    0.01585644120
  8962.40000000    0.01604728421
  8962.60000000    0.01635859849
  8962.80000000    0.01600797025
  8963.00000000    0.01593400379
  8963.20000000    0.01568355178
  8963.40000000    0.01622963891
  8963.60000000    0.01681842676
  8963.80000000    0.01703053896
  8964.00000000    0.01745923967
  8964.20000000    0.01732179036
  8964.40000000    0.01733014052
  8964.60000000    0.01725341393
  8964.80000000    0.01734619138
  8965.00000000    0.01806551684
  8965.20000000    0.01876600851
  8965.40000000    0.01941503200
  8965.60000000    0.01947436325
  8965.80000000    0.01956275698
  8966.00000000    0.01951834007
  8966.20000000    0.02004770409
  8966.40000000    0.01995587801
  8966.60000000    0.02014720810
  8966.80000000    0.02130295776
  8967.00000000    0.02205735302
  8967.20000000    0.02242354505
  8967.40000000    0.02206382463
  8967.60000000    0.02210432211
  8967.80000000    0.02181392950
  8968.00000000    0.02222606946
  8968.20000000    0.02226380681
  8968.40000000    0.02295829115
  8968.60000000    0.02313273579
  8968.80000000    0.02313377973
  8969.00000000    0.02369447927
  8969.20000000    0.02362132461
  8969.40000000    0.02446566741
  8969.60000000    0.02501808658
  8969.80000000    0.02511362416
  8970.00000000    0.02542575024
  8970.20000000    0.02609604292
  8970.40000000    0.02651272896
  8970.60000000    0.02705410764
  8970.80000000    0.02764127190
  8971.00000000    0.02855234474
  8971.20000000    0.02897114147
  8971.40000000    0.02989731382
  8971.60000000    0.03017989034
  8971.80000000    0.03111369362
  8972.00000000    0.03149190030
  8972.20000000    0.03260917059
  8972.40000000    0.03276299548
  8972.60000000    0.03358347134
  8972.80000000    0.03441888433
  8973.00000000    0.03552186693
  8973.20000000    0.03597703234
  8973.40000000    0.03687349277
  8973.60000000    0.03816318960
  8973.80000000    0.03888998362
  8974.00000000    0.03963950807
  8974.20000000    0.04066634374
  8974.40000000    0.04252673665
  8974.60000000    0.04370261898
  8974.80000000    0.04512691241
  8975.00000000    0.04716947346
  8975.20000000    0.04892546877
  8975.40000000    0.05097078995
  8975.60000000    0.05305946130
  8975.80000000    0.05579692400
  8976.00000000    0.05808692199
  8976.20000000    0.06049576765
  8976.40000000    0.06361347793
  8976.60000000    0.06682860433
  8976.80000000    0.07082533271
  8977.00000000    0.07517535688
  8977.20000000    0.08033523371
  8977.40000000    0.08679594043
  8977.60000000    0.09326444044
  8977.80000000    0.10174929174
  8978.00000000    0.11183485221
  8978.20000000    0.12363022791
  8978.40000000    0.13866111761
  8978.60000000    0.15635016845
  8978.80000000    0.17832341779
  8979.00000000    0.20436541366
  8979.20000000    0.23539414061
  8979.40000000    0.27261203825
  8979.60000000    0.31532258133
  8979.80000000    0.36359753308
  8980.00000000    0.41651468756
  8980.20000000    0.47061798107
  8980.40000000    0.52452808888
  8980.60000000    0.57385381713
  8980.80000000    0.61662508720
  8981.00000000    0.64846158333
  8981.20000000    0.66989503518
  8981.40000000    0.67968338725
  8981.60000000    0.68017209494
  8981.80000000    0.67219601437
  8982.00000000    0.65782101670
  8982.20000000    0.64049335946
  8982.40000000    0.62192285787
  8982.60000000    0.60424730865
  8982.80000000    0.58838940481
  8983.00000000    0.57551359366
  8983.20000000    0.56606880115
  8983.40000000    0.56023865668
  8983.60000000    0.55860830639
  8983.80000000    0.55998716295
  8984.00000000    0.56376929813
  8984.20000000    0.56990632858
  8984.40000000    0.57850914631
  8984.60000000    0.58806974983
  8984.80000000    0.59840126256
  8985.00000000    0.60905816810
  8985.20000000    0.61934637663
  8985.40000000    0.63041491126
  8985.60000000    0.64140732195
  8985.80000000    0.65283796580
  8986.00000000    0.66341380622
  8986.20000000    0.67414553543
  8986.40000000    0.68404064555
  8986.60000000    0.69436505903
  8986.80000000    0.70567258651
  8987.00000000    0.71704540579
  8987.20000000    0.72913831555
  8987.40000000    0.74152560737
  8987.60000000    0.75362716824
  8987.80000000    0.76507817483
  8988.00000000    0.77639964100
  8988.20000000    0.78829426167
  8988.40000000    0.80005641945
  8988.60000000    0.81187201675
  8988.80000000    0.82430671650
  8989.00000000    0.83638668225
  8989.20000000    0.84920849476
  8989.40000000    0.86173791958
  8989.60000000    0.87558280975
  8989.80000000    0.88996464812
  8990.00000000    0.90470207835
  8990.20000000    0.92067476799
  8990.40000000    0.93628379383
  8990.60000000    0.95247961245
  8990.80000000    0.96868324740
  8991.00000000    0.98515902108
  8991.20000000    1.00134744026
  8991.40000000    1.01730825348
  8991.60000000    1.03331162811
  8991.80000000    1.04788170999
  8992.00000000    1.06107012963
  8992.20000000    1.07260054999
  8992.40000000    1.08272333051
  8992.60000000    1.09072765823
  8992.80000000    1.09791338889
  8993.00000000    1.10379019470
  8993.20000000    1.10833144859
  8993.40000000    1.11351404832
  8993.60000000    1.11800761442
  8993.80000000    1.12297139873
  8994.00000000    1.12789039467
  8994.20000000    1.13272823358
  8994.40000000    1.13697023363
  8994.60000000    1.14080375850
  8994.80000000    1.14299454596
  8995.00000000    1.14520581388
  8995.20000000    1.14702516735
  8995.40000000    1.14797656628
  8995.60000000    1.14793369444
  8995.80000000    1.14664976432
  8996.00000000    1.14438942306
  8996.20000000    1.14164916814
  8996.40000000    1.13751036556
  8996.60000000    1.13256790308
  8996.80000000    1.12612233298
  8997.00000000    1.11976348631
  8997.20000000    1.11254188064
  8997.40000000    1.10523619546
  8997.60000000    1.09801723371
  8997.80000000    1.09079147592
  8998.00000000    1.08370569571
  8998.20000000    1.07622118194
  8998.40000000    1.06899549341
  8998.60000000    1.06233678977
  8998.80000000    1.05548847252
  8999.00000000    1.04819855862
  8999.20000000    1.04164513367
  8999.40000000    1.03535085868
  8999.60000000    1.03007103329
  8999.80000000    1.02530623754
  9000.00000000    1.01979590687
  9000.20000000    1.01510844077
  9000.40000000    1.00969849489
  9000.60000000    1.00503997510
  9000.80000000    1.00157709890
  9001.00000000    0.99835096696
  9001.20000000    0.99625910646
  9001.40000000    0.99512162230
  9001.60000000    0.99367242966
  9001.80000000    0.99283016255
  9002.00000000    0.99137809364
  9002.20000000    0.98984843965
  9002.40000000    0.98859092447
  9002.60000000    0.98706521335
  9002.80000000    0.98569279336
  9003.00000000    0.98539327266
  9003.20000000    0.98507136937
  9003.40000000    0.98599479189
  9003.60000000    0.98715138676
  9003.80000000    0.98850316171
  9004.00000000    0.99051576576
  9004.20000000    0.99154903622
  9004.40000000    0.99318858277
  9004.60000000    0.99430470317
  9004.80000000    0.99585629672
  9005.00000000    0.99748649573
  9005.20000000    0.99835719686
  9005.40000000    1.00012739658
  9005.60000000    1.00148132789
  9005.80000000    1.00249107869
  9006.00000000    1.00369016461
  9006.20000000    1.00523282782
  9006.40000000    1.00626667730
  9006.60000000    1.00743758190
  9006.80000000    1.00907058674
  9007.00000000    1.00985674392
  9007.20000000    1.01161091572
  9007.40000000    1.01348655606
  9007.60000000    1.01513881190
  9007.80000000    1.01706937624
  9008.00000000    1.01798910912
  9008.20000000    1.01997784466
  9008.40000000    1.02184775566
  9008.60000000    1.02376672256
  9008.80000000    1.02520382753
  9009.00000000    1.02690040722
  9009.22786000    1.02812443493
  9009.48358100    1.02994652260
  9009.76716200    1.03144155640
  9010.07860400    1.03267059525
  9010.41790500    1.03354728301
  9010.78506700    1.03520263278
  9011.18009000    1.03524249886
  9011.60297300    1.03468100433
  9012.05371600    1.03292100884
  9012.53231900    1.03065581220
  9013.03878300    1.02901578704
  9013.57310700    1.02779184012
  9014.13529200    1.02625856970
  9014.72533700    1.02304763343
  9015.34324200    1.01812658779
  9015.98900800    1.01219750594
  9016.66263400    1.00480289025
  9017.36412000    0.99663864910
  9018.09346700    0.98750900779
  9018.85067400    0.97846187647
  9019.63574100    0.97037338737
  9020.44866900    0.96329488201
  9021.28945700    0.95715269037
  9022.15810600    0.95126169080
  9023.05461400    0.94631390883
  9023.97898300    0.94170962474
  9024.93121300    0.93828861013
  9025.91130300    0.93597362965
  9026.91925300    0.93510601173
  9027.95506400    0.93475385523
  9029.01873400    0.93482921525
  9030.11026600    0.93731877579
  9031.23272300    0.93971032668
  9032.36737300    0.94329940814
  9033.51421400    0.94938525464
  9034.67324800    0.95525322330
  9035.84447300    0.96182782172
  9037.02789000    0.96920453995
  9038.22349900    0.97646574287
  9039.43130000    0.98404300880
  9040.65129300    0.99140382143
  9041.88347800    0.99930447991
  9043.12785500    1.00664745492
  9044.38442300    1.01290023297
  9045.65318400    1.01733026650
  9046.93413600    1.01891893823
  9048.22728000    1.01920772011
  9049.53261700    1.01795764238
  9050.85014500    1.01685111260
  9052.17986500    1.01647330178
  9053.52177700    1.01515257657
  9054.87588100    1.01400502840
  9056.24217700    1.01365707052
  9057.62066400    1.01305274219
  9059.01134400    1.01207744077
  9060.41421500    1.01126244135
  9061.82927900    1.01106367536
  9063.25653400    1.01139252701
  9064.69598100    1.01117712081
  9066.14762000    1.00989630939
  9067.61145200    1.00864994758
  9069.08747500    1.00929969092
  9070.57568900    1.01025476355
  9072.07609600    1.01169086435
  9073.58869500    1.01302190481
  9075.11348500    1.01419466275
  9076.65046800    1.01514844101
  9078.19964200    1.01617000209
  9079.76100900    1.01677488900
  9081.33456700    1.01675011978
  9082.92031700    1.01612202503
  9084.51825900    1.01441881653
  9086.12839300    1.01157980219
  9087.75071900    1.00911139064
  9089.38523700    1.00729482056
  9091.03194600    1.00422596462
  9092.69084800    1.00016982133
  9094.36194200    0.99606226809
  9096.04522700    0.99180981870
  9097.74070400    0.98818144009
  9099.44837400    0.98484269935
  9101.16823500    0.98178583879
  9102.90028800    0.97984054819
  9104.64453300    0.97877111192
  9106.40097000    0.97861425479
  9108.16959800    0.97929272690
  9109.95041900    0.98059418824
  9111.74343200    0.98186728329
  9113.54863600    0.98326888557
  9115.36603200    0.98486266954
  9117.19562100    0.98658404507
  9119.03740100    0.98889674857
  9120.89137300    0.99068929128
  9122.75753700    0.99241241638
  9124.63589300    0.99422948946
  9126.52644100    0.99554078309
  9128.42918100    0.99709383469
  9130.34411200    0.99880100288
  9132.27123600    1.00020770572
  9134.21055200    1.00157375244
  9136.16205900    1.00230915889
  9138.12575800    1.00302767501
  9140.10164900    1.00379135279
  9142.08973300    1.00402351694
  9144.09000800    1.00371381073
  9146.10247500    1.00357339963
  9148.12713300    1.00323018591
  9150.16398400    1.00308847173
  9152.21302700    1.00321745398
  9154.27426100    1.00285894177
  9156.34768800    1.00174181819
  9158.43330600    1.00142379982
  9160.53111700    1.00042710825
  9162.64111900    0.99919274612
  9164.76331300    0.99969503908
  9166.89769900    1.00048868413
  9169.04427700    1.00062714851
  9171.20304700    1.00174575096
  9173.37400800    1.00243003805
  9175.55716200    1.00195363217
  9177.75250800    1.00225806440
  9179.96004500    1.00247441047
  9182.17977500    1.00271407017
  9184.41169600    1.00244355668
  9186.65580900    1.00227174269
  9188.91211400    1.00249382267
  9191.18061100    1.00281724670
  9193.46130000    1.00303746360
  9195.75418100    1.00330711411
  9198.05925400    1.00341352798
  9200.37651800    1.00305408898
  9202.70597500    1.00211646018
  9205.04762300    1.00110625536
  9207.40146400    1.00011083941
  9209.76749600    0.99894027381
  9212.14572000    0.99791474884
  9214.53613600    0.99708591242
  9216.93874400    0.99693599105
  9219.35354400    0.99675321364
  9221.78053600    0.99675385925
  9224.21972000    0.99635929068
  9226.67109600    0.99624396596
  9229.13466300    0.99669495296
  9231.61042300    0.99708749765
  9234.09837400    0.99782816545
  9236.59851700    0.99852145530
  9239.11085200    0.99936026070
  9241.63538000    1.00040108958
  9244.17209900    1.00059705531
  9246.72100900    1.00089927071
  9249.28211200    1.00101419018
  9251.85540700    1.00107105930
  9254.44089400    1.00174205306
  9257.03857200    1.00280182029
  9259.64844300    1.00401753393
  9262.27050500    1.00455694026
  9264.90475900    1.00467981289
  9267.55120500    1.00526354451
  9270.20984400    1.00588761714
  9272.88067400    1.00639226827
  9275.56369600    1.00716358288
  9278.25890900    1.00760666853
  9280.96631500    1.00791179913
  9283.68591300    1.00815365302
  9286.41770200    1.00848841199
  9289.16168400    1.00859068985
  9291.91785700    1.00875175129
  9294.68622200    1.00838740713
  9297.46678000    1.00780190170
  9300.25952900    1.00786547164
  9303.06447000    1.00784585066
  9305.88160200    1.00754623896
  9308.71092700    1.00723125654
  9311.55244400    1.00706811185
  9314.40615300    1.00674732001
  9317.27205300    1.00667767797
  9320.15014600    1.00584115330
  9323.04043000    1.00545477049
  9325.94290600    1.00486385761
  9328.85757400    1.00405831291
  9331.78443500    1.00442790026
  9334.72348700    1.00382131184
  9337.67473000    1.00298633739
  9340.63816600    1.00230252755
  9343.61379400    1.00166722726
  9346.60161400    1.00142491727
  9349.60162500    1.00121348664
  9352.61382900    1.00150339912
  9355.63822400    1.00213776465
  9358.67481100    1.00206215753
  9361.72359000    1.00160805841
  9364.78456100    1.00178885840
  9367.85772400    1.00209630640
  9370.94307900    1.00189615734
  9374.04062600    1.00154650914
  9377.15036500    1.00067808347
  9380.27229500    0.99982464889
  9383.40641800    0.99880493080
  9386.55273200    0.99896124819
  9389.71123900    0.99977656013
  9392.88193700    0.99989897497
  9396.06482700    0.99948978906
  9399.25990900    1.00015238118
  9402.46718300    1.00100049589
  9405.68664900    1.00056630053
  9408.91830700    1.00012584670
  9412.16215700    1.00034113663
  9415.41819800    1.00056002799
  9418.68643200    1.00061387777
  9421.96685700    1.00008206485
  9425.25947400    1.00059878928
  9428.56428400    1.00119626322
  9431.88128500    1.00140190014
  9435.21047800    1.00157081614
  9438.55186300    1.00189771395
  9441.90544000    1.00224932510
  9445.27120900    1.00236573646
  9448.64916900    1.00188734411
  9452.03932200    1.00118840223
  9455.44166600    1.00082371391
  9458.85620300    0.99945819743
  9462.28293100    0.99742811117
  9465.72185100    0.99608965007
  9469.17296400    0.99430093096
  9472.63626800    0.99301029786
  9476.11176400    0.99221692668
  9479.59945100    0.99201383734
  9483.09933100    0.99200890694
  9486.61140300    0.99237307949
  9490.13566600    0.99275287109
  9493.67212200    0.99385727217
  9497.22076900    0.99452943343
  9500.78160900    0.99456652111
  9504.35464000    0.99451483488
  9507.93986300    0.99436669036
  9511.53727800    0.99441022060
  9515.14688500    0.99332846076
  9518.76868400    0.99280355846
  9522.40267500    0.99219850313
  9526.04885700    0.99201215302
  9529.70723200    0.99169548210
  9533.37779900    0.99128818331
  9537.06055700    0.99231164328
  9540.75550700    0.99328617305
  9544.46265000    0.99367993693
  9548.18198400    0.99435252662
  9551.91351000    0.99386644977
  9555.65722800    0.99345665909
  9559.41313800    0.99364079399
  9563.18123900    0.99420749271
  9566.96153300    0.99469794411
  9570.75401900    0.99533849722
  9574.55869600    0.99525274433
  9578.37556500    0.99565124512
  9582.20462700    0.99644112519
  9586.04588000    0.99753308181
  9589.89932500    0.99852899023
  9593.76496200    0.99961651667
  9597.64279100    0.99982731595
  9601.53281200    1.00017350565
  9605.43502500    1.00025044130
  9609.34942900    1.00028180741
  9613.27602600    1.00044321634
  9617.21481400    0.99937435417
  9621.16579500    0.99816230874
  9625.12896700    0.99717848517
  9629.10433100    0.99615230242
  9633.09188800    0.99538825153
  9637.09163600    0.99612958892
  9641.10357500    0.99684157586
  9645.12770700    0.99745914583
  9649.16403100    0.99752561792
  9653.21254700    0.99832610105
  9657.27325400    0.99977148133
  9661.34615400    1.00170995893
  9665.43124500    1.00320650861
  9669.52852900    1.00535559029
  9673.63800400    1.00675358990
  9677.75967100    1.00714021851
  9681.89353000    1.00796450858
  9686.03958100    1.00819786691
  9690.19782400    1.00775402972
  9694.36825800    1.00762642148
  9698.55088500    1.00721504767
  9702.74570400    1.00677847160
  9706.95271400    1.00617649032
  9711.17191600    1.00557574749
  9715.40331100    1.00425314300
  9719.64689700    1.00305105046
  9723.90267500    1.00263777657
  9728.17064500    1.00205931694
  9732.45080700    1.00184335598
  9736.74316100    1.00127681100
  9741.04770700    1.00141144406
  9745.36444400    1.00156045578
  9749.69337400    1.00192189216
  9754.03449500    1.00286719802
  9758.38780900    1.00258437801
  9762.75331400    1.00214819900
  9767.13101100    1.00220510339
  9771.52090000    1.00210459112
  9775.92298100    1.00195177483
  9780.33725400    1.00159068020
  9784.76371900    1.00227752995
  9789.20237600    1.00152905472
  9793.65322400    1.00127525019
  9798.11626500    1.00167831477
  9802.59149700    1.00203051795
  9807.07892200    1.00276582399
  9811.57853800    1.00342099146
  9816.09034600    1.00334669410
  9820.61434600    1.00356428139
  9825.15053800    1.00252947380
  9829.69892200    1.00052777783
  9834.25949800    0.99820025534
  9838.83226600    0.99748488776
  9843.41722600    0.99587454528
  9848.01437700    0.99704476286
  9852.62372100    0.99849584626
  9857.24525600    0.99969265520
  9861.87898300    1.00107841012
  9866.52490200    1.00194778331
  9871.18301300    1.00176720940
  9875.85331600    1.00151695458
  9880.53581100    1.00136774204
  9885.23049800    1.00091909656
  9889.93737700    1.00095705583
  9894.65644800    1.00025437556
  9899.38771000    0.99993769642
  9904.13116500    0.99983215612
  9908.88681100    0.99891666528
  9913.65464900    0.99778332142
  9918.43467900    0.99644847900
  9923.22690100    0.99450958655
  9928.03131500    0.99273696590
  9932.84792100    0.99164601645
  9937.67671900    0.99080588522
