#---------------------------------
#  energy flat
  8794.00000000    0.00439131476
  8799.00000000    0.00366340078
  8804.00000000    0.00279145619
  8809.00000000    0.00071682281
  8814.00000000   -0.00129966735
  8819.00000000   -0.00249458565
  8824.00000000   -0.00327984638
  8829.00000000   -0.00337827357
  8834.00000000   -0.00291172907
  8839.00000000   -0.00214199017
  8844.00000000   -0.00102352462
  8849.00000000    0.00006878975
  8854.00000000    0.00109061541
  8859.00000000    0.00197000342
  8864.00000000    0.00228282677
  8869.00000000    0.00254547171
  8874.00000000    0.00208623788
  8879.00000000    0.00217339115
  8884.00000000    0.00260794360
  8889.00000000    0.00200693586
  8894.00000000    0.00167898892
  8899.00000000    0.00044185703
  8904.00000000   -0.00077164586
  8909.00000000   -0.00169642380
  8914.00000000   -0.00236141565
  8919.00000000   -0.00263560001
  8924.00000000   -0.00203245873
  8929.00000000   -0.00080487506
  8934.00000000    0.00105259364
  8939.00000000    0.00267695842
  8944.00000000    0.00404897095
  8949.00000000    0.00529115680
  8953.00000000    0.00646984876
  8956.00000000    0.00761756986
  8958.00000000    0.00902994790
  8959.00000000    0.00947880666
  8959.20000000    0.01000510400
  8959.40000000    0.01012068179
  8959.60000000    0.01010749488
  8959.80000000    0.01052467410
  8960.00000000    0.01041166137
  8960.20000000    0.01045847616
  8960.40000000    0.01098132207
  8960.60000000    0.01128473702
  8960.80000000    0.01176709507
  8961.00000000    0.01181258238
  8961.20000000    0.01176076607
  8961.40000000    0.01150385547
  8961.60000000    0.01141978161
  8961.80000000    0.01172837370
  8962.00000000    0.01192413074
  8962.20000000    0.01179147143
  8962.40000000    0.01204364600
  8962.60000000    0.01232011328
  8962.80000000    0.01242945196
  8963.00000000    0.01244467293
  8963.20000000    0.01287499411
  8963.40000000    0.01317694884
  8963.60000000    0.01375581404
  8963.80000000    0.01410515948
  8964.00000000    0.01469318423
  8964.20000000    0.01491920761
  8964.40000000    0.01457773711
  8964.60000000    0.01488739117
  8964.80000000    0.01492995805
  8965.00000000    0.01479796248
  8965.20000000    0.01510350138
  8965.40000000    0.01498690448
  8965.60000000    0.01520031689
  8965.80000000    0.01556851242
  8966.00000000    0.01585599772
  8966.20000000    0.01644282774
  8966.40000000    0.01708501331
  8966.60000000    0.01755051247
  8966.80000000    0.01764020457
  8967.00000000    0.01810968615
  8967.20000000    0.01799083255
  8967.40000000    0.01780533990
  8967.60000000    0.01846119842
  8967.80000000    0.01883669504
  8968.00000000    0.01981698749
  8968.20000000    0.01999721312
  8968.40000000    0.02062054860
  8968.60000000    0.02066550493
  8968.80000000    0.02160915918
  8969.00000000    0.02204186981
  8969.20000000    0.02209558744
  8969.40000000    0.02224063509
  8969.60000000    0.02245258728
  8969.80000000    0.02312490644
  8970.00000000    0.02389293627
  8970.20000000    0.02399165517
  8970.40000000    0.02422232470
  8970.60000000    0.02487566103
  8970.80000000    0.02575081777
  8971.00000000    0.02634654185
  8971.20000000    0.02685465284
  8971.40000000    0.02734218802
  8971.60000000    0.02797521404
  8971.80000000    0.02858487656
  8972.00000000    0.02910904995
  8972.20000000    0.02918387438
  8972.40000000    0.03052935412
  8972.60000000    0.03084790224
  8972.80000000    0.03161128592
  8973.00000000    0.03282786822
  8973.20000000    0.03393745636
  8973.40000000    0.03528479456
  8973.60000000    0.03620734202
  8973.80000000    0.03723502519
  8974.00000000    0.03804513585
  8974.20000000    0.03894325784
  8974.40000000    0.04037396123
  8974.60000000    0.04145713269
  8974.80000000    0.04296708610
  8975.00000000    0.04434800932
  8975.20000000    0.04578070392
  8975.40000000    0.04743402421
  8975.60000000    0.04955687102
  8975.80000000    0.05190804286
  8976.00000000    0.05468241248
  8976.20000000    0.05791860928
  8976.40000000    0.06133666963
  8976.60000000    0.06498371874
  8976.80000000    0.06847492274
  8977.00000000    0.07317478916
  8977.20000000    0.07826652504
  8977.40000000    0.08344998918
  8977.60000000    0.09000008480
  8977.80000000    0.09737254874
  8978.00000000    0.10708521146
  8978.20000000    0.11789529453
  8978.40000000    0.13126474183
  8978.60000000    0.14777604770
  8978.80000000    0.16782161257
  8979.00000000    0.19229893964
  8979.20000000    0.22240527509
  8979.40000000    0.25848841634
  8979.60000000    0.30232836936
  8979.80000000    0.35380459977
  8980.00000000    0.41266687928
  8980.20000000    0.47692758544
  8980.40000000    0.54263083916
  8980.60000000    0.60596924019
  8980.80000000    0.66120904260
  8981.00000000    0.70311005418
  8981.20000000    0.72820545132
  8981.40000000    0.73478492017
  8981.60000000    0.72344051273
  8981.80000000    0.69722209368
  8982.00000000    0.66142043165
  8982.20000000    0.62113633416
  8982.40000000    0.58041168503
  8982.60000000    0.54323792421
  8982.80000000    0.51256363034
  8983.00000000    0.48866943069
  8983.20000000    0.47203268376
  8983.40000000    0.46260161805
  8983.60000000    0.45923075865
  8983.80000000    0.46145217188
  8984.00000000    0.46829826397
  8984.20000000    0.47858479785
  8984.40000000    0.49045357938
  8984.60000000    0.50343123225
  8984.80000000    0.51637321080
  8985.00000000    0.52912911241
  8985.20000000    0.54090842797
  8985.40000000    0.55126220664
  8985.60000000    0.56112737736
  8985.80000000    0.57007105174
  8986.00000000    0.57931941467
  8986.20000000    0.58819359735
  8986.40000000    0.59842993182
  8986.60000000    0.60914379124
  8986.80000000    0.62166729273
  8987.00000000    0.63576799599
  8987.20000000    0.65209476878
  8987.40000000    0.67028786629
  8987.60000000    0.69021772726
  8987.80000000    0.71222312218
  8988.00000000    0.73519946226
  8988.20000000    0.75888337711
  8988.40000000    0.78323490975
  8988.60000000    0.80727717409
  8988.80000000    0.83255547909
  8989.00000000    0.85767969692
  8989.20000000    0.88277487526
  8989.40000000    0.90711196687
  8989.60000000    0.93121930513
  8989.80000000    0.95521928275
  8990.00000000    0.97839055183
  8990.20000000    1.00056319596
  8990.40000000    1.02186651072
  8990.60000000    1.04113125944
  8990.80000000    1.05768043180
  8991.00000000    1.07227546506
  8991.20000000    1.08398022650
  8991.40000000    1.09190477941
  8991.60000000    1.09752845744
  8991.80000000    1.10033965313
  8992.00000000    1.10146724777
  8992.20000000    1.10092663991
  8992.40000000    1.09927908419
  8992.60000000    1.09679352616
  8992.80000000    1.09356766759
  8993.00000000    1.09084534874
  8993.20000000    1.08876303353
  8993.40000000    1.08769958211
  8993.60000000    1.08808429850
  8993.80000000    1.08969761886
  8994.00000000    1.09344381641
  8994.20000000    1.10080142830
  8994.40000000    1.11103715940
  8994.60000000    1.12222511454
  8994.80000000    1.13159008258
  8995.00000000    1.14663891236
  8995.20000000    1.16259801776
  8995.40000000    1.17957412736
  8995.60000000    1.19616330760
  8995.80000000    1.21231405251
  8996.00000000    1.22752563989
  8996.20000000    1.24035802897
  8996.40000000    1.25153920480
  8996.60000000    1.26023710839
  8996.80000000    1.26666360401
  8997.00000000    1.27098223598
  8997.20000000    1.27247298387
  8997.40000000    1.27099911806
  8997.60000000    1.26660311751
  8997.80000000    1.25953295368
  8998.00000000    1.24906780969
  8998.20000000    1.23674914483
  8998.40000000    1.22213172518
  8998.60000000    1.20675754106
  8998.80000000    1.19054349265
  8999.00000000    1.17398552304
  8999.20000000    1.15847216687
  8999.40000000    1.14421316444
  8999.60000000    1.13053840826
  8999.80000000    1.11614166666
  9000.00000000    1.10041787820
  9000.20000000    1.09151134336
  9000.40000000    1.08310303419
  9000.60000000    1.07569181420
  9000.80000000    1.06977760889
  9001.00000000    1.06424932485
  9001.20000000    1.06015141621
  9001.40000000    1.05760494824
  9001.60000000    1.05605716184
  9001.80000000    1.05503122931
  9002.00000000    1.05367756903
  9002.20000000    1.05236362489
  9002.40000000    1.05009724490
  9002.60000000    1.04724773137
  9002.80000000    1.04451705095
  9003.00000000    1.04184626375
  9003.20000000    1.03921970555
  9003.40000000    1.03667481089
  9003.60000000    1.03454955382
  9003.80000000    1.03226170539
  9004.00000000    1.02895637413
  9004.20000000    1.02659157976
  9004.40000000    1.02350665584
  9004.60000000    1.02082676676
  9004.80000000    1.01784968020
  9005.00000000    1.01551498008
  9005.20000000    1.01373956661
  9005.40000000    1.01153447371
  9005.60000000    1.00982149718
  9005.80000000    1.00785698763
  9006.00000000    1.00613104725
  9006.20000000    1.00412755519
  9006.40000000    1.00191580530
  9006.60000000    0.99958951696
  9006.80000000    0.99814960324
  9007.00000000    0.99610398654
  9007.20000000    0.99378241056
  9007.40000000    0.99104628719
  9007.60000000    0.98923822060
  9007.80000000    0.98703551847
  9008.00000000    0.98480004933
  9008.20000000    0.98351918603
  9008.40000000    0.98088737670
  9008.60000000    0.97869033534
  9008.80000000    0.97711921764
  9009.00000000    0.97575825958
  9009.22786000    0.97419059942
  9009.48358100    0.97288835649
  9009.76716200    0.97171700928
  9010.07860400    0.97133507161
  9010.41790500    0.97199964566
  9010.78506700    0.97443244800
  9011.18009000    0.97878014787
  9011.60297300    0.98555023202
  9012.05371600    0.99463291936
  9012.53231900    1.00859780479
  9013.03878300    1.02921455523
  9013.57310700    1.05343067898
  9014.13529200    1.07346629794
  9014.72533700    1.08469960039
  9015.34324200    1.09872941496
  9015.98900800    1.10426764703
  9016.66263400    1.10186407044
  9017.36412000    1.09270087171
  9018.09346700    1.07401128173
  9018.85067400    1.04535560024
  9019.63574100    1.02071551241
  9020.44866900    0.99550430845
  9021.28945700    0.97187486091
  9022.15810600    0.95137923142
  9023.05461400    0.93395847639
  9023.97898300    0.92125838828
  9024.93121300    0.91362915893
  9025.91130300    0.91077583797
  9026.91925300    0.91117901977
  9027.95506400    0.91396232959
  9029.01873400    0.91800674380
  9030.11026600    0.92269661040
  9031.23272300    0.92840852544
  9032.36737300    0.93502888654
  9033.51421400    0.94387972059
  9034.67324800    0.95473707309
  9035.84447300    0.96777524008
  9037.02789000    0.98148395035
  9038.22349900    0.99529225371
  9039.43130000    1.00612585518
  9040.65129300    1.01450418969
  9041.88347800    1.01809501890
  9043.12785500    1.02173258994
  9044.38442300    1.02588616185
  9045.65318400    1.02946600504
  9046.93413600    1.03319891014
  9048.22728000    1.03754271555
  9049.53261700    1.04186806080
  9050.85014500    1.04538895028
  9052.17986500    1.04715769573
  9053.52177700    1.04721318744
  9054.87588100    1.04562166140
  9056.24217700    1.04262484505
  9057.62066400    1.03862774668
  9059.01134400    1.03421696588
  9060.41421500    1.02959148894
  9061.82927900    1.02509259815
  9063.25653400    1.02098724552
  9064.69598100    1.01723360650
  9066.14762000    1.01454704774
  9067.61145200    1.01269193295
  9069.08747500    1.01185051959
  9070.57568900    1.01229346984
  9072.07609600    1.01355469470
  9073.58869500    1.01487367774
  9075.11348500    1.01555308945
  9076.65046800    1.01543295366
  9078.19964200    1.01416506645
  9079.76100900    1.01217167896
  9081.33456700    1.01019019151
  9082.92031700    1.00856294193
  9084.51825900    1.00832998809
  9086.12839300    1.00894638647
  9087.75071900    1.00942779966
  9089.38523700    1.01039931523
  9091.03194600    1.01072845006
  9092.69084800    1.00944201038
  9094.36194200    1.00756252751
  9096.04522700    1.00471098768
  9097.74070400    1.00103112997
  9099.44837400    0.99679014716
  9101.16823500    0.99225045791
  9102.90028800    0.98798244694
  9104.64453300    0.98380488548
  9106.40097000    0.98042196672
  9108.16959800    0.97763892104
  9109.95041900    0.97590612240
  9111.74343200    0.97495339801
  9113.54863600    0.97507235939
  9115.36603200    0.97595964000
  9117.19562100    0.97708779474
  9119.03740100    0.97896215533
  9120.89137300    0.98103775087
  9122.75753700    0.98349148955
  9124.63589300    0.98611663880
  9126.52644100    0.98939966971
  9128.42918100    0.99300269214
  9130.34411200    0.99680233541
  9132.27123600    1.00049415421
  9134.21055200    1.00335953625
  9136.16205900    1.00602618847
  9138.12575800    1.00777203956
  9140.10164900    1.00881354019
  9142.08973300    1.00944651996
  9144.09000800    1.00963813041
  9146.10247500    1.00923391893
  9148.12713300    1.00844024133
  9150.16398400    1.00762884852
  9152.21302700    1.00684360966
  9154.27426100    1.00564413030
  9156.34768800    1.00428321352
  9158.43330600    1.00379262780
  9160.53111700    1.00259166878
  9162.64111900    1.00102685981
  9164.76331300    1.00007898207
  9166.89769900    0.99840998974
  9169.04427700    0.99708880526
  9171.20304700    0.99711611664
  9173.37400800    0.99604649645
  9175.55716200    0.99526267032
  9177.75250800    0.99570186772
  9179.96004500    0.99566681649
  9182.17977500    0.99601853868
  9184.41169600    0.99602137894
  9186.65580900    0.99609563571
  9188.91211400    0.99610167926
  9191.18061100    0.99580907829
  9193.46130000    0.99611521828
  9195.75418100    0.99659293136
  9198.05925400    0.99728444075
  9200.37651800    0.99740973317
  9202.70597500    0.99747510663
  9205.04762300    0.99813633687
  9207.40146400    0.99833754839
  9209.76749600    0.99808378497
  9212.14572000    0.99732671782
  9214.53613600    0.99597766194
  9216.93874400    0.99444705865
  9219.35354400    0.99277020297
  9221.78053600    0.99095982002
  9224.21972000    0.98965360536
  9226.67109600    0.98883321540
  9229.13466300    0.98845322490
  9231.61042300    0.98833624972
  9234.09837400    0.98876288727
  9236.59851700    0.98973814369
  9239.11085200    0.99070736196
  9241.63538000    0.99163120456
  9244.17209900    0.99299415625
  9246.72100900    0.99400154401
  9249.28211200    0.99532076490
  9251.85540700    0.99773417710
  9254.44089400    1.00037647679
  9257.03857200    1.00234386209
  9259.64844300    1.00376529523
  9262.27050500    1.00515842577
  9264.90475900    1.00532553676
  9267.55120500    1.00481533070
  9270.20984400    1.00411119365
  9272.88067400    1.00349792393
  9275.56369600    1.00263029370
  9278.25890900    1.00197628411
  9280.96631500    1.00159421037
  9283.68591300    1.00101033919
  9286.41770200    1.00056759426
  9289.16168400    0.99983550620
  9291.91785700    0.99962160877
  9294.68622200    0.99912453243
  9297.46678000    0.99865293566
  9300.25952900    0.99850087664
  9303.06447000    0.99884240178
  9305.88160200    0.99912065208
  9308.71092700    0.99971967169
  9311.55244400    0.99979878176
  9314.40615300    1.00000247314
  9317.27205300    1.00051858509
  9320.15014600    1.00074165183
  9323.04043000    1.00086216274
  9325.94290600    1.00098856120
  9328.85757400    1.00048590526
  9331.78443500    1.00019619237
  9334.72348700    0.99995918117
  9337.67473000    1.00034844973
  9340.63816600    1.00033212605
  9343.61379400    1.00037280696
  9346.60161400    1.00047882378
  9349.60162500    1.00038770231
  9352.61382900    1.00089495461
  9355.63822400    1.00122968043
  9358.67481100    1.00076274532
  9361.72359000    1.00069639248
  9364.78456100    1.00037121664
  9367.85772400    0.99969596707
  9370.94307900    0.99941357281
  9374.04062600    0.99952543461
  9377.15036500    0.99943903959
  9380.27229500    0.99969048952
  9383.40641800    1.00006054716
  9386.55273200    1.00092096917
  9389.71123900    1.00243376218
  9392.88193700    1.00355585844
  9396.06482700    1.00423182077
  9399.25990900    1.00478985003
  9402.46718300    1.00579390316
  9405.68664900    1.00623806707
  9408.91830700    1.00666292975
  9412.16215700    1.00688215335
  9415.41819800    1.00697834472
  9418.68643200    1.00655515145
  9421.96685700    1.00652882878
  9425.25947400    1.00620221590
  9428.56428400    1.00602481916
  9431.88128500    1.00593427456
  9435.21047800    1.00565608086
  9438.55186300    1.00561212739
  9441.90544000    1.00552233450
  9445.27120900    1.00555955342
  9448.64916900    1.00539139933
  9452.03932200    1.00551541511
  9455.44166600    1.00554903492
  9458.85620300    1.00541526799
  9462.28293100    1.00515606966
  9465.72185100    1.00473798790
  9469.17296400    1.00382623284
  9472.63626800    1.00324941350
  9476.11176400    1.00262733687
  9479.59945100    1.00232346091
  9483.09933100    1.00215962859
  9486.61140300    1.00121270962
  9490.13566600    1.00050537931
  9493.67212200    0.99986956481
  9497.22076900    0.99933605385
  9500.78160900    0.99839614176
  9504.35464000    0.99736124108
  9507.93986300    0.99670152355
  9511.53727800    0.99595686980
  9515.14688500    0.99510734879
  9518.76868400    0.99469401785
  9522.40267500    0.99492473812
  9526.04885700    0.99505504394
  9529.70723200    0.99484224781
  9533.37779900    0.99547414958
  9537.06055700    0.99606477327
  9540.75550700    0.99557574526
  9544.46265000    0.99533265202
  9548.18198400    0.99486315817
  9551.91351000    0.99434219773
  9555.65722800    0.99443719818
  9559.41313800    0.99442386630
  9563.18123900    0.99449067979
  9566.96153300    0.99505735677
  9570.75401900    0.99580554692
  9574.55869600    0.99665956213
  9578.37556500    0.99765256378
  9582.20462700    0.99865602787
  9586.04588000    0.99958550852
  9589.89932500    1.00049886017
  9593.76496200    1.00119163169
  9597.64279100    1.00161999699
  9601.53281200    1.00186597537
  9605.43502500    1.00175246505
  9609.34942900    1.00149689182
  9613.27602600    1.00112419428
  9617.21481400    1.00041028629
  9621.16579500    0.99940506622
  9625.12896700    0.99880306159
  9629.10433100    0.99831965372
  9633.09188800    0.99778279567
  9637.09163600    0.99753656897
  9641.10357500    0.99742512827
  9645.12770700    0.99759475955
  9649.16403100    0.99780307338
  9653.21254700    0.99877169082
  9657.27325400    1.00019105821
  9661.34615400    1.00108098102
  9665.43124500    1.00207733872
  9669.52852900    1.00354546807
  9673.63800400    1.00444678347
  9677.75967100    1.00467856447
  9681.89353000    1.00399419851
  9686.03958100    1.00399491678
  9690.19782400    1.00319956678
  9694.36825800    1.00170748930
  9698.55088500    1.00066991203
  9702.74570400    0.99975130538
  9706.95271400    0.99823223996
  9711.17191600    0.99829248443
  9715.40331100    0.99862242207
  9719.64689700    0.99950859857
  9723.90267500    1.00055709761
  9728.17064500    1.00111674668
  9732.45080700    1.00145817503
  9736.74316100    1.00123739885
  9741.04770700    1.00148782461
  9745.36444400    1.00147812711
  9749.69337400    1.00075787481
  9754.03449500    0.99991393673
  9758.38780900    0.99901812225
  9762.75331400    0.99835279281
  9767.13101100    0.99755542588
  9771.52090000    0.99755062450
  9775.92298100    0.99715019657
  9780.33725400    0.99710034889
  9784.76371900    0.99766330057
  9789.20237600    0.99790921015
  9793.65322400    0.99792880661
  9798.11626500    0.99843460931
  9802.59149700    0.99911620553
  9807.07892200    0.99915927581
  9811.57853800    0.99919938231
  9816.09034600    0.99950544335
  9820.61434600    1.00001425612
  9825.15053800    1.00022243860
  9829.69892200    1.00049903332
  9834.25949800    1.00111008180
  9838.83226600    1.00159657185
  9843.41722600    1.00057398966
  9848.01437700    1.00048015526
  9852.62372100    1.00043926084
  9857.24525600    1.00153937964
  9861.87898300    1.00242232720
  9866.52490200    1.00265119856
  9871.18301300    1.00326790432
  9875.85331600    1.00346705941
  9880.53581100    1.00233948379
  9885.23049800    1.00053711698
  9889.93737700    0.99942795028
  9894.65644800    0.99861684203
  9899.38771000    0.99784247616
  9904.13116500    0.99779666919
  9908.88681100    0.99866629111
  9913.65464900    0.99929216515
  9918.43467900    0.99940480330
  9923.22690100    1.00053000531
  9928.03131500    1.00083774023
  9932.84792100    1.00093947832
  9937.67671900    1.00048402461
