#---------------------------------
#  energy flat
  8794.00000000    0.00653050048
  8799.00000000    0.00465221726
  8804.00000000    0.00276947190
  8809.00000000    0.00072228858
  8814.00000000   -0.00141397220
  8819.00000000   -0.00334513999
  8824.00000000   -0.00380793456
  8829.00000000   -0.00362008361
  8834.00000000   -0.00344314010
  8839.00000000   -0.00236534094
  8844.00000000   -0.00123002981
  8849.00000000   -0.00004084252
  8854.00000000    0.00076559267
  8859.00000000    0.00187247834
  8864.00000000    0.00222708096
  8869.00000000    0.00218802404
  8874.00000000    0.00217111253
  8879.00000000    0.00247216952
  8884.00000000    0.00348353243
  8889.00000000    0.00353999827
  8894.00000000    0.00368174048
  8899.00000000    0.00154481865
  8904.00000000   -0.00077521602
  8909.00000000   -0.00236147724
  8914.00000000   -0.00348004051
  8919.00000000   -0.00386978826
  8924.00000000   -0.00276058889
  8929.00000000   -0.00078325619
  8934.00000000    0.00167962299
  8939.00000000    0.00356027608
  8944.00000000    0.00485523251
  8949.00000000    0.00572314602
  8953.00000000    0.00673009076
  8956.00000000    0.00756206458
  8958.00000000    0.00839854449
  8959.00000000    0.00899328672
  8959.20000000    0.01009086419
  8959.40000000    0.01058952387
  8959.60000000    0.01084094817
  8959.80000000    0.01134605315
  8960.00000000    0.01122249278
  8960.20000000    0.01147424761
  8960.40000000    0.01158932887
  8960.60000000    0.01171102070
  8960.80000000    0.01184510735
  8961.00000000    0.01298780197
  8961.20000000    0.01292010093
  8961.40000000    0.01283504713
  8961.60000000    0.01293508934
  8961.80000000    0.01316403770
  8962.00000000    0.01322177225
  8962.20000000    0.01333652298
  8962.40000000    0.01412323832
  8962.60000000    0.01431285377
  8962.80000000    0.01456659177
  8963.00000000    0.01490676300
  8963.20000000    0.01505853293
  8963.40000000    0.01515163404
  8963.60000000    0.01570582252
  8963.80000000    0.01611656160
  8964.00000000    0.01592061546
  8964.20000000    0.01612179942
  8964.40000000    0.01627290829
  8964.60000000    0.01638484953
  8964.80000000    0.01679360544
  8965.00000000    0.01683696199
  8965.20000000    0.01704525231
  8965.40000000    0.01748342526
  8965.60000000    0.01786309465
  8965.80000000    0.01813319382
  8966.00000000    0.01841486148
  8966.20000000    0.01902854511
  8966.40000000    0.01896332303
  8966.60000000    0.01939653805
  8966.80000000    0.01916357271
  8967.00000000    0.01928691718
  8967.20000000    0.01976029143
  8967.40000000    0.01998279448
  8967.60000000    0.02002896053
  8967.80000000    0.02063702517
  8968.00000000    0.02067674591
  8968.20000000    0.02126811886
  8968.40000000    0.02090112418
  8968.60000000    0.02097786412
  8968.80000000    0.02079447807
  8969.00000000    0.02119364865
  8969.20000000    0.02116015731
  8969.40000000    0.02171070998
  8969.60000000    0.02189867279
  8969.80000000    0.02292551715
  8970.00000000    0.02288392786
  8970.20000000    0.02388218149
  8970.40000000    0.02452131582
  8970.60000000    0.02500774594
  8970.80000000    0.02585974067
  8971.00000000    0.02659423250
  8971.20000000    0.02744589670
  8971.40000000    0.02818567698
  8971.60000000    0.02915434831
  8971.80000000    0.02957004531
  8972.00000000    0.03070034511
  8972.20000000    0.03091673339
  8972.40000000    0.03117443773
  8972.60000000    0.03173391467
  8972.80000000    0.03240577132
  8973.00000000    0.03326123661
  8973.20000000    0.03455200804
  8973.40000000    0.03549688130
  8973.60000000    0.03642175759
  8973.80000000    0.03725739116
  8974.00000000    0.03809484264
  8974.20000000    0.03934099270
  8974.40000000    0.04037907503
  8974.60000000    0.04195145681
  8974.80000000    0.04359242327
  8975.00000000    0.04504085683
  8975.20000000    0.04675007745
  8975.40000000    0.04897178263
  8975.60000000    0.05159739373
  8975.80000000    0.05458162835
  8976.00000000    0.05716146125
  8976.20000000    0.06026617354
  8976.40000000    0.06309505973
  8976.60000000    0.06675588635
  8976.80000000    0.07118023401
  8977.00000000    0.07561648069
  8977.20000000    0.08144772325
  8977.40000000    0.08811057573
  8977.60000000    0.09654126033
  8977.80000000    0.10678076260
  8978.00000000    0.11749457339
  8978.20000000    0.13078072286
  8978.40000000    0.14691173185
  8978.60000000    0.16536354728
  8978.80000000    0.18852704765
  8979.00000000    0.21524306922
  8979.20000000    0.24744173366
  8979.40000000    0.28476177321
  8979.60000000    0.32770559134
  8979.80000000    0.37580235006
  8980.00000000    0.42724273592
  8980.20000000    0.48080832443
  8980.40000000    0.53283301611
  8980.60000000    0.58098724551
  8980.80000000    0.62163189294
  8981.00000000    0.65255555691
  8981.20000000    0.67105831471
  8981.40000000    0.67898600320
  8981.60000000    0.67731996174
  8981.80000000    0.66754145417
  8982.00000000    0.65321837129
  8982.20000000    0.63545914069
  8982.40000000    0.61734147927
  8982.60000000    0.60083451106
  8982.80000000    0.58612531523
  8983.00000000    0.57376802296
  8983.20000000    0.56449442452
  8983.40000000    0.55929428777
  8983.60000000    0.55799904311
  8983.80000000    0.56014528948
  8984.00000000    0.56506535915
  8984.20000000    0.57269033690
  8984.40000000    0.58136972826
  8984.60000000    0.59097347023
  8984.80000000    0.60155163789
  8985.00000000    0.61215396158
  8985.20000000    0.62289579575
  8985.40000000    0.63377218249
  8985.60000000    0.64405678524
  8985.80000000    0.65460649934
  8986.00000000    0.66493577831
  8986.20000000    0.67579607888
  8986.40000000    0.68653989556
  8986.60000000    0.69770483309
  8986.80000000    0.70807140626
  8987.00000000    0.71927821052
  8987.20000000    0.73071128903
  8987.40000000    0.74201168775
  8987.60000000    0.75376973073
  8987.80000000    0.76607730491
  8988.00000000    0.77870750243
  8988.20000000    0.79131954830
  8988.40000000    0.80364340070
  8988.60000000    0.81551610901
  8988.80000000    0.82674943721
  8989.00000000    0.83838388929
  8989.20000000    0.85126479209
  8989.40000000    0.86494543622
  8989.60000000    0.87932269679
  8989.80000000    0.89415082577
  8990.00000000    0.90836254639
  8990.20000000    0.92372916132
  8990.40000000    0.94000822783
  8990.60000000    0.95648861368
  8990.80000000    0.97282260281
  8991.00000000    0.98879502111
  8991.20000000    1.00544835572
  8991.40000000    1.02108534238
  8991.60000000    1.03629961042
  8991.80000000    1.05013427960
  8992.00000000    1.06251828626
  8992.20000000    1.07377455683
  8992.40000000    1.08279879533
  8992.60000000    1.09108829622
  8992.80000000    1.09782632339
  8993.00000000    1.10336455923
  8993.20000000    1.10850850192
  8993.40000000    1.11448342090
  8993.60000000    1.11937423356
  8993.80000000    1.12414211702
  8994.00000000    1.12753271532
  8994.20000000    1.13033962758
  8994.40000000    1.13271159165
  8994.60000000    1.13510672017
  8994.80000000    1.13822242842
  8995.00000000    1.13975427115
  8995.20000000    1.14195215640
  8995.40000000    1.14205782316
  8995.60000000    1.14121655297
  8995.80000000    1.13905517905
  8996.00000000    1.13621062998
  8996.20000000    1.13295294762
  8996.40000000    1.12902696389
  8996.60000000    1.12423733641
  8996.80000000    1.11876354221
  8997.00000000    1.11243833379
  8997.20000000    1.10579055692
  8997.40000000    1.09847117340
  8997.60000000    1.09138814524
  8997.80000000    1.08456229575
  8998.00000000    1.07707806075
  8998.20000000    1.07098570905
  8998.40000000    1.06397154055
  8998.60000000    1.05753318027
  8998.80000000    1.05111798442
  8999.00000000    1.04540320607
  8999.20000000    1.03987850907
  8999.40000000    1.03406231329
  8999.60000000    1.02822300794
  8999.80000000    1.02274400616
  9000.00000000    1.01798062619
  9000.20000000    1.01367902207
  9000.40000000    1.00957741517
  9000.60000000    1.00622283029
  9000.80000000    1.00310427024
  9001.00000000    1.00146683618
  9001.20000000    0.99919018727
  9001.40000000    0.99817552390
  9001.60000000    0.99738366422
  9001.80000000    0.99676007101
  9002.00000000    0.99554320640
  9002.20000000    0.99462715023
  9002.40000000    0.99381986537
  9002.60000000    0.99314911624
  9002.80000000    0.99318043722
  9003.00000000    0.99293876902
  9003.20000000    0.99282702596
  9003.40000000    0.99305773792
  9003.60000000    0.99289250405
  9003.80000000    0.99362468269
  9004.00000000    0.99369219577
  9004.20000000    0.99475429676
  9004.40000000    0.99556290973
  9004.60000000    0.99727488473
  9004.80000000    0.99846960990
  9005.00000000    0.99981904986
  9005.20000000    1.00019775477
  9005.40000000    1.00144742991
  9005.60000000    1.00218349102
  9005.80000000    1.00267862421
  9006.00000000    1.00380939125
  9006.20000000    1.00492828667
  9006.40000000    1.00633609147
  9006.60000000    1.00809064815
  9006.80000000    1.00991596535
  9007.00000000    1.01147820919
  9007.20000000    1.01251130416
  9007.40000000    1.01334379568
  9007.60000000    1.01466748006
  9007.80000000    1.01516718408
  9008.00000000    1.01661619358
  9008.20000000    1.01884660004
  9008.40000000    1.02095374673
  9008.60000000    1.02330617301
  9008.80000000    1.02467100727
  9009.00000000    1.02706612651
  9009.22786000    1.02787938281
  9009.48358100    1.02899149459
  9009.76716200    1.02996750310
  9010.07860400    1.03070859429
  9010.41790500    1.03205598570
  9010.78506700    1.03340151964
  9011.18009000    1.03376420828
  9011.60297300    1.03237262273
  9012.05371600    1.02958474962
  9012.53231900    1.02678123260
  9013.03878300    1.02560779859
  9013.57310700    1.02404395752
  9014.13529200    1.02196645052
  9014.72533700    1.01996398332
  9015.34324200    1.01662589363
  9015.98900800    1.01090146408
  9016.66263400    1.00518805757
  9017.36412000    0.99715978288
  9018.09346700    0.98870664016
  9018.85067400    0.98081265682
  9019.63574100    0.97317180651
  9020.44866900    0.96690065721
  9021.28945700    0.96089430038
  9022.15810600    0.95562742062
  9023.05461400    0.95002552335
  9023.97898300    0.94586689877
  9024.93121300    0.94390718768
  9025.91130300    0.94126853395
  9026.91925300    0.93954777671
  9027.95506400    0.93820290391
  9029.01873400    0.93766432682
  9030.11026600    0.93729748398
  9031.23272300    0.93905462364
  9032.36737300    0.94293476293
  9033.51421400    0.94718514097
  9034.67324800    0.95340487855
  9035.84447300    0.96055350437
  9037.02789000    0.96751980758
  9038.22349900    0.97550099144
  9039.43130000    0.98292641310
  9040.65129300    0.99089510931
  9041.88347800    0.99903229012
  9043.12785500    1.00590051644
  9044.38442300    1.01187298720
  9045.65318400    1.01636370094
  9046.93413600    1.01904877450
  9048.22728000    1.01963637956
  9049.53261700    1.01778180343
  9050.85014500    1.01613393770
  9052.17986500    1.01514960194
  9053.52177700    1.01419123801
  9054.87588100    1.01324598703
  9056.24217700    1.01236312968
  9057.62066400    1.01285225453
  9059.01134400    1.01210023051
  9060.41421500    1.01100381862
  9061.82927900    1.01034342510
  9063.25653400    1.01084658070
  9064.69598100    1.01181292620
  9066.14762000    1.01262275377
  9067.61145200    1.01225509181
  9069.08747500    1.01367878608
  9070.57568900    1.01471006796
  9072.07609600    1.01598060707
  9073.58869500    1.01696357712
  9075.11348500    1.01703960394
  9076.65046800    1.01714246070
  9078.19964200    1.01696810001
  9079.76100900    1.01620816889
  9081.33456700    1.01510465340
  9082.92031700    1.01407471323
  9084.51825900    1.01246129253
  9086.12839300    1.00932605571
  9087.75071900    1.00574061158
  9089.38523700    1.00255875071
  9091.03194600    0.99904673719
  9092.69084800    0.99513089412
  9094.36194200    0.99172120439
  9096.04522700    0.98849610140
  9097.74070400    0.98488380409
  9099.44837400    0.98191890038
  9101.16823500    0.97946855782
  9102.90028800    0.97745546624
  9104.64453300    0.97727482251
  9106.40097000    0.97823817133
  9108.16959800    0.97920985441
  9109.95041900    0.98110017884
  9111.74343200    0.98302898491
  9113.54863600    0.98469916533
  9115.36603200    0.98659266422
  9117.19562100    0.98910019984
  9119.03740100    0.99131021430
  9120.89137300    0.99310804751
  9122.75753700    0.99445836835
  9124.63589300    0.99597996170
  9126.52644100    0.99706072389
  9128.42918100    0.99805964413
  9130.34411200    0.99934629060
  9132.27123600    1.00062685398
  9134.21055200    1.00201970044
  9136.16205900    1.00357675980
  9138.12575800    1.00499430858
  9140.10164900    1.00608397982
  9142.08973300    1.00683886435
  9144.09000800    1.00700151867
  9146.10247500    1.00614063451
  9148.12713300    1.00514867471
  9150.16398400    1.00446229643
  9152.21302700    1.00335866883
  9154.27426100    1.00235973142
  9156.34768800    1.00092080124
  9158.43330600    1.00041625259
  9160.53111700    0.99985948520
  9162.64111900    0.99915798688
  9164.76331300    0.99982759076
  9166.89769900    1.00010859348
  9169.04427700    0.99999144017
  9171.20304700    1.00116945882
  9173.37400800    1.00120371085
  9175.55716200    1.00099028420
  9177.75250800    1.00170721367
  9179.96004500    1.00187111751
  9182.17977500    1.00192459708
  9184.41169600    1.00233405990
  9186.65580900    1.00234361183
  9188.91211400    1.00249765981
  9191.18061100    1.00166846616
  9193.46130000    1.00050455318
  9195.75418100    0.99951198482
  9198.05925400    0.99870070101
  9200.37651800    0.99864386388
  9202.70597500    0.99871976771
  9205.04762300    0.99848784430
  9207.40146400    0.99941598828
  9209.76749600    0.99986215867
  9212.14572000    0.99949981110
  9214.53613600    0.99932749171
  9216.93874400    0.99949825372
  9219.35354400    0.99983792628
  9221.78053600    0.99966134052
  9224.21972000    0.99926036923
  9226.67109600    0.99918502715
  9229.13466300    0.99886748259
  9231.61042300    0.99882039451
  9234.09837400    0.99888677851
  9236.59851700    0.99860159024
  9239.11085200    0.99842923284
  9241.63538000    0.99891541636
  9244.17209900    0.99836553341
  9246.72100900    0.99795594257
  9249.28211200    0.99901041286
  9251.85540700    1.00051555088
  9254.44089400    1.00178452224
  9257.03857200    1.00293004210
  9259.64844300    1.00444922283
  9262.27050500    1.00528768282
  9264.90475900    1.00526858627
  9267.55120500    1.00481996549
  9270.20984400    1.00489538980
  9272.88067400    1.00609642053
  9275.56369600    1.00645640424
  9278.25890900    1.00751328480
  9280.96631500    1.00824075762
  9283.68591300    1.00883878393
  9286.41770200    1.00960648202
  9289.16168400    1.00945606442
  9291.91785700    1.00850849346
  9294.68622200    1.00840614665
  9297.46678000    1.00729903480
  9300.25952900    1.00647719489
  9303.06447000    1.00642218295
  9305.88160200    1.00663487913
  9308.71092700    1.00735620899
  9311.55244400    1.00809531225
  9314.40615300    1.00679362761
  9317.27205300    1.00571161090
  9320.15014600    1.00682611622
  9323.04043000    1.00756526969
  9325.94290600    1.00709180310
  9328.85757400    1.00634041200
  9331.78443500    1.00567199013
  9334.72348700    1.00447997815
  9337.67473000    1.00322905351
  9340.63816600    1.00295735430
  9343.61379400    1.00275191238
  9346.60161400    1.00180188854
  9349.60162500    1.00108790818
  9352.61382900    1.00033457943
  9355.63822400    0.99977916609
  9358.67481100    0.99870072089
  9361.72359000    0.99809208676
  9364.78456100    0.99839346024
  9367.85772400    0.99965071462
  9370.94307900    1.00056281653
  9374.04062600    1.00115547156
  9377.15036500    1.00168707466
  9380.27229500    1.00200583401
  9383.40641800    1.00130318840
  9386.55273200    1.00098842873
  9389.71123900    1.00053360660
  9392.88193700    1.00024437196
  9396.06482700    1.00040752525
  9399.25990900    1.00014045577
  9402.46718300    0.99988861340
  9405.68664900    1.00010273322
  9408.91830700    1.00056984562
  9412.16215700    1.00163193509
  9415.41819800    1.00198296923
  9418.68643200    1.00184097323
  9421.96685700    1.00196240811
  9425.25947400    1.00150925514
  9428.56428400    1.00018060090
  9431.88128500    0.99884990249
  9435.21047800    0.99844018631
  9438.55186300    0.99775744141
  9441.90544000    0.99677342722
  9445.27120900    0.99608592036
  9448.64916900    0.99566898803
  9452.03932200    0.99590125409
  9455.44166600    0.99680569779
  9458.85620300    0.99686634474
  9462.28293100    0.99721211432
  9465.72185100    0.99722903806
  9469.17296400    0.99666771609
  9472.63626800    0.99585387001
  9476.11176400    0.99611669540
  9479.59945100    0.99587442211
  9483.09933100    0.99584409535
  9486.61140300    0.99545667506
  9490.13566600    0.99556670295
  9493.67212200    0.99640962950
  9497.22076900    0.99652529690
  9500.78160900    0.99635770909
  9504.35464000    0.99622659446
  9507.93986300    0.99719040129
  9511.53727800    0.99839050887
  9515.14688500    0.99878749198
  9518.76868400    0.99788431731
  9522.40267500    0.99690765262
  9526.04885700    0.99553431359
  9529.70723200    0.99421685449
  9533.37779900    0.99298111773
  9537.06055700    0.99221354652
  9540.75550700    0.99131229346
  9544.46265000    0.99116354480
  9548.18198400    0.99089804968
  9551.91351000    0.99129224656
  9555.65722800    0.99387320009
  9559.41313800    0.99669543528
  9563.18123900    0.99831356254
  9566.96153300    0.99984410640
  9570.75401900    1.00095885067
  9574.55869600    1.00063083503
  9578.37556500    0.99857644684
  9582.20462700    0.99684493728
  9586.04588000    0.99464268057
  9589.89932500    0.99301840374
  9593.76496200    0.99274913428
  9597.64279100    0.99307460391
  9601.53281200    0.99407903749
  9605.43502500    0.99432721252
  9609.34942900    0.99555763645
  9613.27602600    0.99698521691
  9617.21481400    0.99737369079
  9621.16579500    0.99822322461
  9625.12896700    0.99977500216
  9629.10433100    1.00028470743
  9633.09188800    1.00009265997
  9637.09163600    1.00028385843
  9641.10357500    0.99957405982
  9645.12770700    0.99928324294
  9649.16403100    0.99887579704
  9653.21254700    0.99950807625
  9657.27325400    0.99992125568
  9661.34615400    1.00064895140
  9665.43124500    1.00134788683
  9669.52852900    1.00171674452
  9673.63800400    1.00181316060
  9677.75967100    1.00109881207
  9681.89353000    1.00074155715
  9686.03958100    1.00023776136
  9690.19782400    1.00007239141
  9694.36825800    1.00019098372
  9698.55088500    1.00097105879
  9702.74570400    1.00168848195
  9706.95271400    1.00188452272
  9711.17191600    1.00212573537
  9715.40331100    1.00259029256
  9719.64689700    1.00402255855
  9723.90267500    1.00443473077
  9728.17064500    1.00451495741
  9732.45080700    1.00505582265
  9736.74316100    1.00491167990
  9741.04770700    1.00599888806
  9745.36444400    1.00598584358
  9749.69337400    1.00498220847
  9754.03449500    1.00522029691
  9758.38780900    1.00455752559
  9762.75331400    1.00405875792
  9767.13101100    1.00505094737
  9771.52090000    1.00553393676
  9775.92298100    1.00589496444
  9780.33725400    1.00634409294
  9784.76371900    1.00700378199
  9789.20237600    1.00696787355
  9793.65322400    1.00575558931
  9798.11626500    1.00492483090
  9802.59149700    1.00333043354
  9807.07892200    1.00239343333
  9811.57853800    1.00280736900
  9816.09034600    1.00113349001
  9820.61434600    1.00073299883
  9825.15053800    1.00220584814
  9829.69892200    1.00172223236
  9834.25949800    1.00137672586
  9838.83226600    1.00205117913
  9843.41722600    1.00029056247
  9848.01437700    0.99921074207
  9852.62372100    0.99856542484
  9857.24525600    0.99773349319
  9861.87898300    0.99824092031
  9866.52490200    0.99777556853
  9871.18301300    0.99756855089
  9875.85331600    0.99711932538
  9880.53581100    0.99687429839
  9885.23049800    0.99767880809
  9889.93737700    0.99772006549
  9894.65644800    0.99676254743
  9899.38771000    0.99608718187
  9904.13116500    0.99644833993
  9908.88681100    0.99758566348
  9913.65464900    0.99867455695
  9918.43467900    0.99846601129
  9923.22690100    0.99820715169
  9928.03131500    0.99645061657
  9932.84792100    0.99584691973
  9937.67671900    0.99311191612
