#---------------------------------
#  energy flat
  8794.00000000    0.00453201438
  8799.00000000    0.00351857907
  8804.00000000    0.00243927532
  8809.00000000    0.00098169471
  8814.00000000   -0.00036361621
  8819.00000000   -0.00141478587
  8824.00000000   -0.00210367911
  8829.00000000   -0.00211548745
  8834.00000000   -0.00180048699
  8839.00000000   -0.00189549756
  8844.00000000   -0.00132902366
  8849.00000000   -0.00048747568
  8854.00000000    0.00014646670
  8859.00000000    0.00071467398
  8864.00000000    0.00114754429
  8869.00000000    0.00168828416
  8874.00000000    0.00196275020
  8879.00000000    0.00234481914
  8884.00000000    0.00329437002
  8889.00000000    0.00277374798
  8894.00000000    0.00244153102
  8899.00000000    0.00071420981
  8904.00000000   -0.00038682786
  8909.00000000   -0.00183920833
  8914.00000000   -0.00248303369
  8919.00000000   -0.00297125486
  8924.00000000   -0.00192010123
  8929.00000000   -0.00018946265
  8934.00000000    0.00171944741
  8939.00000000    0.00361875721
  8944.00000000    0.00478818068
  8949.00000000    0.00536318815
  8953.00000000    0.00644566421
  8956.00000000    0.00765839873
  8958.00000000    0.00852257879
  8959.00000000    0.00957728559
  8959.20000000    0.00978206679
  8959.40000000    0.00966697270
  8959.60000000    0.00960121328
  8959.80000000    0.00970692514
  8960.00000000    0.00988957240
  8960.20000000    0.01035316056
  8960.40000000    0.01076141391
  8960.60000000    0.01119646797
  8960.80000000    0.01188072874
  8961.00000000    0.01183123642
  8961.20000000    0.01197241590
  8961.40000000    0.01209972834
  8961.60000000    0.01267678623
  8961.80000000    0.01281076552
  8962.00000000    0.01335702257
  8962.20000000    0.01336233173
  8962.40000000    0.01342110899
  8962.60000000    0.01361402320
  8962.80000000    0.01369320101
  8963.00000000    0.01311422777
  8963.20000000    0.01362141710
  8963.40000000    0.01329925077
  8963.60000000    0.01394017705
  8963.80000000    0.01371481332
  8964.00000000    0.01450854371
  8964.20000000    0.01450318591
  8964.40000000    0.01468969995
  8964.60000000    0.01502208458
  8964.80000000    0.01572101241
  8965.00000000    0.01628446993
  8965.20000000    0.01699406472
  8965.40000000    0.01735271673
  8965.60000000    0.01769323491
  8965.80000000    0.01792788358
  8966.00000000    0.01779878911
  8966.20000000    0.01830224502
  8966.40000000    0.01766113676
  8966.60000000    0.01819499349
  8966.80000000    0.01840230808
  8967.00000000    0.01883642879
  8967.20000000    0.01913374581
  8967.40000000    0.01901798503
  8967.60000000    0.01960050974
  8967.80000000    0.01980195751
  8968.00000000    0.01974633169
  8968.20000000    0.02025992120
  8968.40000000    0.02046230233
  8968.60000000    0.02115216325
  8968.80000000    0.02195162713
  8969.00000000    0.02205227218
  8969.20000000    0.02292240463
  8969.40000000    0.02295331448
  8969.60000000    0.02297369070
  8969.80000000    0.02357368254
  8970.00000000    0.02411513947
  8970.20000000    0.02487300222
  8970.40000000    0.02516578579
  8970.60000000    0.02578404479
  8970.80000000    0.02605536110
  8971.00000000    0.02665188618
  8971.20000000    0.02684226699
  8971.40000000    0.02735092303
  8971.60000000    0.02793904788
  8971.80000000    0.02874944539
  8972.00000000    0.02944650651
  8972.20000000    0.03015850136
  8972.40000000    0.03051755338
  8972.60000000    0.03191663340
  8972.80000000    0.03307170685
  8973.00000000    0.03356609585
  8973.20000000    0.03407328519
  8973.40000000    0.03435006832
  8973.60000000    0.03495046017
  8973.80000000    0.03584672665
  8974.00000000    0.03686352971
  8974.20000000    0.03797233525
  8974.40000000    0.03956128706
  8974.60000000    0.04109917082
  8974.80000000    0.04246865005
  8975.00000000    0.04449468029
  8975.20000000    0.04581429151
  8975.40000000    0.04806686118
  8975.60000000    0.05015422641
  8975.80000000    0.05263346886
  8976.00000000    0.05544565361
  8976.20000000    0.05872651764
  8976.40000000    0.06182937688
  8976.60000000    0.06526517843
  8976.80000000    0.06945620031
  8977.00000000    0.07259012705
  8977.20000000    0.07677101533
  8977.40000000    0.08179552632
  8977.60000000    0.08761512539
  8977.80000000    0.09454755444
  8978.00000000    0.10342710258
  8978.20000000    0.11359215202
  8978.40000000    0.12579058955
  8978.60000000    0.14102004204
  8978.80000000    0.15935917827
  8979.00000000    0.18275471735
  8979.20000000    0.21170427267
  8979.40000000    0.24730974057
  8979.60000000    0.29080368758
  8979.80000000    0.34216104637
  8980.00000000    0.40142621811
  8980.20000000    0.46706689489
  8980.40000000    0.53512900162
  8980.60000000    0.60136496578
  8980.80000000    0.65960195438
  8981.00000000    0.70491063453
  8981.20000000    0.73191606135
  8981.40000000    0.73914912850
  8981.60000000    0.72742852456
  8981.80000000    0.69936711979
  8982.00000000    0.66010758589
  8982.20000000    0.61540221100
  8982.40000000    0.57071634216
  8982.60000000    0.53016075664
  8982.80000000    0.49630819028
  8983.00000000    0.46982999436
  8983.20000000    0.45098910918
  8983.40000000    0.43951566067
  8983.60000000    0.43577179183
  8983.80000000    0.43718396652
  8984.00000000    0.44392445596
  8984.20000000    0.45384200208
  8984.40000000    0.46682753516
  8984.60000000    0.48109914042
  8984.80000000    0.49610880298
  8985.00000000    0.51028141364
  8985.20000000    0.52295842119
  8985.40000000    0.53500238211
  8985.60000000    0.54588008188
  8985.80000000    0.55600526489
  8986.00000000    0.56552286823
  8986.20000000    0.57518811213
  8986.40000000    0.58547714262
  8986.60000000    0.59666850044
  8986.80000000    0.60935246800
  8987.00000000    0.62388945490
  8987.20000000    0.64061320334
  8987.40000000    0.65956104754
  8987.60000000    0.67967775895
  8987.80000000    0.70156028689
  8988.00000000    0.72561797556
  8988.20000000    0.75085333134
  8988.40000000    0.77636179640
  8988.60000000    0.80256604868
  8988.80000000    0.82926554930
  8989.00000000    0.85620762471
  8989.20000000    0.88231651245
  8989.40000000    0.90814289392
  8989.60000000    0.93323609019
  8989.80000000    0.95833585439
  8990.00000000    0.98371926053
  8990.20000000    1.00820681006
  8990.40000000    1.03083341021
  8990.60000000    1.05199667156
  8990.80000000    1.07033095722
  8991.00000000    1.08622321083
  8991.20000000    1.09881340908
  8991.40000000    1.10818422078
  8991.60000000    1.11409003917
  8991.80000000    1.11816744154
  8992.00000000    1.11942040097
  8992.20000000    1.11879000934
  8992.40000000    1.11702081989
  8992.60000000    1.11437977306
  8992.80000000    1.11149408562
  8993.00000000    1.10828055518
  8993.20000000    1.10602614964
  8993.40000000    1.10548395582
  8993.60000000    1.10597102188
  8993.80000000    1.10817349950
  8994.00000000    1.11327915390
  8994.20000000    1.12070156916
  8994.40000000    1.12868736460
  8994.60000000    1.13788455757
  8994.80000000    1.15167163892
  8995.00000000    1.16731680163
  8995.20000000    1.18387762021
  8995.40000000    1.20168850355
  8995.60000000    1.21987102786
  8995.80000000    1.23765290557
  8996.00000000    1.25339275902
  8996.20000000    1.26722339166
  8996.40000000    1.27934427542
  8996.60000000    1.28979647795
  8996.80000000    1.29717222788
  8997.00000000    1.30126351951
  8997.20000000    1.30292344234
  8997.40000000    1.30143384358
  8997.60000000    1.29619124022
  8997.80000000    1.28726176722
  8998.00000000    1.27563585115
  8998.20000000    1.26184123944
  8998.40000000    1.24580086323
  8998.60000000    1.22823100836
  8998.80000000    1.20992716280
  8999.00000000    1.19113653308
  8999.20000000    1.17266767421
  8999.40000000    1.15613902963
  8999.60000000    1.14057030619
  8999.80000000    1.12515294864
  9000.00000000    1.10779996732
  9000.20000000    1.09589502764
  9000.40000000    1.08680072513
  9000.60000000    1.07970423777
  9000.80000000    1.07305859044
  9001.00000000    1.06777527425
  9001.20000000    1.06305720095
  9001.40000000    1.05955292121
  9001.60000000    1.05689949180
  9001.80000000    1.05485583946
  9002.00000000    1.05273154549
  9002.20000000    1.05159997198
  9002.40000000    1.04946933185
  9002.60000000    1.04691457381
  9002.80000000    1.04467891776
  9003.00000000    1.04221994896
  9003.20000000    1.03975980661
  9003.40000000    1.03700168261
  9003.60000000    1.03352903229
  9003.80000000    1.03006987512
  9004.00000000    1.02622393357
  9004.20000000    1.02288269817
  9004.40000000    1.01984162997
  9004.60000000    1.01635937557
  9004.80000000    1.01353703115
  9005.00000000    1.01029616754
  9005.20000000    1.00746187355
  9005.40000000    1.00408479014
  9005.60000000    1.00160175588
  9005.80000000    0.99922901623
  9006.00000000    0.99653109267
  9006.20000000    0.99487735530
  9006.40000000    0.99302590387
  9006.60000000    0.99118207716
  9006.80000000    0.98916933694
  9007.00000000    0.98669114179
  9007.20000000    0.98386002794
  9007.40000000    0.98151148447
  9007.60000000    0.97977831480
  9007.80000000    0.97827357509
  9008.00000000    0.97652285244
  9008.20000000    0.97535336900
  9008.40000000    0.97351335762
  9008.60000000    0.97159750088
  9008.80000000    0.97011567903
  9009.00000000    0.96874921672
  9009.22786000    0.96765058003
  9009.48358100    0.96688650932
  9009.76716200    0.96609814708
  9010.07860400    0.96600133568
  9010.41790500    0.96701192521
  9010.78506700    0.96984203997
  9011.18009000    0.97579076677
  9011.60297300    0.98408968104
  9012.05371600    0.99522453171
  9012.53231900    1.01279849346
  9013.03878300    1.03750160207
  9013.57310700    1.06441228851
  9014.13529200    1.08249042270
  9014.72533700    1.10144444615
  9015.34324200    1.11798592284
  9015.98900800    1.12521032512
  9016.66263400    1.12211169667
  9017.36412000    1.11202473699
  9018.09346700    1.09347682148
  9018.85067400    1.06124670346
  9019.63574100    1.02826563030
  9020.44866900    0.99890569059
  9021.28945700    0.97067533320
  9022.15810600    0.94722850838
  9023.05461400    0.92812280317
  9023.97898300    0.91243365602
  9024.93121300    0.90402651228
  9025.91130300    0.90137921430
  9026.91925300    0.90198424867
  9027.95506400    0.90559656690
  9029.01873400    0.91079803503
  9030.11026600    0.91640171999
  9031.23272300    0.92220774431
  9032.36737300    0.92970818519
  9033.51421400    0.94004187261
  9034.67324800    0.95219370322
  9035.84447300    0.96783905535
  9037.02789000    0.98696658873
  9038.22349900    1.00387761241
  9039.43130000    1.01684154243
  9040.65129300    1.02256855300
  9041.88347800    1.02901818805
  9043.12785500    1.03405371965
  9044.38442300    1.03760247774
  9045.65318400    1.04069901546
  9046.93413600    1.04401335155
  9048.22728000    1.04803202650
  9049.53261700    1.05183887629
  9050.85014500    1.05467748094
  9052.17986500    1.05552740664
  9053.52177700    1.05459998808
  9054.87588100    1.05135667286
  9056.24217700    1.04610986456
  9057.62066400    1.04007199283
  9059.01134400    1.03345572032
  9060.41421500    1.02679799326
  9061.82927900    1.02108456101
  9063.25653400    1.01678090035
  9064.69598100    1.01294070985
  9066.14762000    1.01007692900
  9067.61145200    1.00854595706
  9069.08747500    1.00898340661
  9070.57568900    1.01131126615
  9072.07609600    1.01444109208
  9073.58869500    1.01736658204
  9075.11348500    1.01970624973
  9076.65046800    1.02094286482
  9078.19964200    1.02039920029
  9079.76100900    1.01862365291
  9081.33456700    1.01652090323
  9082.92031700    1.01473268419
  9084.51825900    1.01444047780
  9086.12839300    1.01513131947
  9087.75071900    1.01637384581
  9089.38523700    1.01767695739
  9091.03194600    1.01836901767
  9092.69084800    1.01743410685
  9094.36194200    1.01534061679
  9096.04522700    1.01136597278
  9097.74070400    1.00622656687
  9099.44837400    0.99995370481
  9101.16823500    0.99330698339
  9102.90028800    0.98651611112
  9104.64453300    0.98009933823
  9106.40097000    0.97435277431
  9108.16959800    0.97043228599
  9109.95041900    0.96786408858
  9111.74343200    0.96707069269
  9113.54863600    0.96769351971
  9115.36603200    0.96965212633
  9117.19562100    0.97193324251
  9119.03740100    0.97453402981
  9120.89137300    0.97744417524
  9122.75753700    0.98080430359
  9124.63589300    0.98466596880
  9126.52644100    0.98935886391
  9128.42918100    0.99456839616
  9130.34411200    0.99971356574
  9132.27123600    1.00429176725
  9134.21055200    1.00840521558
  9136.16205900    1.01136703570
  9138.12575800    1.01280208857
  9140.10164900    1.01395981214
  9142.08973300    1.01362530743
  9144.09000800    1.01288054104
  9146.10247500    1.01175170993
  9148.12713300    1.01059622178
  9150.16398400    1.00884718479
  9152.21302700    1.00692653739
  9154.27426100    1.00514474613
  9156.34768800    1.00313171800
  9158.43330600    1.00177393249
  9160.53111700    1.00008687551
  9162.64111900    0.99793512777
  9164.76331300    0.99609608659
  9166.89769900    0.99404818044
  9169.04427700    0.99169118015
  9171.20304700    0.99073530285
  9173.37400800    0.99005388870
  9175.55716200    0.98971070187
  9177.75250800    0.99060739886
  9179.96004500    0.99125303586
  9182.17977500    0.99209484651
  9184.41169600    0.99257150875
  9186.65580900    0.99269050774
  9188.91211400    0.99359482511
  9191.18061100    0.99480846289
  9193.46130000    0.99614156152
  9195.75418100    0.99723732091
  9198.05925400    0.99840322283
  9200.37651800    0.99969954147
  9202.70597500    1.00031291928
  9205.04762300    1.00098791185
  9207.40146400    1.00131543365
  9209.76749600    1.00097947276
  9212.14572000    1.00012455472
  9214.53613600    0.99891973806
  9216.93874400    0.99666872178
  9219.35354400    0.99374056405
  9221.78053600    0.98984803575
  9224.21972000    0.98652022049
  9226.67109600    0.98416056859
  9229.13466300    0.98250931136
  9231.61042300    0.98181815224
  9234.09837400    0.98232199839
  9236.59851700    0.98371626743
  9239.11085200    0.98534996643
  9241.63538000    0.98755105739
  9244.17209900    0.98967227831
  9246.72100900    0.99155197371
  9249.28211200    0.99318768584
  9251.85540700    0.99495376933
  9254.44089400    0.99654642236
  9257.03857200    0.99834106014
  9259.64844300    1.00043974883
  9262.27050500    1.00275842014
  9264.90475900    1.00444791022
  9267.55120500    1.00552574385
  9270.20984400    1.00629478201
  9272.88067400    1.00601812647
  9275.56369600    1.00552531285
  9278.25890900    1.00501412680
  9280.96631500    1.00426046764
  9283.68591300    1.00259222474
  9286.41770200    1.00082959116
  9289.16168400    0.99934580638
  9291.91785700    0.99787436307
  9294.68622200    0.99626928224
  9297.46678000    0.99548114468
  9300.25952900    0.99531010222
  9303.06447000    0.99499468340
  9305.88160200    0.99461023959
  9308.71092700    0.99553321573
  9311.55244400    0.99702533518
  9314.40615300    0.99848565356
  9317.27205300    0.99941802802
  9320.15014600    1.00008419463
  9323.04043000    1.00074135982
  9325.94290600    1.00170432343
  9328.85757400    1.00256466460
  9331.78443500    1.00327903424
  9334.72348700    1.00353901166
  9337.67473000    1.00358285116
  9340.63816600    1.00403414452
  9343.61379400    1.00333109347
  9346.60161400    1.00234236065
  9349.60162500    1.00131339076
  9352.61382900    1.00093576592
  9355.63822400    1.00131705651
  9358.67481100    1.00121812211
  9361.72359000    1.00051238453
  9364.78456100    0.99978074860
  9367.85772400    0.99900863372
  9370.94307900    0.99861773506
  9374.04062600    0.99839452805
  9377.15036500    0.99824442203
  9380.27229500    0.99860937326
  9383.40641800    0.99911957523
  9386.55273200    0.99952896229
  9389.71123900    1.00051361782
  9392.88193700    1.00187067246
  9396.06482700    1.00291403643
  9399.25990900    1.00348856693
  9402.46718300    1.00445621288
  9405.68664900    1.00504154356
  9408.91830700    1.00587556391
  9412.16215700    1.00623804030
  9415.41819800    1.00646396709
  9418.68643200    1.00726460834
  9421.96685700    1.00732051147
  9425.25947400    1.00681385730
  9428.56428400    1.00641403788
  9431.88128500    1.00545521250
  9435.21047800    1.00483850916
  9438.55186300    1.00446262876
  9441.90544000    1.00420947007
  9445.27120900    1.00327904522
  9448.64916900    1.00271594951
  9452.03932200    1.00222686894
  9455.44166600    1.00205317591
  9458.85620300    1.00254503763
  9462.28293100    1.00302353243
  9465.72185100    1.00322894357
  9469.17296400    1.00344530116
  9472.63626800    1.00348702670
  9476.11176400    1.00383548685
  9479.59945100    1.00495845038
  9483.09933100    1.00517455556
  9486.61140300    1.00488116766
  9490.13566600    1.00459432110
  9493.67212200    1.00482071100
  9497.22076900    1.00485900626
  9500.78160900    1.00469375364
  9504.35464000    1.00470551707
  9507.93986300    1.00464363805
  9511.53727800    1.00346117155
  9515.14688500    1.00231309842
  9518.76868400    1.00116316746
  9522.40267500    0.99939804537
  9526.04885700    0.99760949990
  9529.70723200    0.99649223009
  9533.37779900    0.99590278461
  9537.06055700    0.99564224456
  9540.75550700    0.99557969002
  9544.46265000    0.99562926963
  9548.18198400    0.99629848749
  9551.91351000    0.99688974427
  9555.65722800    0.99779453946
  9559.41313800    0.99770086120
  9563.18123900    0.99723141947
  9566.96153300    0.99627663401
  9570.75401900    0.99577362624
  9574.55869600    0.99544215313
  9578.37556500    0.99530197802
  9582.20462700    0.99574460949
  9586.04588000    0.99613300250
  9589.89932500    0.99659546276
  9593.76496200    0.99755284135
  9597.64279100    0.99891931145
  9601.53281200    0.99990556328
  9605.43502500    1.00005803208
  9609.34942900    0.99990611768
  9613.27602600    0.99992001588
  9617.21481400    1.00016112184
  9621.16579500    1.00055455652
  9625.12896700    1.00075371091
  9629.10433100    1.00077678404
  9633.09188800    1.00049184130
  9637.09163600    1.00002296440
  9641.10357500    0.99991531353
  9645.12770700    1.00024977029
  9649.16403100    0.99996106201
  9653.21254700    0.99948902595
  9657.27325400    0.99998952531
  9661.34615400    1.00161972910
  9665.43124500    1.00276797122
  9669.52852900    1.00295434721
  9673.63800400    1.00296939977
  9677.75967100    1.00203296270
  9681.89353000    1.00101585527
  9686.03958100    1.00118731349
  9690.19782400    1.00108903949
  9694.36825800    1.00027343754
  9698.55088500    1.00002069275
  9702.74570400    1.00040403681
  9706.95271400    1.00012520482
  9711.17191600    0.99990705637
  9715.40331100    1.00011111540
  9719.64689700    0.99995968846
  9723.90267500    0.99987698325
  9728.17064500    1.00038828678
  9732.45080700    1.00111887008
  9736.74316100    1.00089905786
  9741.04770700    1.00061257222
  9745.36444400    1.00038525893
  9749.69337400    0.99978161870
  9754.03449500    0.99929659436
  9758.38780900    0.99838936938
  9762.75331400    0.99704209222
  9767.13101100    0.99634094527
  9771.52090000    0.99559500873
  9775.92298100    0.99513526742
  9780.33725400    0.99543752094
  9784.76371900    0.99658663601
  9789.20237600    0.99763439615
  9793.65322400    0.99822514772
  9798.11626500    0.99905260455
  9802.59149700    0.99966886965
  9807.07892200    1.00025220065
  9811.57853800    1.00077020340
  9816.09034600    1.00107075403
  9820.61434600    1.00179616524
  9825.15053800    1.00201192063
  9829.69892200    1.00196408263
  9834.25949800    1.00206299871
  9838.83226600    1.00154566567
  9843.41722600    1.00068458940
  9848.01437700    0.99948321871
  9852.62372100    0.99840422388
  9857.24525600    0.99709107658
  9861.87898300    0.99587447667
  9866.52490200    0.99550568671
  9871.18301300    0.99558235451
  9875.85331600    0.99584454839
  9880.53581100    0.99540807010
  9885.23049800    0.99556293053
  9889.93737700    0.99654846327
  9894.65644800    0.99707704532
  9899.38771000    0.99872381771
  9904.13116500    1.00086627474
  9908.88681100    1.00312247762
  9913.65464900    1.00487742770
  9918.43467900    1.00662577782
  9923.22690100    1.00835152037
  9928.03131500    1.01012747036
  9932.84792100    1.01005787708
  9937.67671900    1.00946896424
