#---------------------------------
#  energy flat
  8794.00000000    0.00565407340
  8799.00000000    0.00454258702
  8804.00000000    0.00349536937
  8809.00000000    0.00167480240
  8814.00000000   -0.00019609071
  8819.00000000   -0.00138950643
  8824.00000000   -0.00232358988
  8829.00000000   -0.00281642335
  8834.00000000   -0.00211417718
  8839.00000000   -0.00172238614
  8844.00000000   -0.00116846262
  8849.00000000   -0.00025906931
  8854.00000000    0.00061925194
  8859.00000000    0.00137248818
  8864.00000000    0.00142076021
  8869.00000000    0.00121859667
  8874.00000000    0.00127974900
  8879.00000000    0.00207507860
  8884.00000000    0.00317130271
  8889.00000000    0.00298348012
  8894.00000000    0.00294105888
  8899.00000000    0.00134490131
  8904.00000000   -0.00027104147
  8909.00000000   -0.00196094640
  8914.00000000   -0.00289834951
  8919.00000000   -0.00287145612
  8924.00000000   -0.00234435551
  8929.00000000   -0.00070131607
  8934.00000000    0.00100984291
  8939.00000000    0.00231826004
  8944.00000000    0.00398254534
  8949.00000000    0.00473378978
  8953.00000000    0.00574812355
  8956.00000000    0.00682636671
  8958.00000000    0.00744122355
  8959.00000000    0.00847931039
  8959.20000000    0.00913800394
  8959.40000000    0.00933712296
  8959.60000000    0.00961139922
  8959.80000000    0.00965276773
  8960.00000000    0.00951022676
  8960.20000000    0.00960816237
  8960.40000000    0.00947146401
  8960.60000000    0.00992327599
  8960.80000000    0.01015067857
  8961.00000000    0.01039680406
  8961.20000000    0.01042515948
  8961.40000000    0.01070992588
  8961.60000000    0.01102921680
  8961.80000000    0.01144384852
  8962.00000000    0.01103440643
  8962.20000000    0.01160851489
  8962.40000000    0.01198941881
  8962.60000000    0.01224231642
  8962.80000000    0.01304375559
  8963.00000000    0.01300704556
  8963.20000000    0.01299370598
  8963.40000000    0.01236277579
  8963.60000000    0.01220841681
  8963.80000000    0.01240488010
  8964.00000000    0.01244292895
  8964.20000000    0.01313893553
  8964.40000000    0.01327059895
  8964.60000000    0.01373117485
  8964.80000000    0.01433516030
  8965.00000000    0.01436165671
  8965.20000000    0.01460406417
  8965.40000000    0.01506756137
  8965.60000000    0.01558244700
  8965.80000000    0.01595100176
  8966.00000000    0.01603618986
  8966.20000000    0.01645666419
  8966.40000000    0.01605744667
  8966.60000000    0.01647088331
  8966.80000000    0.01738479276
  8967.00000000    0.01812687630
  8967.20000000    0.01838707718
  8967.40000000    0.01835966221
  8967.60000000    0.01856276484
  8967.80000000    0.01888245412
  8968.00000000    0.01948245598
  8968.20000000    0.02041933751
  8968.40000000    0.02023257859
  8968.60000000    0.02053407610
  8968.80000000    0.02107963544
  8969.00000000    0.02130770195
  8969.20000000    0.02189668251
  8969.40000000    0.02216471780
  8969.60000000    0.02204687514
  8969.80000000    0.02254715424
  8970.00000000    0.02259051455
  8970.20000000    0.02348968468
  8970.40000000    0.02441302197
  8970.60000000    0.02492472072
  8970.80000000    0.02534652292
  8971.00000000    0.02579873326
  8971.20000000    0.02601856699
  8971.40000000    0.02670235721
  8971.60000000    0.02711074796
  8971.80000000    0.02700512167
  8972.00000000    0.02802685386
  8972.20000000    0.02844639869
  8972.40000000    0.02895584006
  8972.60000000    0.02970323508
  8972.80000000    0.03083823426
  8973.00000000    0.03188200902
  8973.20000000    0.03292312806
  8973.40000000    0.03381433099
  8973.60000000    0.03504453818
  8973.80000000    0.03592710998
  8974.00000000    0.03705374360
  8974.20000000    0.03863464028
  8974.40000000    0.03964588232
  8974.60000000    0.04055116064
  8974.80000000    0.04208505085
  8975.00000000    0.04377191125
  8975.20000000    0.04568889089
  8975.40000000    0.04785298644
  8975.60000000    0.04976478739
  8975.80000000    0.05236336079
  8976.00000000    0.05475226410
  8976.20000000    0.05738509645
  8976.40000000    0.06051481636
  8976.60000000    0.06385659651
  8976.80000000    0.06790108351
  8977.00000000    0.07235229594
  8977.20000000    0.07716867160
  8977.40000000    0.08226389918
  8977.60000000    0.08893716306
  8977.80000000    0.09525416040
  8978.00000000    0.10335063136
  8978.20000000    0.11352972779
  8978.40000000    0.12613563264
  8978.60000000    0.14162765485
  8978.80000000    0.16123619533
  8979.00000000    0.18505008832
  8979.20000000    0.21316361234
  8979.40000000    0.24907091471
  8979.60000000    0.29269551035
  8979.80000000    0.34433284950
  8980.00000000    0.40427745289
  8980.20000000    0.46975554066
  8980.40000000    0.53836699815
  8980.60000000    0.60413727417
  8980.80000000    0.66250289060
  8981.00000000    0.70651870823
  8981.20000000    0.73313488369
  8981.40000000    0.73982103483
  8981.60000000    0.72787435411
  8981.80000000    0.70025292911
  8982.00000000    0.66122505308
  8982.20000000    0.61629353654
  8982.40000000    0.57159033308
  8982.60000000    0.53122240019
  8982.80000000    0.49733012539
  8983.00000000    0.47139036142
  8983.20000000    0.45320286594
  8983.40000000    0.44193267647
  8983.60000000    0.43754712740
  8983.80000000    0.43908059422
  8984.00000000    0.44626763632
  8984.20000000    0.45655808639
  8984.40000000    0.46925680630
  8984.60000000    0.48286729059
  8984.80000000    0.49750307174
  8985.00000000    0.51189510777
  8985.20000000    0.52445341148
  8985.40000000    0.53641967053
  8985.60000000    0.54722104321
  8985.80000000    0.55670668383
  8986.00000000    0.56605029326
  8986.20000000    0.57517804198
  8986.40000000    0.58571510542
  8986.60000000    0.59749058706
  8986.80000000    0.60993483212
  8987.00000000    0.62459546864
  8987.20000000    0.64090005334
  8987.40000000    0.65963322223
  8987.60000000    0.68023089763
  8987.80000000    0.70238979473
  8988.00000000    0.72642873410
  8988.20000000    0.75163956452
  8988.40000000    0.77743364273
  8988.60000000    0.80362280996
  8988.80000000    0.82983738809
  8989.00000000    0.85624867176
  8989.20000000    0.88212527206
  8989.40000000    0.90800099115
  8989.60000000    0.93375047828
  8989.80000000    0.95916791407
  8990.00000000    0.98434678016
  8990.20000000    1.00784342022
  8990.40000000    1.03000706294
  8990.60000000    1.05083611472
  8990.80000000    1.06922818091
  8991.00000000    1.08541723136
  8991.20000000    1.09811018978
  8991.40000000    1.10717214482
  8991.60000000    1.11323940987
  8991.80000000    1.11621159810
  8992.00000000    1.11718924499
  8992.20000000    1.11733927926
  8992.40000000    1.11619455745
  8992.60000000    1.11368815494
  8992.80000000    1.11086589912
  8993.00000000    1.10766405226
  8993.20000000    1.10542136900
  8993.40000000    1.10433437345
  8993.60000000    1.10480992371
  8993.80000000    1.10706791427
  8994.00000000    1.11187664846
  8994.20000000    1.11915645418
  8994.40000000    1.12814540160
  8994.60000000    1.13597344044
  8994.80000000    1.14939436404
  8995.00000000    1.16487657910
  8995.20000000    1.18155006750
  8995.40000000    1.19911898054
  8995.60000000    1.21654678561
  8995.80000000    1.23333606392
  8996.00000000    1.24872090205
  8996.20000000    1.26288348313
  8996.40000000    1.27540898161
  8996.60000000    1.28535089426
  8996.80000000    1.29272887338
  8997.00000000    1.29743244038
  8997.20000000    1.29880137997
  8997.40000000    1.29657489913
  8997.60000000    1.29120234767
  8997.80000000    1.28244630296
  8998.00000000    1.27049505632
  8998.20000000    1.25661565762
  8998.40000000    1.24064504475
  8998.60000000    1.22316269845
  8998.80000000    1.20513158719
  8999.00000000    1.18667732700
  8999.20000000    1.16837196256
  8999.40000000    1.15206388359
  8999.60000000    1.13670965265
  8999.80000000    1.12053072550
  9000.00000000    1.10380754738
  9000.20000000    1.09375839927
  9000.40000000    1.08484820323
  9000.60000000    1.07708598862
  9000.80000000    1.07118163263
  9001.00000000    1.06586091465
  9001.20000000    1.06182335451
  9001.40000000    1.05865173649
  9001.60000000    1.05606959869
  9001.80000000    1.05429577337
  9002.00000000    1.05242704574
  9002.20000000    1.05087585095
  9002.40000000    1.04872914801
  9002.60000000    1.04659509955
  9002.80000000    1.04386527712
  9003.00000000    1.04117652525
  9003.20000000    1.03869960741
  9003.40000000    1.03593312118
  9003.60000000    1.03269435203
  9003.80000000    1.02907943735
  9004.00000000    1.02556694001
  9004.20000000    1.02228088260
  9004.40000000    1.01885822636
  9004.60000000    1.01561075416
  9004.80000000    1.01236478095
  9005.00000000    1.00974307591
  9005.20000000    1.00720997763
  9005.40000000    1.00521828841
  9005.60000000    1.00283956399
  9005.80000000    1.00016011560
  9006.00000000    0.99761335860
  9006.20000000    0.99514246025
  9006.40000000    0.99306079683
  9006.60000000    0.99130144375
  9006.80000000    0.98931014951
  9007.00000000    0.98728821851
  9007.20000000    0.98514482457
  9007.40000000    0.98277719070
  9007.60000000    0.98040414915
  9007.80000000    0.97818530932
  9008.00000000    0.97635968701
  9008.20000000    0.97514744232
  9008.40000000    0.97390429441
  9008.60000000    0.97286872793
  9008.80000000    0.97149870774
  9009.00000000    0.97035299985
  9009.22786000    0.96865226617
  9009.48358100    0.96738664135
  9009.76716200    0.96655860748
  9010.07860400    0.96660327035
  9010.41790500    0.96793609993
  9010.78506700    0.97091759258
  9011.18009000    0.97587479658
  9011.60297300    0.98392750806
  9012.05371600    0.99530878097
  9012.53231900    1.01202172425
  9013.03878300    1.03609282402
  9013.57310700    1.06346243784
  9014.13529200    1.08246597172
  9014.72533700    1.09958201338
  9015.34324200    1.11595193119
  9015.98900800    1.12255414247
  9016.66263400    1.11908983132
  9017.36412000    1.10939064877
  9018.09346700    1.09131338471
  9018.85067400    1.05862873170
  9019.63574100    1.02712845685
  9020.44866900    0.99819512474
  9021.28945700    0.97093003799
  9022.15810600    0.94747903407
  9023.05461400    0.92828378124
  9023.97898300    0.91309386195
  9024.93121300    0.90426573750
  9025.91130300    0.90096289122
  9026.91925300    0.90279683308
  9027.95506400    0.90601691997
  9029.01873400    0.91128688080
  9030.11026600    0.91766398676
  9031.23272300    0.92396884523
  9032.36737300    0.93125533188
  9033.51421400    0.94109020556
  9034.67324800    0.95401483797
  9035.84447300    0.96900664923
  9037.02789000    0.98621715229
  9038.22349900    1.00289036654
  9039.43130000    1.01597977440
  9040.65129300    1.02207183615
  9041.88347800    1.02831034588
  9043.12785500    1.03339678943
  9044.38442300    1.03664745700
  9045.65318400    1.03925650063
  9046.93413600    1.04234133049
  9048.22728000    1.04655751810
  9049.53261700    1.05133474875
  9050.85014500    1.05429655047
  9052.17986500    1.05553016755
  9053.52177700    1.05460391614
  9054.87588100    1.05177341567
  9056.24217700    1.04705633166
  9057.62066400    1.04113798262
  9059.01134400    1.03504308276
  9060.41421500    1.02869183541
  9061.82927900    1.02302742294
  9063.25653400    1.01831582409
  9064.69598100    1.01442863426
  9066.14762000    1.01162093828
  9067.61145200    1.01022695902
  9069.08747500    1.01005030980
  9070.57568900    1.01158269922
  9072.07609600    1.01412792179
  9073.58869500    1.01673801415
  9075.11348500    1.01881185085
  9076.65046800    1.02011399360
  9078.19964200    1.01920091898
  9079.76100900    1.01684025711
  9081.33456700    1.01521594781
  9082.92031700    1.01396826292
  9084.51825900    1.01353817872
  9086.12839300    1.01443571952
  9087.75071900    1.01587331755
  9089.38523700    1.01716538404
  9091.03194600    1.01756445258
  9092.69084800    1.01649965551
  9094.36194200    1.01415488935
  9096.04522700    1.00988519518
  9097.74070400    1.00448634352
  9099.44837400    0.99902233257
  9101.16823500    0.99234281545
  9102.90028800    0.98554896776
  9104.64453300    0.97980676551
  9106.40097000    0.97510808389
  9108.16959800    0.97147772961
  9109.95041900    0.96935877963
  9111.74343200    0.96860792956
  9113.54863600    0.96919341412
  9115.36603200    0.97075707281
  9117.19562100    0.97279733381
  9119.03740100    0.97485698029
  9120.89137300    0.97768661476
  9122.75753700    0.98057724928
  9124.63589300    0.98462818236
  9126.52644100    0.98973114896
  9128.42918100    0.99469089078
  9130.34411200    0.99933487209
  9132.27123600    1.00383818468
  9134.21055200    1.00798739047
  9136.16205900    1.01055535616
  9138.12575800    1.01234046968
  9140.10164900    1.01339299888
  9142.08973300    1.01343867694
  9144.09000800    1.01254609575
  9146.10247500    1.01137102157
  9148.12713300    1.00997752505
  9150.16398400    1.00820552489
  9152.21302700    1.00630976865
  9154.27426100    1.00489874508
  9156.34768800    1.00288976428
  9158.43330600    1.00160278277
  9160.53111700    0.99975751927
  9162.64111900    0.99764695352
  9164.76331300    0.99572207314
  9166.89769900    0.99429789158
  9169.04427700    0.99256631038
  9171.20304700    0.99174873929
  9173.37400800    0.99101211256
  9175.55716200    0.99074419641
  9177.75250800    0.99147245153
  9179.96004500    0.99223951572
  9182.17977500    0.99256658155
  9184.41169600    0.99255459251
  9186.65580900    0.99249888350
  9188.91211400    0.99275772916
  9191.18061100    0.99353085412
  9193.46130000    0.99467140701
  9195.75418100    0.99611937595
  9198.05925400    0.99804313921
  9200.37651800    0.99916768322
  9202.70597500    1.00053617494
  9205.04762300    1.00149450693
  9207.40146400    1.00161722004
  9209.76749600    1.00103523532
  9212.14572000    1.00018354666
  9214.53613600    0.99838359807
  9216.93874400    0.99596202520
  9219.35354400    0.99322607376
  9221.78053600    0.99016748528
  9224.21972000    0.98725098412
  9226.67109600    0.98458356432
  9229.13466300    0.98321155109
  9231.61042300    0.98323422688
  9234.09837400    0.98370053586
  9236.59851700    0.98510758455
  9239.11085200    0.98683680479
  9241.63538000    0.98831928562
  9244.17209900    0.98991482778
  9246.72100900    0.99186663853
  9249.28211200    0.99318326831
  9251.85540700    0.99496890811
  9254.44089400    0.99679034023
  9257.03857200    0.99867431837
  9259.64844300    1.00095140345
  9262.27050500    1.00271299523
  9264.90475900    1.00451990177
  9267.55120500    1.00556974202
  9270.20984400    1.00654919912
  9272.88067400    1.00669705269
  9275.56369600    1.00589263650
  9278.25890900    1.00482342387
  9280.96631500    1.00338467460
  9283.68591300    1.00172713183
  9286.41770200    0.99925527446
  9289.16168400    0.99699011739
  9291.91785700    0.99558300105
  9294.68622200    0.99484339019
  9297.46678000    0.99436430407
  9300.25952900    0.99468712588
  9303.06447000    0.99565530384
  9305.88160200    0.99609460959
  9308.71092700    0.99648346881
  9311.55244400    0.99722249600
  9314.40615300    0.99865467133
  9317.27205300    1.00028057506
  9320.15014600    1.00145046468
  9323.04043000    1.00215728853
  9325.94290600    1.00223995419
  9328.85757400    1.00274652279
  9331.78443500    1.00306017187
  9334.72348700    1.00279778538
  9337.67473000    1.00257479620
  9340.63816600    1.00235464842
  9343.61379400    1.00188832951
  9346.60161400    1.00134510009
  9349.60162500    1.00080498682
  9352.61382900    1.00047707692
  9355.63822400    1.00052265823
  9358.67481100    1.00027628100
  9361.72359000    1.00027766574
  9364.78456100    0.99990969297
  9367.85772400    0.99933815035
  9370.94307900    0.99872722926
  9374.04062600    0.99844826548
  9377.15036500    0.99883859868
  9380.27229500    0.99907315337
  9383.40641800    0.99931318544
  9386.55273200    1.00009547550
  9389.71123900    1.00102888186
  9392.88193700    1.00226350538
  9396.06482700    1.00350779105
  9399.25990900    1.00415149521
  9402.46718300    1.00512841470
  9405.68664900    1.00595126157
  9408.91830700    1.00623631917
  9412.16215700    1.00641677191
  9415.41819800    1.00665226328
  9418.68643200    1.00727611452
  9421.96685700    1.00715489045
  9425.25947400    1.00695600106
  9428.56428400    1.00724381200
  9431.88128500    1.00705113112
  9435.21047800    1.00607947287
  9438.55186300    1.00523207061
  9441.90544000    1.00395628340
  9445.27120900    1.00372818284
  9448.64916900    1.00302392516
  9452.03932200    1.00256508190
  9455.44166600    1.00283607309
  9458.85620300    1.00303620161
  9462.28293100    1.00328498730
  9465.72185100    1.00359518323
  9469.17296400    1.00379682699
  9472.63626800    1.00432652961
  9476.11176400    1.00445343604
  9479.59945100    1.00426253485
  9483.09933100    1.00428098822
  9486.61140300    1.00429102980
  9490.13566600    1.00525749042
  9493.67212200    1.00609496971
  9497.22076900    1.00603091912
  9500.78160900    1.00566553108
  9504.35464000    1.00450882656
  9507.93986300    1.00329245818
  9511.53727800    1.00257811350
  9515.14688500    1.00074924829
  9518.76868400    0.99991770155
  9522.40267500    0.99872984719
  9526.04885700    0.99729191749
  9529.70723200    0.99649570577
  9533.37779900    0.99647798650
  9537.06055700    0.99639742863
  9540.75550700    0.99692248253
  9544.46265000    0.99686179004
  9548.18198400    0.99697835305
  9551.91351000    0.99768753408
  9555.65722800    0.99797193107
  9559.41313800    0.99832020950
  9563.18123900    0.99770673951
  9566.96153300    0.99723870661
  9570.75401900    0.99618606779
  9574.55869600    0.99548392641
  9578.37556500    0.99534130725
  9582.20462700    0.99504012118
  9586.04588000    0.99593614854
  9589.89932500    0.99662745422
  9593.76496200    0.99686177438
  9597.64279100    0.99780076014
  9601.53281200    0.99810675584
  9605.43502500    0.99868381291
  9609.34942900    0.99941804578
  9613.27602600    0.99927668355
  9617.21481400    0.99874657651
  9621.16579500    0.99910810446
  9625.12896700    0.99951574472
  9629.10433100    0.99991697513
  9633.09188800    1.00022475341
  9637.09163600    0.99941298038
  9641.10357500    0.99861998006
  9645.12770700    0.99825454798
  9649.16403100    0.99841928440
  9653.21254700    0.99915172765
  9657.27325400    0.99998217853
  9661.34615400    1.00096093044
  9665.43124500    1.00185678247
  9669.52852900    1.00215357227
  9673.63800400    1.00288769258
  9677.75967100    1.00264695157
  9681.89353000    1.00152974674
  9686.03958100    1.00068987063
  9690.19782400    1.00038853119
  9694.36825800    0.99939442396
  9698.55088500    0.99915800511
  9702.74570400    0.99939183288
  9706.95271400    0.99952696589
  9711.17191600    1.00066147057
  9715.40331100    1.00179592414
  9719.64689700    1.00206821975
  9723.90267500    1.00163897625
  9728.17064500    1.00173828716
  9732.45080700    1.00188490131
  9736.74316100    1.00100508324
  9741.04770700    1.00030877183
  9745.36444400    0.99942469488
  9749.69337400    0.99844288554
  9754.03449500    0.99740824789
  9758.38780900    0.99710398280
  9762.75331400    0.99649227432
  9767.13101100    0.99610670898
  9771.52090000    0.99652284759
  9775.92298100    0.99665005633
  9780.33725400    0.99713801510
  9784.76371900    0.99782588684
  9789.20237600    0.99807853337
  9793.65322400    0.99846998667
  9798.11626500    0.99902189376
  9802.59149700    0.99957241211
  9807.07892200    1.00034531757
  9811.57853800    1.00033506962
  9816.09034600    1.00150577644
  9820.61434600    1.00187355104
  9825.15053800    1.00277418725
  9829.69892200    1.00323486610
  9834.25949800    1.00348131647
  9838.83226600    1.00313829107
  9843.41722600    1.00110049813
  9848.01437700    0.99963172697
  9852.62372100    0.99852196305
  9857.24525600    0.99773596448
  9861.87898300    0.99639743054
  9866.52490200    0.99508462532
  9871.18301300    0.99484748942
  9875.85331600    0.99521371630
  9880.53581100    0.99553945815
  9885.23049800    0.99668748372
  9889.93737700    0.99775983090
  9894.65644800    0.99926184678
  9899.38771000    1.00033969713
  9904.13116500    1.00150009424
  9908.88681100    1.00369116263
  9913.65464900    1.00524780144
  9918.43467900    1.00582456742
  9923.22690100    1.00546961923
  9928.03131500    1.00458753769
  9932.84792100    1.00457776415
  9937.67671900    1.00351930112
