#---------------------------------
#  energy flat
  10182.0000000    0.00291073813
  10187.0000000    0.00274628011
  10192.0000000    0.00303180962
  10197.0000000    0.00299075826
  10202.0000000    0.00259127078
  10207.0000000    0.00213131016
  10212.0000000    0.00187076848
  10217.0000000    0.00147076303
  10222.0000000    0.00090526577
  10227.0000000    0.00037563801
  10232.0000000   -0.00001323105
  10237.0000000   -0.00031896573
  10242.0000000   -0.00036908159
  10247.0000000   -0.00042424767
  10252.0000000   -0.00021991015
  10257.0000000   -0.00022353809
  10262.0000000   -0.00018508087
  10267.0000000   -0.00009715739
  10272.0000000   -0.00009767750
  10277.0000000    0.00006936609
  10282.0000000    0.00009215468
  10287.0000000    0.00002727664
  10292.0000000    0.00007622278
  10297.0000000    0.00024261891
  10302.0000000    0.00006793096
  10307.0000000   -0.00026888200
  10312.0000000   -0.00011090290
  10317.0000000    0.00047220110
  10322.0000000    0.00156265795
  10327.0000000    0.00313327416
  10332.0000000    0.00445332177
  10337.0000000    0.00604504531
  10341.0000000    0.00761472959
  10344.0000000    0.00938147648
  10346.0000000    0.01079714287
  10347.0000000    0.01164845410
  10347.2000000    0.01295312520
  10347.4000000    0.01343810679
  10347.6000000    0.01376717902
  10347.8000000    0.01404587855
  10348.0000000    0.01412593610
  10348.2000000    0.01438728360
  10348.4000000    0.01448352775
  10348.6000000    0.01494753150
  10348.8000000    0.01529149541
  10349.0000000    0.01580677831
  10349.2000000    0.01616925969
  10349.4000000    0.01632209221
  10349.6000000    0.01673391035
  10349.8000000    0.01696560399
  10350.0000000    0.01714990325
  10350.2000000    0.01728693765
  10350.4000000    0.01729370226
  10350.6000000    0.01734216357
  10350.8000000    0.01723885930
  10351.0000000    0.01754721268
  10351.2000000    0.01782630069
  10351.4000000    0.01857687204
  10351.6000000    0.01916946215
  10351.8000000    0.01973252790
  10352.0000000    0.02037277137
  10352.2000000    0.02068617497
  10352.4000000    0.02103531859
  10352.6000000    0.02138821751
  10352.8000000    0.02181259645
  10353.0000000    0.02228786608
  10353.2000000    0.02244898613
  10353.4000000    0.02255895652
  10353.6000000    0.02285513758
  10353.8000000    0.02309395333
  10354.0000000    0.02363448733
  10354.2000000    0.02417100705
  10354.4000000    0.02498438241
  10354.6000000    0.02558603702
  10354.8000000    0.02589529686
  10355.0000000    0.02608827214
  10355.2000000    0.02675441418
  10355.4000000    0.02736163698
  10355.6000000    0.02800822559
  10355.8000000    0.02870544590
  10356.0000000    0.02917113305
  10356.2000000    0.02959538251
  10356.4000000    0.03004216371
  10356.6000000    0.03059202120
  10356.8000000    0.03121374719
  10357.0000000    0.03176282772
  10357.2000000    0.03262566934
  10357.4000000    0.03305134321
  10357.6000000    0.03361350251
  10357.8000000    0.03426863766
  10358.0000000    0.03497919572
  10358.2000000    0.03558758396
  10358.4000000    0.03639306026
  10358.6000000    0.03718079604
  10358.8000000    0.03794263327
  10359.0000000    0.03860877530
  10359.2000000    0.03925523442
  10359.4000000    0.04012416220
  10359.6000000    0.04098532041
  10359.8000000    0.04203631509
  10360.0000000    0.04324451404
  10360.2000000    0.04432477410
  10360.4000000    0.04550422565
  10360.6000000    0.04646716521
  10360.8000000    0.04727704426
  10361.0000000    0.04813379972
  10361.2000000    0.04944196713
  10361.4000000    0.05106713294
  10361.6000000    0.05298974376
  10361.8000000    0.05455482491
  10362.0000000    0.05597344969
  10362.2000000    0.05734429162
  10362.4000000    0.05907564154
  10362.6000000    0.06073784231
  10362.8000000    0.06259557722
  10363.0000000    0.06462760946
  10363.2000000    0.06666249054
  10363.4000000    0.06882608749
  10363.6000000    0.07111114869
  10363.8000000    0.07361531173
  10364.0000000    0.07632692226
  10364.2000000    0.07892742796
  10364.4000000    0.08166804489
  10364.6000000    0.08448894736
  10364.8000000    0.08765145187
  10365.0000000    0.09106452498
  10365.2000000    0.09463454338
  10365.4000000    0.09843117421
  10365.6000000    0.10259750703
  10365.8000000    0.10714908097
  10366.0000000    0.11187236238
  10366.2000000    0.11689749154
  10366.4000000    0.12273855493
  10366.6000000    0.12885375460
  10366.8000000    0.13534422446
  10367.0000000    0.14273751821
  10367.2000000    0.15112466932
  10367.4000000    0.16053054041
  10367.6000000    0.17121696594
  10367.8000000    0.18304487063
  10368.0000000    0.19606397973
  10368.2000000    0.21082813399
  10368.4000000    0.22773448789
  10368.6000000    0.24670767661
  10368.8000000    0.26826800227
  10369.0000000    0.29243035656
  10369.2000000    0.31891024374
  10369.4000000    0.34821164987
  10369.6000000    0.38112292720
  10369.8000000    0.41662716865
  10370.0000000    0.45516348435
  10370.2000000    0.49687625880
  10370.4000000    0.54145004751
  10370.6000000    0.58984698207
  10370.8000000    0.64270585055
  10371.0000000    0.69982580959
  10371.2000000    0.76178750498
  10371.4000000    0.83012685099
  10371.6000000    0.91210269684
  10371.8000000    1.00291267200
  10372.0000000    1.08308507142
  10372.2000000    1.15479666931
  10372.4000000    1.25726928534
  10372.6000000    1.35900845407
  10372.8000000    1.45988098825
  10373.0000000    1.55871724328
  10373.2000000    1.65383873271
  10373.4000000    1.73952316867
  10373.6000000    1.81524221998
  10373.8000000    1.88321306205
  10374.0000000    1.94303400773
  10374.2000000    1.99422774610
  10374.4000000    2.03696676101
  10374.6000000    2.07191224228
  10374.8000000    2.10146084249
  10375.0000000    2.12692147444
  10375.2000000    2.14843217717
  10375.4000000    2.16736738671
  10375.6000000    2.18521238537
  10375.8000000    2.20082167906
  10376.0000000    2.21387153539
  10376.2000000    2.22485273151
  10376.4000000    2.23292796652
  10376.6000000    2.23771782591
  10376.8000000    2.23842644637
  10377.0000000    2.23482462529
  10377.2000000    2.22690562831
  10377.4000000    2.21368893542
  10377.6000000    2.19464906444
  10377.8000000    2.17141788332
  10378.0000000    2.14421268032
  10378.2000000    2.11215963755
  10378.4000000    2.07702374172
  10378.6000000    2.03996006815
  10378.8000000    2.00101471578
  10379.0000000    1.96097137470
  10379.2000000    1.92048191123
  10379.4000000    1.87898070028
  10379.6000000    1.83620823771
  10379.8000000    1.79294251599
  10380.0000000    1.74836928370
  10380.2000000    1.70345119010
  10380.4000000    1.65894783940
  10380.6000000    1.61384996418
  10380.8000000    1.56828757474
  10381.0000000    1.52299126910
  10381.2000000    1.47826380099
  10381.4000000    1.43452602150
  10381.6000000    1.39214983361
  10381.8000000    1.35163766894
  10382.0000000    1.31294006064
  10382.2000000    1.27604897983
  10382.4000000    1.24137129239
  10382.6000000    1.20868919098
  10382.8000000    1.17803686115
  10383.0000000    1.14944589871
  10383.2000000    1.12320662606
  10383.4000000    1.10042957305
  10383.6000000    1.08080602853
  10383.8000000    1.06184869385
  10384.0000000    1.03968987717
  10384.2000000    1.02611238823
  10384.4000000    1.01428548059
  10384.6000000    1.00439873121
  10384.8000000    0.99559204842
  10385.0000000    0.98777400978
  10385.2000000    0.98033185481
  10385.4000000    0.97417902531
  10385.6000000    0.96864448917
  10385.8000000    0.96342808139
  10386.0000000    0.95908895145
  10386.2000000    0.95658948976
  10386.4000000    0.95459876846
  10386.6000000    0.95278217775
  10386.8000000    0.95111977515
  10387.0000000    0.95087748205
  10387.2000000    0.95107969907
  10387.4000000    0.95291905450
  10387.6000000    0.95535779253
  10387.8000000    0.95846765164
  10388.0000000    0.96225821397
  10388.2000000    0.96625424024
  10388.4000000    0.97085482693
  10388.6000000    0.97535268378
  10388.8000000    0.97982395213
  10389.0000000    0.98439113165
  10389.2000000    0.98912052218
  10389.4000000    0.99389739274
  10389.6000000    0.99906904254
  10389.8000000    1.00484006966
  10390.0000000    1.01048479594
  10390.2000000    1.01704486116
  10390.4000000    1.02383680170
  10390.6000000    1.02877215701
  10390.8000000    1.03241447929
  10391.0000000    1.03742484553
  10391.2000000    1.04254691595
  10391.4000000    1.04745592209
  10391.6000000    1.05208090127
  10391.8000000    1.05758392174
  10392.0000000    1.06386630944
  10392.2000000    1.06851664869
  10392.4000000    1.07196381915
  10392.6000000    1.07480659526
  10392.8000000    1.07774087087
  10393.0000000    1.08012746900
  10393.2000000    1.08208940731
  10393.4000000    1.08354432792
  10393.6000000    1.08527514394
  10393.8000000    1.08645180592
  10394.0000000    1.08702096250
  10394.2000000    1.08752881365
  10394.4000000    1.08809086672
  10394.6000000    1.08834039742
  10394.8000000    1.08796299685
  10395.0000000    1.08771697440
  10395.2000000    1.08709497682
  10395.4000000    1.08555416973
  10395.6000000    1.08354492861
  10395.8000000    1.08090978976
  10396.0000000    1.07746720389
  10396.2000000    1.07336919503
  10396.4000000    1.06868698368
  10396.6000000    1.06300567454
  10396.8000000    1.05678263563
  10397.0000000    1.04969698340
  10397.2278600    1.04127065411
  10397.4835810    1.03211720075
  10397.7671620    1.02098681382
  10398.0786040    1.00400333831
  10398.4179050    0.98709274848
  10398.7850670    0.97094875409
  10399.1800900    0.95223943018
  10399.6029730    0.93294597747
  10400.0537160    0.91279023504
  10400.5323190    0.89245154404
  10401.0387830    0.87116957331
  10401.5731070    0.85117531230
  10402.1352920    0.83323391738
  10402.7253370    0.81972095334
  10403.3432420    0.81136512318
  10403.9890080    0.80780197841
  10404.6626340    0.80881239626
  10405.3641200    0.81511299549
  10406.0934670    0.82391763981
  10406.8506740    0.83493322225
  10407.6357410    0.84648885703
  10408.4486690    0.85891305213
  10409.2894570    0.87325484512
  10410.1581060    0.88950974106
  10411.0546140    0.91175333775
  10411.9789830    0.93985739308
  10412.9312130    0.96764534418
  10413.9113030    0.99116870755
  10414.9192530    1.02533731818
  10415.9550640    1.05809415248
  10417.0187340    1.08789496080
  10418.1102660    1.11367048242
  10419.2327230    1.13330426025
  10420.3673730    1.14927054985
  10421.5142140    1.16243328584
  10422.6732480    1.17319824836
  10423.8444730    1.18126367917
  10425.0278900    1.18603982129
  10426.2234990    1.18916083025
  10427.4313000    1.18999111174
  10428.6512930    1.18804347033
  10429.8834780    1.18440353056
  10431.1278550    1.17805809723
  10432.3844230    1.16909906872
  10433.6531840    1.15843388229
  10434.9341360    1.14634194343
  10436.2272800    1.13402852409
  10437.5326170    1.12180228703
  10438.8501450    1.11009336526
  10440.1798650    1.09892631250
  10441.5217770    1.08855877088
  10442.8758810    1.07894951164
  10444.2421770    1.07017876901
  10445.6206640    1.06240550939
  10447.0113440    1.05472167054
  10448.4142150    1.04703681433
  10449.8292790    1.03957516008
  10451.2565340    1.03167649739
  10452.6959810    1.02280647429
  10454.1476200    1.01400537177
  10455.6114520    1.00620080708
  10457.0874750    0.99985215516
  10458.5756890    0.99493991970
  10460.0760960    0.99051587532
  10461.5886950    0.98661827580
  10463.1134850    0.98343636033
  10464.6504680    0.98064708577
  10466.1996420    0.97813952233
  10467.7610090    0.97653565840
  10469.3345670    0.97556994285
  10470.9203170    0.97466603209
  10472.5182590    0.97481547979
  10474.1283930    0.97633362424
  10475.7507190    0.97851928062
  10477.3852370    0.98069689967
  10479.0319460    0.98302071949
  10480.6908480    0.98560663865
  10482.3619420    0.98735332366
  10484.0452270    0.98814202757
  10485.7407040    0.98816141147
  10487.4483740    0.98809686575
  10489.1682350    0.98806996877
  10490.9002880    0.98848484219
  10492.6445330    0.98986784506
  10494.4009700    0.99208336365
  10496.1695980    0.99566966073
  10497.9504190    1.00124397944
  10499.7434320    1.00794760228
  10501.5486360    1.01482416849
  10503.3660320    1.02133064900
  10505.1956210    1.02672847454
  10507.0374010    1.02988852326
  10508.8913730    1.03219744947
  10510.7575370    1.03433383491
  10512.6358930    1.03598744818
  10514.5264410    1.03738078399
  10516.4291810    1.03781382349
  10518.3441120    1.03793197265
  10520.2712360    1.03748557171
  10522.2105520    1.03461743407
  10524.1620590    1.02969039043
  10526.1257580    1.02380122655
  10528.1016490    1.01704185814
  10530.0897330    1.00824474429
  10532.0900080    0.99871694846
  10534.1024750    0.98985564880
  10536.1271330    0.98181126154
  10538.1639840    0.97435788506
  10540.2130270    0.96893333669
  10542.2742610    0.96501127870
  10544.3476880    0.96185169825
  10546.4333060    0.95969613427
  10548.5311170    0.95848102731
  10550.6411190    0.95813167794
  10552.7633130    0.95825533979
  10554.8976990    0.95871720877
  10557.0442770    0.96032673353
  10559.2030470    0.96315498579
  10561.3740080    0.96647198656
  10563.5571620    0.97048397800
  10565.7525080    0.97489528159
  10567.9600450    0.97923513580
  10570.1797750    0.98296232234
  10572.4116960    0.98600567654
  10574.6558090    0.98840901103
  10576.9121140    0.98984370844
  10579.1806110    0.99029917641
  10581.4613000    0.99057647371
  10583.7541810    0.99044355585
  10586.0592540    0.98990067887
  10588.3765180    0.98831668266
  10590.7059750    0.98604557623
  10593.0476230    0.98382103509
  10595.4014640    0.98105485871
  10597.7674960    0.97688353829
  10600.1457200    0.97189231822
  10602.5361360    0.96779353894
  10604.9387440    0.96458452840
  10607.3535440    0.96294969288
  10609.7805360    0.96267008711
  10612.2197200    0.96418276611
  10614.6710960    0.96706261157
  10617.1346630    0.97009122274
  10619.6104230    0.97361704958
  10622.0983740    0.97641545625
  10624.5985170    0.97828634147
  10627.1108520    0.98062313322
  10629.6353800    0.98280874309
  10632.1720990    0.98524233414
  10634.7210090    0.98763312011
  10637.2821120    0.98983093259
  10639.8554070    0.99174516160
  10642.4408940    0.99308602636
  10645.0385720    0.99443703623
  10647.6484430    0.99513519077
  10650.2705050    0.99546226145
  10652.9047590    0.99534286680
  10655.5512050    0.99485208630
  10658.2098440    0.99373840845
  10660.8806740    0.99178605333
  10663.5636960    0.98892426135
  10666.2589090    0.98616275244
  10668.9663150    0.98308759081
  10671.6859130    0.97889376465
  10674.4177020    0.97446846447
  10677.1616840    0.97047536483
  10679.9178570    0.96810724078
  10682.6862220    0.96798242622
  10685.4667800    0.96902651556
  10688.2595290    0.97126215865
  10691.0644700    0.97476612251
  10693.8816020    0.97813143764
  10696.7109270    0.98140040757
  10699.5524440    0.98401681248
  10702.4061530    0.98603096783
  10705.2720530    0.98768923307
  10708.1501460    0.98917010325
  10711.0404300    0.99154375458
  10713.9429060    0.99408739595
  10716.8575740    0.99679613698
  10719.7844350    0.99976452884
  10722.7234870    1.00278721127
  10725.6747300    1.00529157356
  10728.6381660    1.00733484948
  10731.6137940    1.00892117501
  10734.6016140    1.01010440327
  10737.6016250    1.01037612326
  10740.6138290    1.00942422669
  10743.6382240    1.00773246311
  10746.6748110    1.00596612334
  10749.7235900    1.00444448715
  10752.7845610    1.00273033161
  10755.8577240    1.00145085828
  10758.9430790    1.00068965242
  10762.0406260    0.99968133880
  10765.1503650    0.99890677570
  10768.2722950    0.99832185298
  10771.4064180    0.99761103729
  10774.5527320    0.99798525368
  10777.7112390    0.99976658257
  10780.8819370    1.00155588341
  10784.0648270    1.00371148686
  10787.2599090    1.00623587441
  10790.4671830    1.00880494306
  10793.6866490    1.01067062746
  10796.9183070    1.01295162790
  10800.1621570    1.01551107971
  10803.4181980    1.01754289776
  10806.6864320    1.01954524533
  10809.9668570    1.02086923834
  10813.2594740    1.02116460082
  10816.5642840    1.02073059174
  10819.8812850    1.01917756883
  10823.2104780    1.01793267269
  10826.5518630    1.01756761462
  10829.9054400    1.01602876934
  10833.2712090    1.01447082584
  10836.6491690    1.01450429004
  10840.0393220    1.01552689431
  10843.4416660    1.01477255000
  10846.8562030    1.01465358657
  10850.2829310    1.01628378407
  10853.7218510    1.01613357078
  10857.1729640    1.01506681080
  10860.6362680    1.01460208919
  10864.1117640    1.01418067029
  10867.5994510    1.01370559532
  10871.0993310    1.01401122185
  10874.6114030    1.01389602837
  10878.1356660    1.01438784779
  10881.6721220    1.01555678935
  10885.2207690    1.01607548493
  10888.7816090    1.01617307537
  10892.3546400    1.01601396542
  10895.9398630    1.01589205954
  10899.5372780    1.01598187923
  10903.1468850    1.01597779655
  10906.7686840    1.01559180425
  10910.4026750    1.01432535061
  10914.0488570    1.01353630467
  10917.7072320    1.01380507054
  10921.3777990    1.01417861234
  10925.0605570    1.01365858472
  10928.7555070    1.01359643109
  10932.4626500    1.01438562103
  10936.1819840    1.01400485855
  10939.9135100    1.01221675403
  10943.6572280    1.01016588164
  10947.4131380    1.00816004942
  10951.1812390    1.00626337757
  10954.9615330    1.00459905109
  10958.7540190    1.00322604652
  10962.5586960    1.00337526969
  10966.3755650    1.00326305198
  10970.2046270    1.00246231186
  10974.0458800    1.00278181407
  10977.8993250    1.00409546116
  10981.7649620    1.00385436858
  10985.6427910    1.00353716023
  10989.5328120    1.00428502616
  10993.4350250    1.00460944067
  10997.3494290    1.00415393056
  11001.2760260    1.00411544252
  11005.2148140    1.00395730326
  11009.1657950    1.00315788572
  11013.1289670    1.00249000419
  11017.1043310    1.00172293122
  11021.0918880    1.00085361762
  11025.0916360    0.99989251502
  11029.1035750    0.99885606183
  11033.1277070    0.99759445903
  11037.1640310    0.99565777903
  11041.2125470    0.99425234139
  11045.2732540    0.99418954831
  11049.3461540    0.99389272943
  11053.4312450    0.99371832370
  11057.5285290    0.99386119768
  11061.6380040    0.99411224268
  11065.7596710    0.99424166870
  11069.8935300    0.99366880181
  11074.0395810    0.99305795389
  11078.1978240    0.99251432985
  11082.3682580    0.99275801105
  11086.5508850    0.99264830919
  11090.7457040    0.99249697612
  11094.9527140    0.99233921369
  11099.1719160    0.99136027937
  11103.4033110    0.99032321957
  11107.6468970    0.98940556733
  11111.9026750    0.98893071287
  11116.1706450    0.98874064500
  11120.4508070    0.98818766436
  11124.7431610    0.98744536925
  11129.0477070    0.98756045393
  11133.3644440    0.98785171852
  11137.6933740    0.98823731049
  11142.0344950    0.98906483857
  11146.3878090    0.98980219343
  11150.7533140    0.99072692024
  11155.1310110    0.99167505319
  11159.5209000    0.99098497731
  11163.9229810    0.99222302704
  11168.3372540    0.99077372832
  11172.7637190    0.98916320397
  11177.2023760    0.99057054823
  11181.6532240    0.98961829989
  11186.1162650    0.98959731587
  11190.5914970    0.99046020431
  11195.0789220    0.99136067341
  11199.5785380    0.99226313509
  11204.0903460    0.99366299625
  11208.6143460    0.99487813465
  11213.1505380    0.99491753828
  11217.6989220    0.99486086575
  11222.2594980    0.99401561970
  11226.8322660    0.99273413422
  11231.4172260    0.99272539550
  11236.0143770    0.99255516884
  11240.6237210    0.99264726775
  11245.2452560    0.99438488191
  11249.8789830    0.99607350417
  11254.5249020    0.99674180890
  11259.1830130    0.99838006530
  11263.8533160    1.00065139362
  11268.5358110    1.00183706409
  11273.2304980    1.00353656956
  11277.9373770    1.00511963753
  11282.6564480    1.00603923185
  11287.3877100    1.00746057484
  11292.1311650    1.00896969790
  11296.8868110    1.01007763637
  11301.6546490    1.01220710525
  11306.4346790    1.01533061146
  11311.2269010    1.01872565635
  11316.0313150    1.02156755612
  11320.8479210    1.02524373879
  11325.6767190    1.02913538829
