#---------------------------------
#  energy flat
  10182.0000000    0.00355307628
  10187.0000000    0.00303877817
  10192.0000000    0.00280029310
  10197.0000000    0.00259212563
  10202.0000000    0.00242455291
  10207.0000000    0.00233585733
  10212.0000000    0.00208272732
  10217.0000000    0.00188136847
  10222.0000000    0.00114662545
  10227.0000000    0.00077222506
  10232.0000000    0.00031419435
  10237.0000000   -0.00005365436
  10242.0000000   -0.00003058592
  10247.0000000    0.00001059599
  10252.0000000   -0.00031344636
  10257.0000000   -0.00085767668
  10262.0000000   -0.00084372921
  10267.0000000   -0.00089028847
  10272.0000000   -0.00063547027
  10277.0000000   -0.00045426217
  10282.0000000   -0.00012506308
  10287.0000000    0.00006115514
  10292.0000000    0.00027666323
  10297.0000000    0.00005590625
  10302.0000000    0.00016491737
  10307.0000000    0.00010435549
  10312.0000000    0.00024394113
  10317.0000000    0.00105359705
  10322.0000000    0.00186826307
  10327.0000000    0.00307217620
  10332.0000000    0.00426671144
  10337.0000000    0.00545713581
  10341.0000000    0.00680601920
  10344.0000000    0.00863889036
  10346.0000000    0.01016543637
  10347.0000000    0.01138488644
  10347.2000000    0.01222050913
  10347.4000000    0.01240481736
  10347.6000000    0.01236688219
  10347.8000000    0.01259461138
  10348.0000000    0.01227867926
  10348.2000000    0.01242149349
  10348.4000000    0.01293968067
  10348.6000000    0.01315263646
  10348.8000000    0.01351409709
  10349.0000000    0.01391897867
  10349.2000000    0.01424074380
  10349.4000000    0.01430776404
  10349.6000000    0.01434369589
  10349.8000000    0.01449434645
  10350.0000000    0.01460825619
  10350.2000000    0.01510755911
  10350.4000000    0.01531589017
  10350.6000000    0.01566077889
  10350.8000000    0.01609456497
  10351.0000000    0.01628324099
  10351.2000000    0.01615615153
  10351.4000000    0.01612939276
  10351.6000000    0.01641210471
  10351.8000000    0.01686438966
  10352.0000000    0.01744757982
  10352.2000000    0.01801740969
  10352.4000000    0.01858556953
  10352.6000000    0.01894407547
  10352.8000000    0.01924926869
  10353.0000000    0.01929573462
  10353.2000000    0.01982818135
  10353.4000000    0.02045517788
  10353.6000000    0.02103130250
  10353.8000000    0.02147536573
  10354.0000000    0.02154418447
  10354.2000000    0.02193621962
  10354.4000000    0.02201004847
  10354.6000000    0.02242148174
  10354.8000000    0.02295482772
  10355.0000000    0.02352542838
  10355.2000000    0.02414433165
  10355.4000000    0.02464967239
  10355.6000000    0.02485003867
  10355.8000000    0.02516884911
  10356.0000000    0.02553724682
  10356.2000000    0.02674811400
  10356.4000000    0.02715697799
  10356.6000000    0.02742016335
  10356.8000000    0.02774770938
  10357.0000000    0.02830212352
  10357.2000000    0.02901865973
  10357.4000000    0.02986700040
  10357.6000000    0.03066446917
  10357.8000000    0.03159811020
  10358.0000000    0.03240431455
  10358.2000000    0.03284722160
  10358.4000000    0.03368592744
  10358.6000000    0.03447157749
  10358.8000000    0.03494544446
  10359.0000000    0.03581446790
  10359.2000000    0.03684612726
  10359.4000000    0.03784785442
  10359.6000000    0.03899320477
  10359.8000000    0.04012930568
  10360.0000000    0.04135456088
  10360.2000000    0.04232982437
  10360.4000000    0.04348930580
  10360.6000000    0.04429910715
  10360.8000000    0.04550920356
  10361.0000000    0.04696620852
  10361.2000000    0.04831710190
  10361.4000000    0.04989409260
  10361.6000000    0.05134904214
  10361.8000000    0.05272254525
  10362.0000000    0.05440038050
  10362.2000000    0.05607115021
  10362.4000000    0.05779767347
  10362.6000000    0.05961848960
  10362.8000000    0.06151227350
  10363.0000000    0.06313563985
  10363.2000000    0.06499268293
  10363.4000000    0.06696765633
  10363.6000000    0.06934241091
  10363.8000000    0.07190318194
  10364.0000000    0.07460205218
  10364.2000000    0.07756196208
  10364.4000000    0.08068476482
  10364.6000000    0.08371430241
  10364.8000000    0.08688605009
  10365.0000000    0.09054776096
  10365.2000000    0.09443916616
  10365.4000000    0.09858493086
  10365.6000000    0.10291876743
  10365.8000000    0.10768886908
  10366.0000000    0.11259000441
  10366.2000000    0.11800551116
  10366.4000000    0.12401760656
  10366.6000000    0.13080434224
  10366.8000000    0.13800319170
  10367.0000000    0.14623540872
  10367.2000000    0.15540387424
  10367.4000000    0.16556228637
  10367.6000000    0.17703720160
  10367.8000000    0.18975822143
  10368.0000000    0.20472441345
  10368.2000000    0.22173627246
  10368.4000000    0.24072404229
  10368.6000000    0.26216650973
  10368.8000000    0.28596861113
  10369.0000000    0.31252961383
  10369.2000000    0.34138267822
  10369.4000000    0.37305502217
  10369.6000000    0.40754330561
  10369.8000000    0.44525450372
  10370.0000000    0.48611256560
  10370.2000000    0.53048849640
  10370.4000000    0.57767021800
  10370.6000000    0.62836775309
  10370.8000000    0.68313619632
  10371.0000000    0.74205853568
  10371.2000000    0.80564528867
  10371.4000000    0.87830072853
  10371.6000000    0.96180434401
  10371.8000000    1.04612499303
  10372.0000000    1.10693383200
  10372.2000000    1.19607729124
  10372.4000000    1.29198285919
  10372.6000000    1.38856543448
  10372.8000000    1.48402374124
  10373.0000000    1.57693803974
  10373.2000000    1.66569121974
  10373.4000000    1.74346618918
  10373.6000000    1.81354341450
  10373.8000000    1.87438363473
  10374.0000000    1.92694802014
  10374.2000000    1.97169313259
  10374.4000000    2.00916828538
  10374.6000000    2.04078350329
  10374.8000000    2.06763253164
  10375.0000000    2.09004475261
  10375.2000000    2.10880688182
  10375.4000000    2.12664184986
  10375.6000000    2.14237985972
  10375.8000000    2.15599881498
  10376.0000000    2.16704318040
  10376.2000000    2.17608102506
  10376.4000000    2.18244921537
  10376.6000000    2.18493581768
  10376.8000000    2.18362510433
  10377.0000000    2.17776632879
  10377.2000000    2.16762566897
  10377.4000000    2.15396748732
  10377.6000000    2.13555390076
  10377.8000000    2.11183045631
  10378.0000000    2.08452936741
  10378.2000000    2.05451751129
  10378.4000000    2.02182777451
  10378.6000000    1.98707318863
  10378.8000000    1.95059007295
  10379.0000000    1.91384626104
  10379.2000000    1.87648282310
  10379.4000000    1.83771227189
  10379.6000000    1.79834521722
  10379.8000000    1.75850858152
  10380.0000000    1.71789148039
  10380.2000000    1.67658049856
  10380.4000000    1.63367150294
  10380.6000000    1.59004575895
  10380.8000000    1.54604780757
  10381.0000000    1.50291553133
  10381.2000000    1.46064250639
  10381.4000000    1.41902524481
  10381.6000000    1.37905806040
  10381.8000000    1.34050329374
  10382.0000000    1.30290797890
  10382.2000000    1.26686356541
  10382.4000000    1.23338517843
  10382.6000000    1.20310871623
  10382.8000000    1.17598459124
  10383.0000000    1.15086407423
  10383.2000000    1.12698588486
  10383.4000000    1.10494815281
  10383.6000000    1.08608151188
  10383.8000000    1.06952036850
  10384.0000000    1.05322419376
  10384.2000000    1.03585978379
  10384.4000000    1.02543458061
  10384.6000000    1.01551508701
  10384.8000000    1.00692270388
  10385.0000000    0.99934089437
  10385.2000000    0.99275090242
  10385.4000000    0.98724445102
  10385.6000000    0.98265222363
  10385.8000000    0.97875917052
  10386.0000000    0.97494557886
  10386.2000000    0.97168548191
  10386.4000000    0.96880082746
  10386.6000000    0.96644448779
  10386.8000000    0.96410440332
  10387.0000000    0.96224998252
  10387.2000000    0.96228508384
  10387.4000000    0.96486307658
  10387.6000000    0.96792416235
  10387.8000000    0.97132985602
  10388.0000000    0.97480729886
  10388.2000000    0.97771853606
  10388.4000000    0.98063549084
  10388.6000000    0.98342610125
  10388.8000000    0.98607597876
  10389.0000000    0.99004858941
  10389.2000000    0.99493798512
  10389.4000000    1.00040245035
  10389.6000000    1.00583922958
  10389.8000000    1.01176654769
  10390.0000000    1.01744316475
  10390.2000000    1.02269591035
  10390.4000000    1.02795102874
  10390.6000000    1.03173297757
  10390.8000000    1.03809275248
  10391.0000000    1.04458567567
  10391.2000000    1.05086412209
  10391.4000000    1.05600443225
  10391.6000000    1.06054821148
  10391.8000000    1.06546870568
  10392.0000000    1.06999281578
  10392.2000000    1.07399721531
  10392.4000000    1.07725349420
  10392.6000000    1.07952116665
  10392.8000000    1.08128480004
  10393.0000000    1.08296370143
  10393.2000000    1.08472281886
  10393.4000000    1.08580267029
  10393.6000000    1.08636691894
  10393.8000000    1.08720690505
  10394.0000000    1.08723581940
  10394.2000000    1.08673448466
  10394.4000000    1.08625812352
  10394.6000000    1.08571115795
  10394.8000000    1.08447413223
  10395.0000000    1.08283660474
  10395.2000000    1.08130189847
  10395.4000000    1.07955835830
  10395.6000000    1.07771492157
  10395.8000000    1.07491267502
  10396.0000000    1.07174589447
  10396.2000000    1.06800672392
  10396.4000000    1.06327919540
  10396.6000000    1.05783668059
  10396.8000000    1.05143972155
  10397.0000000    1.04391386297
  10397.2278600    1.03579832381
  10397.4835810    1.02725214872
  10397.7671620    1.01613799026
  10398.0786040    0.99942390141
  10398.4179050    0.98401520923
  10398.7850670    0.96765569517
  10399.1800900    0.95056571371
  10399.6029730    0.93148445836
  10400.0537160    0.91318467573
  10400.5323190    0.89484136915
  10401.0387830    0.87794809483
  10401.5731070    0.86036470011
  10402.1352920    0.84480778162
  10402.7253370    0.83368873879
  10403.3432420    0.82647151045
  10403.9890080    0.82428367501
  10404.6626340    0.82609361456
  10405.3641200    0.83152284937
  10406.0934670    0.84052924394
  10406.8506740    0.85050500411
  10407.6357410    0.86150080121
  10408.4486690    0.87263724807
  10409.2894570    0.88560658787
  10410.1581060    0.90119412519
  10411.0546140    0.92218744220
  10411.9789830    0.94890813272
  10412.9312130    0.97256147166
  10413.9113030    0.99402792583
  10414.9192530    1.02446924452
  10415.9550640    1.05300090752
  10417.0187340    1.07951761314
  10418.1102660    1.10334137369
  10419.2327230    1.12146697512
  10420.3673730    1.13724062537
  10421.5142140    1.14999553475
  10422.6732480    1.15933236779
  10423.8444730    1.16701000091
  10425.0278900    1.17168309028
  10426.2234990    1.17406891920
  10427.4313000    1.17450811339
  10428.6512930    1.17210649943
  10429.8834780    1.16791690962
  10431.1278550    1.16154284138
  10432.3844230    1.15267155256
  10433.6531840    1.14275025629
  10434.9341360    1.13227656535
  10436.2272800    1.12139532190
  10437.5326170    1.11065782903
  10438.8501450    1.10129805482
  10440.1798650    1.09218287531
  10441.5217770    1.08236184400
  10442.8758810    1.07357609880
  10444.2421770    1.06607170797
  10445.6206640    1.05905931713
  10447.0113440    1.05268452816
  10448.4142150    1.04558143723
  10449.8292790    1.03801948223
  10451.2565340    1.03076886144
  10452.6959810    1.02298984909
  10454.1476200    1.01553202608
  10455.6114520    1.00947851727
  10457.0874750    1.00381205795
  10458.5756890    0.99934856377
  10460.0760960    0.99641552226
  10461.5886950    0.99370584301
  10463.1134850    0.99080525981
  10464.6504680    0.98795261100
  10466.1996420    0.98510694349
  10467.7610090    0.98280564023
  10469.3345670    0.98170992760
  10470.9203170    0.98125881275
  10472.5182590    0.98183962494
  10474.1283930    0.98298077689
  10475.7507190    0.98357683363
  10477.3852370    0.98386121227
  10479.0319460    0.98386589530
  10480.6908480    0.98359767631
  10482.3619420    0.98351580158
  10484.0452270    0.98394513870
  10485.7407040    0.98452994291
  10487.4483740    0.98499488345
  10489.1682350    0.98564092075
  10490.9002880    0.98657348227
  10492.6445330    0.98791572029
  10494.4009700    0.99021728338
  10496.1695980    0.99486463319
  10497.9504190    1.00173964653
  10499.7434320    1.00953795861
  10501.5486360    1.01660269288
  10503.3660320    1.02260657008
  10505.1956210    1.02736824068
  10507.0374010    1.03049901180
  10508.8913730    1.03197887303
  10510.7575370    1.03271198147
  10512.6358930    1.03300461497
  10514.5264410    1.03335060243
  10516.4291810    1.03318290743
  10518.3441120    1.03225359351
  10520.2712360    1.03061609104
  10522.2105520    1.02746054643
  10524.1620590    1.02328640821
  10526.1257580    1.01819744457
  10528.1016490    1.01212065129
  10530.0897330    1.00480958799
  10532.0900080    0.99729089315
  10534.1024750    0.99035404843
  10536.1271330    0.98349026911
  10538.1639840    0.97751034564
  10540.2130270    0.97315543622
  10542.2742610    0.97008116725
  10544.3476880    0.96776150475
  10546.4333060    0.96617681799
  10548.5311170    0.96515638944
  10550.6411190    0.96479927297
  10552.7633130    0.96557191894
  10554.8976990    0.96654770259
  10557.0442770    0.96820950187
  10559.2030470    0.97049344168
  10561.3740080    0.97259388615
  10563.5571620    0.97452992877
  10565.7525080    0.97709838080
  10567.9600450    0.97916548190
  10570.1797750    0.98050441817
  10572.4116960    0.98215708533
  10574.6558090    0.98352410596
  10576.9121140    0.98498447904
  10579.1806110    0.98559940710
  10581.4613000    0.98635730595
  10583.7541810    0.98700561649
  10586.0592540    0.98677996784
  10588.3765180    0.98649300967
  10590.7059750    0.98498956209
  10593.0476230    0.98291037136
  10595.4014640    0.98134065768
  10597.7674960    0.97905661639
  10600.1457200    0.97569437106
  10602.5361360    0.97212201017
  10604.9387440    0.97039924852
  10607.3535440    0.96985515173
  10609.7805360    0.97024347950
  10612.2197200    0.97164582287
  10614.6710960    0.97342847345
  10617.1346630    0.97467740442
  10619.6104230    0.97673055805
  10622.0983740    0.97956825812
  10624.5985170    0.98188925576
  10627.1108520    0.98368721405
  10629.6353800    0.98552025840
  10632.1720990    0.98762868560
  10634.7210090    0.98972504941
  10637.2821120    0.99100341081
  10639.8554070    0.99202160059
  10642.4408940    0.99317942838
  10645.0385720    0.99398052699
  10647.6484430    0.99442541824
  10650.2705050    0.99418446318
  10652.9047590    0.99336556143
  10655.5512050    0.99171947231
  10658.2098440    0.99007964346
  10660.8806740    0.98812564755
  10663.5636960    0.98670864130
  10666.2589090    0.98493496988
  10668.9663150    0.98225550914
  10671.6859130    0.97960232183
  10674.4177020    0.97733065652
  10677.1616840    0.97548075610
  10679.9178570    0.97419228848
  10682.6862220    0.97358127340
  10685.4667800    0.97462186381
  10688.2595290    0.97594938314
  10691.0644700    0.97699767887
  10693.8816020    0.97952091504
  10696.7109270    0.98221759166
  10699.5524440    0.98494315194
  10702.4061530    0.98739887362
  10705.2720530    0.98930863604
  10708.1501460    0.99047492950
  10711.0404300    0.99242705672
  10713.9429060    0.99438837523
  10716.8575740    0.99582323477
  10719.7844350    0.99708751979
  10722.7234870    0.99786678185
  10725.6747300    0.99914893627
  10728.6381660    0.99997950871
  10731.6137940    1.00049545287
  10734.6016140    1.00101382214
  10737.6016250    1.00262296446
  10740.6138290    1.00296040893
  10743.6382240    1.00198914317
  10746.6748110    1.00211836606
  10749.7235900    1.00203925471
  10752.7845610    1.00184324255
  10755.8577240    1.00198197161
  10758.9430790    1.00133570223
  10762.0406260    1.00021809553
  10765.1503650    0.99990372119
  10768.2722950    1.00045212882
  10771.4064180    1.00162199863
  10774.5527320    1.00224423845
  10777.7112390    1.00306361315
  10780.8819370    1.00481152545
  10784.0648270    1.00670477800
  10787.2599090    1.00963791579
  10790.4671830    1.01246007093
  10793.6866490    1.01407124487
  10796.9183070    1.01410599592
  10800.1621570    1.01457495806
  10803.4181980    1.01446830881
  10806.6864320    1.01372917206
  10809.9668570    1.01450820439
  10813.2594740    1.01558027270
  10816.5642840    1.01626056498
  10819.8812850    1.01617849396
  10823.2104780    1.01636013602
  10826.5518630    1.01653818918
  10829.9054400    1.01615964736
  10833.2712090    1.01504302452
  10836.6491690    1.01463268223
  10840.0393220    1.01418394898
  10843.4416660    1.01344494719
  10846.8562030    1.01389729822
  10850.2829310    1.01403762992
  10853.7218510    1.01423712440
  10857.1729640    1.01389140911
  10860.6362680    1.01398419407
  10864.1117640    1.01462409282
  10867.5994510    1.01532133815
  10871.0993310    1.01592171542
  10874.6114030    1.01615128901
  10878.1356660    1.01593396476
  10881.6721220    1.01588684756
  10885.2207690    1.01656461830
  10888.7816090    1.01615667669
  10892.3546400    1.01599698468
  10895.9398630    1.01649610923
  10899.5372780    1.01590719591
  10903.1468850    1.01561587594
  10906.7686840    1.01478612747
  10910.4026750    1.01451635640
  10914.0488570    1.01343923512
  10917.7072320    1.01213496602
  10921.3777990    1.01056353969
  10925.0605570    1.01021060305
  10928.7555070    1.00944989362
  10932.4626500    1.00818029232
  10936.1819840    1.00831244919
  10939.9135100    1.00889535477
  10943.6572280    1.00879097193
  10947.4131380    1.00779187611
  10951.1812390    1.00750817481
  10954.9615330    1.00753232950
  10958.7540190    1.00733426698
  10962.5586960    1.00738569843
  10966.3755650    1.00637038606
  10970.2046270    1.00585639477
  10974.0458800    1.00580575087
  10977.8993250    1.00476636432
  10981.7649620    1.00406947748
  10985.6427910    1.00332621789
  10989.5328120    1.00261637490
  10993.4350250    1.00201616543
  10997.3494290    1.00122440408
  11001.2760260    1.00064057399
  11005.2148140    1.00095811474
  11009.1657950    1.00128780907
  11013.1289670    1.00109143571
  11017.1043310    1.00061443348
  11021.0918880    0.99993398199
  11025.0916360    0.99953658228
  11029.1035750    0.99881193588
  11033.1277070    0.99886734422
  11037.1640310    0.99855405270
  11041.2125470    0.99743477582
  11045.2732540    0.99739053224
  11049.3461540    0.99773565532
  11053.4312450    0.99783076575
  11057.5285290    0.99732427862
  11061.6380040    0.99705243277
  11065.7596710    0.99692270632
  11069.8935300    0.99679842669
  11074.0395810    0.99640910284
  11078.1978240    0.99540078435
  11082.3682580    0.99416594248
  11086.5508850    0.99275331979
  11090.7457040    0.99122018504
  11094.9527140    0.99034530942
  11099.1719160    0.99004859645
  11103.4033110    0.98985895229
  11107.6468970    0.99052394827
  11111.9026750    0.99078381878
  11116.1706450    0.99036622754
  11120.4508070    0.99033646241
  11124.7431610    0.99026633747
  11129.0477070    0.99016758342
  11133.3644440    0.98970462015
  11137.6933740    0.98947046201
  11142.0344950    0.98993151935
  11146.3878090    0.99035311570
  11150.7533140    0.99069845745
  11155.1310110    0.99082752405
  11159.5209000    0.98999914529
  11163.9229810    0.99108848763
  11168.3372540    0.99050234323
  11172.7637190    0.99064634402
  11177.2023760    0.99283886703
  11181.6532240    0.99183357119
  11186.1162650    0.99125285101
  11190.5914970    0.99179404148
  11195.0789220    0.99122453107
  11199.5785380    0.99015778568
  11204.0903460    0.99047759996
  11208.6143460    0.99016381304
  11213.1505380    0.99020600587
  11217.6989220    0.99012317843
  11222.2594980    0.99064017824
  11226.8322660    0.99140822956
  11231.4172260    0.99225746247
  11236.0143770    0.99206488733
  11240.6237210    0.99300913306
  11245.2452560    0.99418603136
  11249.8789830    0.99391146508
  11254.5249020    0.99527463151
  11259.1830130    0.99638708206
  11263.8533160    0.99811782170
  11268.5358110    1.00011194200
  11273.2304980    1.00185122481
  11277.9373770    1.00391823314
  11282.6564480    1.00635505203
  11287.3877100    1.00801737180
  11292.1311650    1.00963193908
  11296.8868110    1.01203737237
  11301.6546490    1.01452028756
  11306.4346790    1.01766592775
  11311.2269010    1.02091322949
  11316.0313150    1.02306148811
  11320.8479210    1.02611016006
  11325.6767190    1.02947565493
