#---------------------------------
#  energy flat
  8794.00000000    0.00558397820
  8799.00000000    0.00405877675
  8804.00000000    0.00236490899
  8809.00000000    0.00036869006
  8814.00000000   -0.00157283961
  8819.00000000   -0.00280784305
  8824.00000000   -0.00318161368
  8829.00000000   -0.00324301498
  8834.00000000   -0.00299089731
  8839.00000000   -0.00240161127
  8844.00000000   -0.00117691148
  8849.00000000   -0.00033043807
  8854.00000000    0.00032092768
  8859.00000000    0.00121437145
  8864.00000000    0.00167276455
  8869.00000000    0.00242283376
  8874.00000000    0.00279516927
  8879.00000000    0.00354934428
  8884.00000000    0.00421417705
  8889.00000000    0.00340075725
  8894.00000000    0.00256188149
  8899.00000000    0.00078934659
  8904.00000000   -0.00135139654
  8909.00000000   -0.00286871485
  8914.00000000   -0.00311947569
  8919.00000000   -0.00341802804
  8924.00000000   -0.00204108515
  8929.00000000   -0.00071472573
  8934.00000000    0.00087177724
  8939.00000000    0.00232902960
  8944.00000000    0.00263517961
  8949.00000000    0.00343714614
  8953.00000000    0.00516537706
  8956.00000000    0.00703336515
  8958.00000000    0.00840717474
  8959.00000000    0.00924410550
  8959.20000000    0.00991620956
  8959.40000000    0.01034754944
  8959.60000000    0.01067476621
  8959.80000000    0.01077829895
  8960.00000000    0.01098792558
  8960.20000000    0.01149382681
  8960.40000000    0.01117183434
  8960.60000000    0.01165819195
  8960.80000000    0.01170194423
  8961.00000000    0.01248933917
  8961.20000000    0.01336443402
  8961.40000000    0.01373796423
  8961.60000000    0.01386925218
  8961.80000000    0.01382251260
  8962.00000000    0.01439295702
  8962.20000000    0.01417492342
  8962.40000000    0.01431031717
  8962.60000000    0.01460452331
  8962.80000000    0.01501796190
  8963.00000000    0.01491604036
  8963.20000000    0.01501415343
  8963.40000000    0.01450296565
  8963.60000000    0.01431515075
  8963.80000000    0.01485849689
  8964.00000000    0.01511279463
  8964.20000000    0.01563479060
  8964.40000000    0.01533529792
  8964.60000000    0.01566678472
  8964.80000000    0.01580250694
  8965.00000000    0.01615830008
  8965.20000000    0.01599199958
  8965.40000000    0.01605069697
  8965.60000000    0.01672690682
  8965.80000000    0.01764388084
  8966.00000000    0.01778108115
  8966.20000000    0.01842937155
  8966.40000000    0.01879830326
  8966.60000000    0.01925099331
  8966.80000000    0.01939755484
  8967.00000000    0.02012352700
  8967.20000000    0.02072123394
  8967.40000000    0.02096846971
  8967.60000000    0.02078328252
  8967.80000000    0.02123531564
  8968.00000000    0.02095405272
  8968.20000000    0.02154962464
  8968.40000000    0.02261079439
  8968.60000000    0.02260823323
  8968.80000000    0.02342568263
  8969.00000000    0.02405607175
  8969.20000000    0.02463029350
  8969.40000000    0.02490002906
  8969.60000000    0.02546620345
  8969.80000000    0.02618363554
  8970.00000000    0.02678117825
  8970.20000000    0.02718377752
  8970.40000000    0.02695112728
  8970.60000000    0.02745095192
  8970.80000000    0.02766780477
  8971.00000000    0.02792982142
  8971.20000000    0.02883628459
  8971.40000000    0.02948983042
  8971.60000000    0.02994941821
  8971.80000000    0.03037878731
  8972.00000000    0.03103660318
  8972.20000000    0.03207905047
  8972.40000000    0.03267889243
  8972.60000000    0.03332176318
  8972.80000000    0.03374817610
  8973.00000000    0.03464166494
  8973.20000000    0.03595903667
  8973.40000000    0.03635243895
  8973.60000000    0.03736154714
  8973.80000000    0.03808423466
  8974.00000000    0.03883976859
  8974.20000000    0.04002591892
  8974.40000000    0.04063495787
  8974.60000000    0.04208519332
  8974.80000000    0.04382973258
  8975.00000000    0.04552795840
  8975.20000000    0.04806130414
  8975.40000000    0.04953272552
  8975.60000000    0.05233426217
  8975.80000000    0.05436357979
  8976.00000000    0.05665928176
  8976.20000000    0.05950713185
  8976.40000000    0.06297725714
  8976.60000000    0.06684285316
  8976.80000000    0.07063733672
  8977.00000000    0.07605459704
  8977.20000000    0.08080688185
  8977.40000000    0.08684034078
  8977.60000000    0.09348704214
  8977.80000000    0.10146238068
  8978.00000000    0.11112815959
  8978.20000000    0.12216363370
  8978.40000000    0.13623772898
  8978.60000000    0.15348248798
  8978.80000000    0.17504030876
  8979.00000000    0.20112239372
  8979.20000000    0.23167159011
  8979.40000000    0.26813412526
  8979.60000000    0.30976602803
  8979.80000000    0.35683204048
  8980.00000000    0.40745170576
  8980.20000000    0.45924066120
  8980.40000000    0.50948588049
  8980.60000000    0.55529375935
  8980.80000000    0.59344830601
  8981.00000000    0.62228913454
  8981.20000000    0.64058154847
  8981.40000000    0.64896457465
  8981.60000000    0.64840225513
  8981.80000000    0.64038121831
  8982.00000000    0.62765694930
  8982.20000000    0.61206933961
  8982.40000000    0.59639128297
  8982.60000000    0.58153902989
  8982.80000000    0.56893515828
  8983.00000000    0.55910389679
  8983.20000000    0.55142297022
  8983.40000000    0.54812363502
  8983.60000000    0.54857606131
  8983.80000000    0.55140398460
  8984.00000000    0.55715166986
  8984.20000000    0.56491239199
  8984.40000000    0.57366627003
  8984.60000000    0.58337963638
  8984.80000000    0.59384096018
  8985.00000000    0.60437212734
  8985.20000000    0.61469131565
  8985.40000000    0.62517560186
  8985.60000000    0.63471658395
  8985.80000000    0.64415348761
  8986.00000000    0.65378570783
  8986.20000000    0.66426935159
  8986.40000000    0.67480838620
  8986.60000000    0.68509405540
  8986.80000000    0.69619304628
  8987.00000000    0.70785556189
  8987.20000000    0.71984987081
  8987.40000000    0.73230128207
  8987.60000000    0.74489134975
  8987.80000000    0.75716268760
  8988.00000000    0.76975563632
  8988.20000000    0.78250251500
  8988.40000000    0.79510130090
  8988.60000000    0.80771491219
  8988.80000000    0.82057918607
  8989.00000000    0.83336516575
  8989.20000000    0.84687085469
  8989.40000000    0.86118132508
  8989.60000000    0.87591539433
  8989.80000000    0.89126094390
  8990.00000000    0.90699954515
  8990.20000000    0.92299242201
  8990.40000000    0.93846866927
  8990.60000000    0.95621399075
  8990.80000000    0.97379183992
  8991.00000000    0.98956121024
  8991.20000000    1.00696539062
  8991.40000000    1.02203719192
  8991.60000000    1.03710739523
  8991.80000000    1.05075933496
  8992.00000000    1.06292928908
  8992.20000000    1.07317777263
  8992.40000000    1.08216302761
  8992.60000000    1.08966104152
  8992.80000000    1.09742384172
  8993.00000000    1.10399501847
  8993.20000000    1.10948592110
  8993.40000000    1.11508361876
  8993.60000000    1.11928078980
  8993.80000000    1.12401044528
  8994.00000000    1.12881864784
  8994.20000000    1.13275055240
  8994.40000000    1.13778975350
  8994.60000000    1.14157065286
  8994.80000000    1.14660468678
  8995.00000000    1.14996425494
  8995.20000000    1.15245080968
  8995.40000000    1.15416223329
  8995.60000000    1.15461436968
  8995.80000000    1.15602665063
  8996.00000000    1.15589355213
  8996.20000000    1.15389909174
  8996.40000000    1.15136697968
  8996.60000000    1.14703854158
  8996.80000000    1.14244212079
  8997.00000000    1.13693327076
  8997.20000000    1.13166719965
  8997.40000000    1.12545421056
  8997.60000000    1.12009494354
  8997.80000000    1.11469137779
  8998.00000000    1.10736601264
  8998.20000000    1.10150498424
  8998.40000000    1.09393795732
  8998.60000000    1.08716684272
  8998.80000000    1.08108620346
  8999.00000000    1.07443966445
  8999.20000000    1.06867279607
  8999.40000000    1.06229174368
  8999.60000000    1.05647306560
  8999.80000000    1.05087417378
  9000.00000000    1.04583732777
  9000.20000000    1.04075454056
  9000.40000000    1.03588070025
  9000.60000000    1.03156824880
  9000.80000000    1.02735470875
  9001.00000000    1.02500655991
  9001.20000000    1.02196835175
  9001.40000000    1.01907898150
  9001.60000000    1.01744405924
  9001.80000000    1.01589195358
  9002.00000000    1.01548885891
  9002.20000000    1.01326907308
  9002.40000000    1.01144677240
  9002.60000000    1.00901554293
  9002.80000000    1.00685566839
  9003.00000000    1.00526178104
  9003.20000000    1.00396158413
  9003.40000000    1.00327992865
  9003.60000000    1.00303615932
  9003.80000000    1.00377946807
  9004.00000000    1.00471628567
  9004.20000000    1.00525537679
  9004.40000000    1.00588976598
  9004.60000000    1.00620427464
  9004.80000000    1.00653032301
  9005.00000000    1.00747786886
  9005.20000000    1.00763024663
  9005.40000000    1.00763354513
  9005.60000000    1.00884464945
  9005.80000000    1.00963634854
  9006.00000000    1.01011342243
  9006.20000000    1.01116403798
  9006.40000000    1.01097441653
  9006.60000000    1.01144603662
  9006.80000000    1.01195153183
  9007.00000000    1.01222911630
  9007.20000000    1.01188003462
  9007.40000000    1.01248419898
  9007.60000000    1.01251884991
  9007.80000000    1.01404378562
  9008.00000000    1.01653050739
  9008.20000000    1.01871410007
  9008.40000000    1.02134608943
  9008.60000000    1.02231445146
  9008.80000000    1.02434149641
  9009.00000000    1.02548140308
  9009.22786000    1.02598847026
  9009.48358100    1.02655840310
  9009.76716200    1.02740045854
  9010.07860400    1.02863816230
  9010.41790500    1.02987574775
  9010.78506700    1.03050853844
  9011.18009000    1.03093729348
  9011.60297300    1.02937257830
  9012.05371600    1.02636395119
  9012.53231900    1.02325519900
  9013.03878300    1.02238305565
  9013.57310700    1.02209013889
  9014.13529200    1.02158653795
  9014.72533700    1.01954728106
  9015.34324200    1.01502677258
  9015.98900800    1.00932578277
  9016.66263400    1.00158740833
  9017.36412000    0.99349016022
  9018.09346700    0.98474373580
  9018.85067400    0.97661278829
  9019.63574100    0.96881162047
  9020.44866900    0.96186419909
  9021.28945700    0.95599953704
  9022.15810600    0.95052398927
  9023.05461400    0.94546588391
  9023.97898300    0.94104832137
  9024.93121300    0.93859147886
  9025.91130300    0.93675070900
  9026.91925300    0.93545317720
  9027.95506400    0.93432386182
  9029.01873400    0.93486984928
  9030.11026600    0.93640440523
  9031.23272300    0.93960780644
  9032.36737300    0.94408717565
  9033.51421400    0.94885322412
  9034.67324800    0.95517418792
  9035.84447300    0.96247694287
  9037.02789000    0.96984642715
  9038.22349900    0.97782037806
  9039.43130000    0.98590482754
  9040.65129300    0.99324449727
  9041.88347800    1.00089609856
  9043.12785500    1.00720355819
  9044.38442300    1.01243823260
  9045.65318400    1.01693158063
  9046.93413600    1.01966803919
  9048.22728000    1.02180088692
  9049.53261700    1.02212535910
  9050.85014500    1.02242637796
  9052.17986500    1.02133724638
  9053.52177700    1.02066686035
  9054.87588100    1.02109617042
  9056.24217700    1.02037162926
  9057.62066400    1.01943236276
  9059.01134400    1.01766319823
  9060.41421500    1.01576611307
  9061.82927900    1.01476562755
  9063.25653400    1.01376245696
  9064.69598100    1.01242029743
  9066.14762000    1.01129265663
  9067.61145200    1.01163234011
  9069.08747500    1.01127449154
  9070.57568900    1.01148768518
  9072.07609600    1.01200097982
  9073.58869500    1.01218640053
  9075.11348500    1.01215403126
  9076.65046800    1.01256839669
  9078.19964200    1.01313688613
  9079.76100900    1.01276575615
  9081.33456700    1.01297486092
  9082.92031700    1.01144364596
  9084.51825900    1.00963415135
  9086.12839300    1.00737365144
  9087.75071900    1.00391000997
  9089.38523700    1.00171529403
  9091.03194600    0.99911537084
  9092.69084800    0.99572959250
  9094.36194200    0.99276806921
  9096.04522700    0.99039081145
  9097.74070400    0.98791235870
  9099.44837400    0.98532027324
  9101.16823500    0.98339240845
  9102.90028800    0.98211337022
  9104.64453300    0.98090412223
  9106.40097000    0.98092911529
  9108.16959800    0.98185007916
  9109.95041900    0.98275129699
  9111.74343200    0.98387982121
  9113.54863600    0.98602204207
  9115.36603200    0.98745717894
  9117.19562100    0.98864676635
  9119.03740100    0.98949100005
  9120.89137300    0.99046356728
  9122.75753700    0.99157994984
  9124.63589300    0.99314336383
  9126.52644100    0.99491900089
  9128.42918100    0.99595074531
  9130.34411200    0.99735082152
  9132.27123600    0.99838449361
  9134.21055200    0.99897790161
  9136.16205900    0.99969900403
  9138.12575800    1.00030838995
  9140.10164900    1.00095752252
  9142.08973300    1.00125556816
  9144.09000800    1.00139045308
  9146.10247500    1.00110075774
  9148.12713300    1.00245650448
  9150.16398400    1.00381310852
  9152.21302700    1.00541925799
  9154.27426100    1.00578113865
  9156.34768800    1.00480517163
  9158.43330600    1.00441685486
  9160.53111700    1.00385287020
  9162.64111900    1.00333595673
  9164.76331300    1.00337263947
  9166.89769900    1.00284092012
  9169.04427700    1.00178780343
  9171.20304700    1.00232633258
  9173.37400800    1.00185149428
  9175.55716200    1.00056072361
  9177.75250800    1.00161157971
  9179.96004500    1.00158905485
  9182.17977500    1.00098225815
  9184.41169600    1.00068825899
  9186.65580900    1.00084142595
  9188.91211400    1.00141649548
  9191.18061100    1.00131576799
  9193.46130000    1.00088941277
  9195.75418100    1.00015913417
  9198.05925400    0.99945210729
  9200.37651800    0.99960528474
  9202.70597500    0.99973544547
  9205.04762300    0.99931280337
  9207.40146400    0.99914408322
  9209.76749600    0.99889854623
  9212.14572000    0.99904525630
  9214.53613600    0.99908135323
  9216.93874400    0.99882915523
  9219.35354400    0.99930527484
  9221.78053600    0.99982028110
  9224.21972000    0.99981908376
  9226.67109600    0.99986205547
  9229.13466300    1.00015548554
  9231.61042300    1.00085277306
  9234.09837400    1.00121324515
  9236.59851700    1.00185737652
  9239.11085200    1.00248003095
  9241.63538000    1.00238355429
  9244.17209900    1.00254020875
  9246.72100900    1.00295722354
  9249.28211200    1.00254869387
  9251.85540700    1.00210392129
  9254.44089400    1.00245786035
  9257.03857200    1.00203618222
  9259.64844300    1.00265429963
  9262.27050500    1.00367039240
  9264.90475900    1.00395617728
  9267.55120500    1.00556553151
  9270.20984400    1.00779421581
  9272.88067400    1.00863169393
  9275.56369600    1.00843630463
  9278.25890900    1.00812412116
  9280.96631500    1.00894197215
  9283.68591300    1.00977174939
  9286.41770200    1.00917344811
  9289.16168400    1.00809728858
  9291.91785700    1.00802495244
  9294.68622200    1.00778379502
  9297.46678000    1.00641926991
  9300.25952900    1.00442437618
  9303.06447000    1.00338359084
  9305.88160200    1.00333301340
  9308.71092700    1.00282276362
  9311.55244400    1.00161499788
  9314.40615300    1.00134674131
  9317.27205300    1.00148945534
  9320.15014600    1.00109711516
  9323.04043000    1.00125163927
  9325.94290600    1.00115710854
  9328.85757400    1.00072018835
  9331.78443500    1.00137522607
  9334.72348700    1.00197024678
  9337.67473000    1.00224800520
  9340.63816600    1.00214865638
  9343.61379400    1.00260661986
  9346.60161400    1.00289756702
  9349.60162500    1.00221078269
  9352.61382900    1.00182490292
  9355.63822400    1.00241813705
  9358.67481100    1.00231031350
  9361.72359000    1.00170204532
  9364.78456100    1.00190776449
  9367.85772400    1.00258644128
  9370.94307900    1.00370448547
  9374.04062600    1.00284037012
  9377.15036500    1.00217894560
  9380.27229500    1.00111771517
  9383.40641800    0.99992263197
  9386.55273200    0.99958851606
  9389.71123900    0.99955588419
  9392.88193700    0.99942981866
  9396.06482700    0.99948972917
  9399.25990900    0.99961199881
  9402.46718300    0.99989931915
  9405.68664900    0.99870662105
  9408.91830700    0.99720836761
  9412.16215700    0.99741594499
  9415.41819800    0.99812605999
  9418.68643200    0.99863040509
  9421.96685700    0.99892129127
  9425.25947400    1.00030487605
  9428.56428400    1.00139160856
  9431.88128500    1.00151456136
  9435.21047800    1.00046664674
  9438.55186300    1.00018663104
  9441.90544000    1.00043654527
  9445.27120900    1.00044334852
  9448.64916900    0.99974866652
  9452.03932200    0.99877768316
  9455.44166600    0.99746091954
  9458.85620300    0.99699642725
  9462.28293100    0.99724804080
  9465.72185100    0.99692076304
  9469.17296400    0.99575162656
  9472.63626800    0.99586789886
  9476.11176400    0.99739550519
  9479.59945100    0.99922830168
  9483.09933100    0.99941860875
  9486.61140300    0.99955794878
  9490.13566600    1.00024587801
  9493.67212200    1.00014498905
  9497.22076900    1.00024274671
  9500.78160900    0.99898264841
  9504.35464000    0.99858093328
  9507.93986300    0.99858243094
  9511.53727800    0.99806259286
  9515.14688500    0.99668087452
  9518.76868400    0.99675367212
  9522.40267500    0.99645018922
  9526.04885700    0.99545220319
  9529.70723200    0.99594601837
  9533.37779900    0.99649399576
  9537.06055700    0.99671253207
  9540.75550700    0.99569838409
  9544.46265000    0.99503050598
  9548.18198400    0.99391075794
  9551.91351000    0.99307130224
  9555.65722800    0.99340524478
  9559.41313800    0.99360826087
  9563.18123900    0.99478103589
  9566.96153300    0.99566389998
  9570.75401900    0.99544882157
  9574.55869600    0.99554423844
  9578.37556500    0.99540487357
  9582.20462700    0.99583280316
  9586.04588000    0.99555191116
  9589.89932500    0.99465444995
  9593.76496200    0.99488681255
  9597.64279100    0.99425713565
  9601.53281200    0.99424015904
  9605.43502500    0.99358305002
  9609.34942900    0.99252813958
  9613.27602600    0.99286579649
  9617.21481400    0.99209172324
  9621.16579500    0.99178901355
  9625.12896700    0.99233661319
  9629.10433100    0.99415976762
  9633.09188800    0.99479224561
  9637.09163600    0.99502223701
  9641.10357500    0.99639338719
  9645.12770700    0.99728851968
  9649.16403100    0.99727391287
  9653.21254700    0.99709534964
  9657.27325400    0.99798046398
  9661.34615400    0.99898638466
  9665.43124500    0.99975392182
  9669.52852900    1.00195016352
  9673.63800400    1.00387642696
  9677.75967100    1.00450408109
  9681.89353000    1.00623660975
  9686.03958100    1.00796817805
  9690.19782400    1.00833903972
  9694.36825800    1.00919130981
  9698.55088500    1.01005568617
  9702.74570400    1.01002863489
  9706.95271400    1.00974513879
  9711.17191600    1.00961385537
  9715.40331100    1.00861691338
  9719.64689700    1.00657927789
  9723.90267500    1.00337713815
  9728.17064500    1.00234113287
  9732.45080700    1.00127022765
  9736.74316100    0.99969963946
  9741.04770700    0.99990626511
  9745.36444400    1.00078775539
  9749.69337400    1.00130152461
  9754.03449500    1.00115913971
  9758.38780900    1.00110680997
  9762.75331400    1.00146078413
  9767.13101100    1.00273831357
  9771.52090000    1.00332326722
  9775.92298100    1.00376211084
  9780.33725400    1.00429057241
  9784.76371900    1.00496831226
  9789.20237600    1.00511560711
  9793.65322400    1.00497767980
  9798.11626500    1.00444072353
  9802.59149700    1.00346910420
  9807.07892200    1.00314755763
  9811.57853800    1.00316780155
  9816.09034600    1.00279781610
  9820.61434600    1.00254322471
  9825.15053800    1.00311427197
  9829.69892200    1.00305365603
  9834.25949800    1.00262915618
  9838.83226600    1.00237196765
  9843.41722600    1.00085234271
  9848.01437700    1.00090267348
  9852.62372100    1.00012519844
  9857.24525600    0.99887205457
  9861.87898300    0.99823243181
  9866.52490200    0.99779114411
  9871.18301300    0.99835947715
  9875.85331600    0.99765719942
  9880.53581100    0.99695541962
  9885.23049800    0.99648006019
  9889.93737700    0.99708472479
  9894.65644800    0.99773236401
  9899.38771000    0.99834371843
  9904.13116500    0.99890815566
  9908.88681100    0.99861687191
  9913.65464900    0.99755577729
  9918.43467900    0.99734798198
  9923.22690100    0.99619759894
  9928.03131500    0.99523402745
  9932.84792100    0.99484235230
  9937.67671900    0.99440714170
