#---------------------------------
#  energy flat
  8794.00000000    0.00388044403
  8799.00000000    0.00293041545
  8804.00000000    0.00188948387
  8809.00000000    0.00022609201
  8814.00000000   -0.00104654403
  8819.00000000   -0.00188926780
  8824.00000000   -0.00222480599
  8829.00000000   -0.00192460074
  8834.00000000   -0.00141117194
  8839.00000000   -0.00098587400
  8844.00000000   -0.00038916558
  8849.00000000    0.00020142103
  8854.00000000    0.00061874908
  8859.00000000    0.00100639216
  8864.00000000    0.00149013599
  8869.00000000    0.00112768497
  8874.00000000    0.00078972116
  8879.00000000    0.00092417571
  8884.00000000    0.00161525230
  8889.00000000    0.00097963026
  8894.00000000    0.00092165230
  8899.00000000    0.00002290826
  8904.00000000   -0.00104181750
  8909.00000000   -0.00124290704
  8914.00000000   -0.00133738481
  8919.00000000   -0.00116596842
  8924.00000000   -0.00019883318
  8929.00000000    0.00033365406
  8934.00000000    0.00109403407
  8939.00000000    0.00192625863
  8944.00000000    0.00259388756
  8949.00000000    0.00320353262
  8953.00000000    0.00390692093
  8956.00000000    0.00468880574
  8958.00000000    0.00576714634
  8959.00000000    0.00661304206
  8959.20000000    0.00725068927
  8959.40000000    0.00778345729
  8959.60000000    0.00798749606
  8959.80000000    0.00822918969
  8960.00000000    0.00863605649
  8960.20000000    0.00888156181
  8960.40000000    0.00895865980
  8960.60000000    0.00903125307
  8960.80000000    0.00904540044
  8961.00000000    0.00916789218
  8961.20000000    0.00926797580
  8961.40000000    0.00980409349
  8961.60000000    0.01016625958
  8961.80000000    0.01074453686
  8962.00000000    0.01109977260
  8962.20000000    0.01126696505
  8962.40000000    0.01133690168
  8962.60000000    0.01113967361
  8962.80000000    0.01120649159
  8963.00000000    0.01111321865
  8963.20000000    0.01121156969
  8963.40000000    0.01147671098
  8963.60000000    0.01139695221
  8963.80000000    0.01137044158
  8964.00000000    0.01151025917
  8964.20000000    0.01193075564
  8964.40000000    0.01229407679
  8964.60000000    0.01259895204
  8964.80000000    0.01314488772
  8965.00000000    0.01334961952
  8965.20000000    0.01360794597
  8965.40000000    0.01384744499
  8965.60000000    0.01393678659
  8965.80000000    0.01403825628
  8966.00000000    0.01422797234
  8966.20000000    0.01438338321
  8966.40000000    0.01432926671
  8966.60000000    0.01463495050
  8966.80000000    0.01502218133
  8967.00000000    0.01528270239
  8967.20000000    0.01572375888
  8967.40000000    0.01594246687
  8967.60000000    0.01629677857
  8967.80000000    0.01653616209
  8968.00000000    0.01662469514
  8968.20000000    0.01708088288
  8968.40000000    0.01724876836
  8968.60000000    0.01785846319
  8968.80000000    0.01816726564
  8969.00000000    0.01853024027
  8969.20000000    0.01881605708
  8969.40000000    0.01933889161
  8969.60000000    0.01946958425
  8969.80000000    0.02012559688
  8970.00000000    0.02028528145
  8970.20000000    0.02056717107
  8970.40000000    0.02090727557
  8970.60000000    0.02126020120
  8970.80000000    0.02182161464
  8971.00000000    0.02216356723
  8971.20000000    0.02281761625
  8971.40000000    0.02302003794
  8971.60000000    0.02395707596
  8971.80000000    0.02499541249
  8972.00000000    0.02593811029
  8972.20000000    0.02701872191
  8972.40000000    0.02824198309
  8972.60000000    0.02927107916
  8972.80000000    0.03058836199
  8973.00000000    0.03189270817
  8973.20000000    0.03290332333
  8973.40000000    0.03417128522
  8973.60000000    0.03478051803
  8973.80000000    0.03601198011
  8974.00000000    0.03732441170
  8974.20000000    0.03879092791
  8974.40000000    0.04020581306
  8974.60000000    0.04216611619
  8974.80000000    0.04400005607
  8975.00000000    0.04592951917
  8975.20000000    0.04784165642
  8975.40000000    0.05014974725
  8975.60000000    0.05278021452
  8975.80000000    0.05558290081
  8976.00000000    0.05857628704
  8976.20000000    0.06198953653
  8976.40000000    0.06573486494
  8976.60000000    0.07047608361
  8976.80000000    0.07588654238
  8977.00000000    0.08159835555
  8977.20000000    0.08841290176
  8977.40000000    0.09639509522
  8977.60000000    0.10641457844
  8977.80000000    0.11838864933
  8978.00000000    0.13237656232
  8978.20000000    0.14888966121
  8978.40000000    0.16829964336
  8978.60000000    0.19076498263
  8978.80000000    0.21644796454
  8979.00000000    0.24584237601
  8979.20000000    0.27980342133
  8979.40000000    0.31795224178
  8979.60000000    0.36111782184
  8979.80000000    0.40853378112
  8980.00000000    0.46011268180
  8980.20000000    0.51380153958
  8980.40000000    0.56849179877
  8980.60000000    0.62079914182
  8980.80000000    0.66733982873
  8981.00000000    0.70559329367
  8981.20000000    0.73156661947
  8981.40000000    0.74396487144
  8981.60000000    0.74190408420
  8981.80000000    0.72754490745
  8982.00000000    0.70303967447
  8982.20000000    0.67202669955
  8982.40000000    0.63883305750
  8982.60000000    0.60639166927
  8982.80000000    0.57717493443
  8983.00000000    0.55325641140
  8983.20000000    0.53543874921
  8983.40000000    0.52376456930
  8983.60000000    0.51742105779
  8983.80000000    0.51618240087
  8984.00000000    0.51958992519
  8984.20000000    0.52632605694
  8984.40000000    0.53542378210
  8984.60000000    0.54551874703
  8984.80000000    0.55659120011
  8985.00000000    0.56789208662
  8985.20000000    0.57909440972
  8985.40000000    0.58937357399
  8985.60000000    0.59884762605
  8985.80000000    0.60828525633
  8986.00000000    0.61616583193
  8986.20000000    0.62549157714
  8986.40000000    0.63497183100
  8986.60000000    0.64590984430
  8986.80000000    0.65783955131
  8987.00000000    0.67105121774
  8987.20000000    0.68526555063
  8987.40000000    0.70090784182
  8987.60000000    0.71867320453
  8987.80000000    0.73793305652
  8988.00000000    0.75807810500
  8988.20000000    0.77862576693
  8988.40000000    0.80044048692
  8988.60000000    0.82223495363
  8988.80000000    0.84382909349
  8989.00000000    0.86596999729
  8989.20000000    0.88711104336
  8989.40000000    0.90827861533
  8989.60000000    0.92891412740
  8989.80000000    0.94896675688
  8990.00000000    0.96841663665
  8990.20000000    0.98611679480
  8990.40000000    1.00260687391
  8990.60000000    1.01744541090
  8990.80000000    1.03215015075
  8991.00000000    1.04528882243
  8991.20000000    1.05605380983
  8991.40000000    1.06407780464
  8991.60000000    1.06901960281
  8991.80000000    1.07226827588
  8992.00000000    1.07326893426
  8992.20000000    1.07316808750
  8992.40000000    1.07127015999
  8992.60000000    1.06988572789
  8992.80000000    1.06688948593
  8993.00000000    1.06396897239
  8993.20000000    1.06173382628
  8993.40000000    1.05889200052
  8993.60000000    1.05824959075
  8993.80000000    1.05736665410
  8994.00000000    1.05978690574
  8994.20000000    1.06269801236
  8994.40000000    1.06883099090
  8994.60000000    1.07811584473
  8994.80000000    1.08567476744
  8995.00000000    1.09424616830
  8995.20000000    1.10638179936
  8995.40000000    1.11947400352
  8995.60000000    1.13263038344
  8995.80000000    1.14579919242
  8996.00000000    1.15786164199
  8996.20000000    1.16820786179
  8996.40000000    1.17728462778
  8996.60000000    1.18462968594
  8996.80000000    1.19033313054
  8997.00000000    1.19367975008
  8997.20000000    1.19526047161
  8997.40000000    1.19404775616
  8997.60000000    1.19145354541
  8997.80000000    1.18656857820
  8998.00000000    1.17937414248
  8998.20000000    1.17067623692
  8998.40000000    1.15999920888
  8998.60000000    1.14849557416
  8998.80000000    1.13612144045
  8999.00000000    1.12381702411
  8999.20000000    1.11191798455
  8999.40000000    1.10055345702
  8999.60000000    1.09046891523
  8999.80000000    1.07951618376
  9000.00000000    1.06764698107
  9000.20000000    1.06015793698
  9000.40000000    1.05317776186
  9000.60000000    1.04692175817
  9000.80000000    1.04170456337
  9001.00000000    1.03734829846
  9001.20000000    1.03459474098
  9001.40000000    1.03336257476
  9001.60000000    1.03250043867
  9001.80000000    1.03205083868
  9002.00000000    1.03196734136
  9002.20000000    1.03173155685
  9002.40000000    1.03183322927
  9002.60000000    1.03090453977
  9002.80000000    1.02999705225
  9003.00000000    1.02799290221
  9003.20000000    1.02607463702
  9003.40000000    1.02441412901
  9003.60000000    1.02273185420
  9003.80000000    1.02013356720
  9004.00000000    1.01728735291
  9004.20000000    1.01557188734
  9004.40000000    1.01428512662
  9004.60000000    1.01324711270
  9004.80000000    1.01156336916
  9005.00000000    1.00951688487
  9005.20000000    1.00623027825
  9005.40000000    1.00470669769
  9005.60000000    1.00289776472
  9005.80000000    1.00037818718
  9006.00000000    0.99890734788
  9006.20000000    0.99762888735
  9006.40000000    0.99615539924
  9006.60000000    0.99465806286
  9006.80000000    0.99303269195
  9007.00000000    0.99064354285
  9007.20000000    0.98837307909
  9007.40000000    0.98542038387
  9007.60000000    0.98313202266
  9007.80000000    0.98079902122
  9008.00000000    0.97960138578
  9008.20000000    0.97819924990
  9008.40000000    0.97719832538
  9008.60000000    0.97473897009
  9008.80000000    0.97292569796
  9009.00000000    0.97108210738
  9009.22786000    0.96994693720
  9009.48358100    0.96866390892
  9009.76716200    0.96682422746
  9010.07860400    0.96581336910
  9010.41790500    0.96672113169
  9010.78506700    0.96857207237
  9011.18009000    0.97222198969
  9011.60297300    0.97845923862
  9012.05371600    0.98692128270
  9012.53231900    0.99946122541
  9013.03878300    1.01683210116
  9013.57310700    1.03629498902
  9014.13529200    1.04806858973
  9014.72533700    1.06212910037
  9015.34324200    1.07555628102
  9015.98900800    1.08252030949
  9016.66263400    1.08179497205
  9017.36412000    1.07556171093
  9018.09346700    1.06561734060
  9018.85067400    1.05124782462
  9019.63574100    1.02854932679
  9020.44866900    1.00828678014
  9021.28945700    0.99167049699
  9022.15810600    0.97721442769
  9023.05461400    0.96494727796
  9023.97898300    0.95541544911
  9024.93121300    0.94925775804
  9025.91130300    0.94671753889
  9026.91925300    0.94506039308
  9027.95506400    0.94530170372
  9029.01873400    0.94522963660
  9030.11026600    0.94776635122
  9031.23272300    0.95152574382
  9032.36737300    0.95489052499
  9033.51421400    0.95938112118
  9034.67324800    0.96664431405
  9035.84447300    0.97754515062
  9037.02789000    0.98836401911
  9038.22349900    0.99543236322
  9039.43130000    1.00007794157
  9040.65129300    1.00623478357
  9041.88347800    1.01068388061
  9043.12785500    1.01308878436
  9044.38442300    1.01589950805
  9045.65318400    1.01819952914
  9046.93413600    1.02108975533
  9048.22728000    1.02559693335
  9049.53261700    1.03011751335
  9050.85014500    1.03368415642
  9052.17986500    1.03628752146
  9053.52177700    1.03793259156
  9054.87588100    1.03681691569
  9056.24217700    1.03504929665
  9057.62066400    1.03313855327
  9059.01134400    1.03027719478
  9060.41421500    1.02732032644
  9061.82927900    1.02475619893
  9063.25653400    1.02291898500
  9064.69598100    1.02146298412
  9066.14762000    1.02016285368
  9067.61145200    1.01990441308
  9069.08747500    1.02035235989
  9070.57568900    1.02099512508
  9072.07609600    1.02171500922
  9073.58869500    1.02199258847
  9075.11348500    1.02157941401
  9076.65046800    1.02051925978
  9078.19964200    1.01822432043
  9079.76100900    1.01595718341
  9081.33456700    1.01364843029
  9082.92031700    1.01175464860
  9084.51825900    1.01163198477
  9086.12839300    1.01121738354
  9087.75071900    1.01025383540
  9089.38523700    1.00857234454
  9091.03194600    1.00633957494
  9092.69084800    1.00338074850
  9094.36194200    1.00032431757
  9096.04522700    0.99712140717
  9097.74070400    0.99484169417
  9099.44837400    0.99255498773
  9101.16823500    0.98864568954
  9102.90028800    0.98580932918
  9104.64453300    0.98431396795
  9106.40097000    0.98292932498
  9108.16959800    0.98216163206
  9109.95041900    0.98186866440
  9111.74343200    0.98237738464
  9113.54863600    0.98279478177
  9115.36603200    0.98381396357
  9117.19562100    0.98514392687
  9119.03740100    0.98636361194
  9120.89137300    0.98908693116
  9122.75753700    0.99294594925
  9124.63589300    0.99636222862
  9126.52644100    0.99927022305
  9128.42918100    1.00219415599
  9130.34411200    1.00506339566
  9132.27123600    1.00654782829
  9134.21055200    1.00850368324
  9136.16205900    1.01008712563
  9138.12575800    1.00994493439
  9140.10164900    1.01019899226
  9142.08973300    1.01038731484
  9144.09000800    1.01036787077
  9146.10247500    1.00910853382
  9148.12713300    1.00754308557
  9150.16398400    1.00578451608
  9152.21302700    1.00342326974
  9154.27426100    1.00178907296
  9156.34768800    1.00079762335
  9158.43330600    1.00086637896
  9160.53111700    1.00075851537
  9162.64111900    1.00051100878
  9164.76331300    1.00018138740
  9166.89769900    0.99989856051
  9169.04427700    0.99942805332
  9171.20304700    0.99863056461
  9173.37400800    0.99783020050
  9175.55716200    0.99777727523
  9177.75250800    0.99759116402
  9179.96004500    0.99740306880
  9182.17977500    0.99765674202
  9184.41169600    0.99700098039
  9186.65580900    0.99635541495
  9188.91211400    0.99604112434
  9191.18061100    0.99637179160
  9193.46130000    0.99518511590
  9195.75418100    0.99526174456
  9198.05925400    0.99599500100
  9200.37651800    0.99640604743
  9202.70597500    0.99728604748
  9205.04762300    0.99834272408
  9207.40146400    0.99912647164
  9209.76749600    0.99853415617
  9212.14572000    0.99732435656
  9214.53613600    0.99726632477
  9216.93874400    0.99605195776
  9219.35354400    0.99527793504
  9221.78053600    0.99424283105
  9224.21972000    0.99321084452
  9226.67109600    0.99248752169
  9229.13466300    0.99149016804
  9231.61042300    0.99164680428
  9234.09837400    0.99073940054
  9236.59851700    0.98956669705
  9239.11085200    0.98901152029
  9241.63538000    0.98972452514
  9244.17209900    0.99132651881
  9246.72100900    0.99240082963
  9249.28211200    0.99209906747
  9251.85540700    0.99179563534
  9254.44089400    0.99138206888
  9257.03857200    0.99127221875
  9259.64844300    0.99335147030
  9262.27050500    0.99629415287
  9264.90475900    0.99835276085
  9267.55120500    0.99872069643
  9270.20984400    0.99939652860
  9272.88067400    1.00005023244
  9275.56369600    0.99973174046
  9278.25890900    0.99926284255
  9280.96631500    0.99933017909
  9283.68591300    0.99838535627
  9286.41770200    0.99721827462
  9289.16168400    0.99609951331
  9291.91785700    0.99606522624
  9294.68622200    0.99559657324
  9297.46678000    0.99480980999
  9300.25952900    0.99461772090
  9303.06447000    0.99238590249
  9305.88160200    0.99045408921
  9308.71092700    0.99039967041
  9311.55244400    0.99166988063
  9314.40615300    0.99339916055
  9317.27205300    0.99460020651
  9320.15014600    0.99550290673
  9323.04043000    0.99717087293
  9325.94290600    0.99720045913
  9328.85757400    0.99680819827
  9331.78443500    0.99675390954
  9334.72348700    0.99692696313
  9337.67473000    0.99735509949
  9340.63816600    0.99885565072
  9343.61379400    1.00070695293
  9346.60161400    1.00087473146
  9349.60162500    1.00059467771
  9352.61382900    1.00076358247
  9355.63822400    1.00106081036
  9358.67481100    1.00157992282
  9361.72359000    1.00154218168
  9364.78456100    1.00107140855
  9367.85772400    1.00139519569
  9370.94307900    1.00132660225
  9374.04062600    1.00052926974
  9377.15036500    0.99955068776
  9380.27229500    0.99847262688
  9383.40641800    0.99771158721
  9386.55273200    0.99742834399
  9389.71123900    0.99815651748
  9392.88193700    0.99949298157
  9396.06482700    1.00006112232
  9399.25990900    1.00104069875
  9402.46718300    1.00220229932
  9405.68664900    1.00278911261
  9408.91830700    1.00279811677
  9412.16215700    1.00294288682
  9415.41819800    1.00252367091
  9418.68643200    1.00116782442
  9421.96685700    1.00184405787
  9425.25947400    1.00283223806
  9428.56428400    1.00354464983
  9431.88128500    1.00372901131
  9435.21047800    1.00325431718
  9438.55186300    1.00300786235
  9441.90544000    1.00326222080
  9445.27120900    1.00344954751
  9448.64916900    1.00287401944
  9452.03932200    1.00162640359
  9455.44166600    1.00180542546
  9458.85620300    1.00230244285
  9462.28293100    1.00327291559
  9465.72185100    1.00364747758
  9469.17296400    1.00397130319
  9472.63626800    1.00323671435
  9476.11176400    1.00184797198
  9479.59945100    1.00104606553
  9483.09933100    1.00071640682
  9486.61140300    1.00107499210
  9490.13566600    1.00317939473
  9493.67212200    1.00526076116
  9497.22076900    1.00639690388
  9500.78160900    1.00705978593
  9504.35464000    1.00643118116
  9507.93986300    1.00599027052
  9511.53727800    1.00571397282
  9515.14688500    1.00555841948
  9518.76868400    1.00692356729
  9522.40267500    1.00640272239
  9526.04885700    1.00567052403
  9529.70723200    1.00502478310
  9533.37779900    1.00442327104
  9537.06055700    1.00259686262
  9540.75550700    1.00076373437
  9544.46265000    1.00138306148
  9548.18198400    1.00362280972
  9551.91351000    1.00320055908
  9555.65722800    1.00117002996
  9559.41313800    0.99991626770
  9563.18123900    0.99942157592
  9566.96153300    0.99941276115
  9570.75401900    1.00183273432
  9574.55869600    1.00322082522
  9578.37556500    1.00388254681
  9582.20462700    1.00409592923
  9586.04588000    1.00372666003
  9589.89932500    1.00355223180
  9593.76496200    1.00287675628
  9597.64279100    1.00330522748
  9601.53281200    1.00460079415
  9605.43502500    1.00388753948
  9609.34942900    1.00350556472
  9613.27602600    1.00254579986
  9617.21481400    1.00283459785
  9621.16579500    1.00196041035
  9625.12896700    1.00064329714
  9629.10433100    1.00191644094
  9633.09188800    1.00211555223
  9637.09163600    1.00180248093
  9641.10357500    1.00016918729
  9645.12770700    0.99795102736
  9649.16403100    0.99884586500
  9653.21254700    1.00058916996
  9657.27325400    1.00140986689
  9661.34615400    1.00262458706
  9665.43124500    1.00383333617
  9669.52852900    1.00400176935
  9673.63800400    1.00387573682
  9677.75967100    1.00265724855
  9681.89353000    1.00182541063
  9686.03958100    1.00055939449
  9690.19782400    0.99997680378
  9694.36825800    0.99929726986
  9698.55088500    0.99854758878
  9702.74570400    0.99709226857
  9706.95271400    0.99571124118
  9711.17191600    0.99385059215
  9715.40331100    0.99251713772
  9719.64689700    0.99284870099
  9723.90267500    0.99491030087
  9728.17064500    0.99608909228
  9732.45080700    0.99551869567
  9736.74316100    0.99544724690
  9741.04770700    0.99386489911
  9745.36444400    0.99344211899
  9749.69337400    0.99436185744
  9754.03449500    0.99501305886
  9758.38780900    0.99546344201
  9762.75331400    0.99572900816
  9767.13101100    0.99520758890
  9771.52090000    0.99499520535
  9775.92298100    0.99631195497
  9780.33725400    0.99717706446
  9784.76371900    0.99690991692
  9789.20237600    0.99687275394
  9793.65322400    0.99675370407
  9798.11626500    0.99819481048
  9802.59149700    0.99679027034
  9807.07892200    0.99666347267
  9811.57853800    0.99856576680
  9816.09034600    0.99888518007
  9820.61434600    0.99871593417
  9825.15053800    0.99877734744
  9829.69892200    0.99863809902
  9834.25949800    0.99951608789
  9838.83226600    0.99910608746
  9843.41722600    0.99780573502
  9848.01437700    0.99717538096
  9852.62372100    0.99631050952
  9857.24525600    0.99633007306
  9861.87898300    0.99682260012
  9866.52490200    0.99823047208
  9871.18301300    0.99824614363
  9875.85331600    0.99883627692
  9880.53581100    0.99892630295
  9885.23049800    1.00028543847
  9889.93737700    1.00195030163
  9894.65644800    1.00224926568
  9899.38771000    1.00408615463
  9904.13116500    1.00442875481
  9908.88681100    1.00537427527
  9913.65464900    1.00656130354
  9918.43467900    1.00705925577
  9923.22690100    1.00536837562
  9928.03131500    1.00488500316
  9932.84792100    1.00552071190
  9937.67671900    1.00640629822
