#---------------------------------
#  energy flat
  8794.00000000    0.00669346741
  8799.00000000    0.00458603424
  8804.00000000    0.00294019709
  8809.00000000    0.00057356306
  8814.00000000   -0.00158491580
  8819.00000000   -0.00359125070
  8824.00000000   -0.00477132078
  8829.00000000   -0.00484070026
  8834.00000000   -0.00390386398
  8839.00000000   -0.00230164617
  8844.00000000   -0.00105813852
  8849.00000000    0.00062650715
  8854.00000000    0.00140782291
  8859.00000000    0.00225051267
  8864.00000000    0.00266735826
  8869.00000000    0.00231077230
  8874.00000000    0.00226185082
  8879.00000000    0.00277721259
  8884.00000000    0.00403800030
  8889.00000000    0.00318644993
  8894.00000000    0.00314964435
  8899.00000000    0.00118700615
  8904.00000000   -0.00105092125
  8909.00000000   -0.00303838712
  8914.00000000   -0.00368873406
  8919.00000000   -0.00384868488
  8924.00000000   -0.00213206117
  8929.00000000    0.00006880139
  8934.00000000    0.00214810769
  8939.00000000    0.00376045518
  8944.00000000    0.00558731374
  8949.00000000    0.00646575534
  8953.00000000    0.00793153241
  8956.00000000    0.00953496620
  8958.00000000    0.01099242542
  8959.00000000    0.01246161543
  8959.20000000    0.01356265061
  8959.40000000    0.01383761958
  8959.60000000    0.01398547089
  8959.80000000    0.01464397769
  8960.00000000    0.01507685064
  8960.20000000    0.01561936257
  8960.40000000    0.01558110567
  8960.60000000    0.01583919183
  8960.80000000    0.01539932256
  8961.00000000    0.01569474954
  8961.20000000    0.01503798575
  8961.40000000    0.01511890166
  8961.60000000    0.01544988186
  8961.80000000    0.01540467321
  8962.00000000    0.01515389147
  8962.20000000    0.01507531444
  8962.40000000    0.01575904615
  8962.60000000    0.01650891878
  8962.80000000    0.01654832283
  8963.00000000    0.01735917221
  8963.20000000    0.01781151005
  8963.40000000    0.01771982401
  8963.60000000    0.01777412466
  8963.80000000    0.01796606991
  8964.00000000    0.01858803038
  8964.20000000    0.01916847899
  8964.40000000    0.01930044059
  8964.60000000    0.01965028982
  8964.80000000    0.01972604157
  8965.00000000    0.01969255159
  8965.20000000    0.02055087147
  8965.40000000    0.02107709645
  8965.60000000    0.02154552262
  8965.80000000    0.02248249656
  8966.00000000    0.02262399199
  8966.20000000    0.02235493708
  8966.40000000    0.02286566960
  8966.60000000    0.02331363777
  8966.80000000    0.02306086981
  8967.00000000    0.02359345067
  8967.20000000    0.02344595203
  8967.40000000    0.02418986602
  8967.60000000    0.02414406151
  8967.80000000    0.02451019768
  8968.00000000    0.02494545409
  8968.20000000    0.02591698814
  8968.40000000    0.02664282758
  8968.60000000    0.02664965773
  8968.80000000    0.02667019275
  8969.00000000    0.02688259600
  8969.20000000    0.02748628331
  8969.40000000    0.02790167758
  8969.60000000    0.02741215297
  8969.80000000    0.02765871909
  8970.00000000    0.02804551188
  8970.20000000    0.02853797124
  8970.40000000    0.02912298814
  8970.60000000    0.02977394733
  8970.80000000    0.03013968626
  8971.00000000    0.03127766501
  8971.20000000    0.03196139672
  8971.40000000    0.03311109413
  8971.60000000    0.03428204401
  8971.80000000    0.03515188393
  8972.00000000    0.03589559930
  8972.20000000    0.03638786003
  8972.40000000    0.03734568921
  8972.60000000    0.03787568800
  8972.80000000    0.03866131246
  8973.00000000    0.03905406390
  8973.20000000    0.04005837047
  8973.40000000    0.04082035900
  8973.60000000    0.04160816830
  8973.80000000    0.04266332194
  8974.00000000    0.04340008556
  8974.20000000    0.04561459203
  8974.40000000    0.04694443900
  8974.60000000    0.04839504775
  8974.80000000    0.05015193062
  8975.00000000    0.05149011969
  8975.20000000    0.05319258032
  8975.40000000    0.05421734489
  8975.60000000    0.05627970740
  8975.80000000    0.05841456671
  8976.00000000    0.06158503774
  8976.20000000    0.06514560111
  8976.40000000    0.06915782943
  8976.60000000    0.07356511561
  8976.80000000    0.07766453870
  8977.00000000    0.08278169760
  8977.20000000    0.08820989753
  8977.40000000    0.09502447450
  8977.60000000    0.10206468531
  8977.80000000    0.11108475376
  8978.00000000    0.12229045156
  8978.20000000    0.13441179378
  8978.40000000    0.15007991748
  8978.60000000    0.16830112003
  8978.80000000    0.19000832591
  8979.00000000    0.21618451219
  8979.20000000    0.24676055865
  8979.40000000    0.28340210393
  8979.60000000    0.32541913746
  8979.80000000    0.37197010058
  8980.00000000    0.42254076260
  8980.20000000    0.47449570109
  8980.40000000    0.52442950721
  8980.60000000    0.57090833337
  8980.80000000    0.61151714253
  8981.00000000    0.64375310699
  8981.20000000    0.66579943723
  8981.40000000    0.67574003303
  8981.60000000    0.67697131946
  8981.80000000    0.66944801080
  8982.00000000    0.65619928125
  8982.20000000    0.64017942475
  8982.40000000    0.62269815045
  8982.60000000    0.60575458221
  8982.80000000    0.59104951463
  8983.00000000    0.57845245343
  8983.20000000    0.56939168471
  8983.40000000    0.56364991669
  8983.60000000    0.56118305537
  8983.80000000    0.56281577658
  8984.00000000    0.56664270564
  8984.20000000    0.57248845987
  8984.40000000    0.58000862982
  8984.60000000    0.58962071750
  8984.80000000    0.60024779793
  8985.00000000    0.61028878436
  8985.20000000    0.62130821711
  8985.40000000    0.63201088634
  8985.60000000    0.64112938915
  8985.80000000    0.65181107945
  8986.00000000    0.66195215982
  8986.20000000    0.67267444365
  8986.40000000    0.68241418497
  8986.60000000    0.69314568000
  8986.80000000    0.70387065777
  8987.00000000    0.71512440280
  8987.20000000    0.72650530266
  8987.40000000    0.73866006844
  8987.60000000    0.75043550454
  8987.80000000    0.76273116702
  8988.00000000    0.77557009592
  8988.20000000    0.78813238226
  8988.40000000    0.80081725491
  8988.60000000    0.81421362616
  8988.80000000    0.82709282427
  8989.00000000    0.83990750727
  8989.20000000    0.85314568778
  8989.40000000    0.86530261041
  8989.60000000    0.87739183987
  8989.80000000    0.89119600275
  8990.00000000    0.90499523673
  8990.20000000    0.91973974633
  8990.40000000    0.93433036093
  8990.60000000    0.95046052616
  8990.80000000    0.96812765988
  8991.00000000    0.98436594805
  8991.20000000    1.00160512561
  8991.40000000    1.01353896463
  8991.60000000    1.02542358188
  8991.80000000    1.03861774599
  8992.00000000    1.05069708471
  8992.20000000    1.06155712317
  8992.40000000    1.07109378374
  8992.60000000    1.07938790528
  8992.80000000    1.08607620930
  8993.00000000    1.09218358192
  8993.20000000    1.09820776822
  8993.40000000    1.10444451535
  8993.60000000    1.10969732826
  8993.80000000    1.11350262466
  8994.00000000    1.11626003069
  8994.20000000    1.11852806954
  8994.40000000    1.12186651465
  8994.60000000    1.12567056396
  8994.80000000    1.12932369676
  8995.00000000    1.13220661164
  8995.20000000    1.13536266652
  8995.40000000    1.13754789584
  8995.60000000    1.14006148182
  8995.80000000    1.13890636834
  8996.00000000    1.13656929470
  8996.20000000    1.13344869527
  8996.40000000    1.12874372874
  8996.60000000    1.12256979406
  8996.80000000    1.11743905407
  8997.00000000    1.11135496688
  8997.20000000    1.10534341175
  8997.40000000    1.09804780480
  8997.60000000    1.09067695554
  8997.80000000    1.08373218423
  8998.00000000    1.07716880103
  8998.20000000    1.07152824768
  8998.40000000    1.06518679463
  8998.60000000    1.06018746104
  8998.80000000    1.05313362314
  8999.00000000    1.04595607907
  8999.20000000    1.03919110641
  8999.40000000    1.03246450253
  8999.60000000    1.02622912404
  8999.80000000    1.02053899594
  9000.00000000    1.01584598174
  9000.20000000    1.01195384352
  9000.40000000    1.00812569603
  9000.60000000    1.00447475340
  9000.80000000    1.00153689599
  9001.00000000    0.99880385174
  9001.20000000    0.99752097647
  9001.40000000    0.99575687613
  9001.60000000    0.99476127623
  9001.80000000    0.99332457269
  9002.00000000    0.99160327910
  9002.20000000    0.99011063300
  9002.40000000    0.98800587017
  9002.60000000    0.98696376580
  9002.80000000    0.98562694154
  9003.00000000    0.98467984653
  9003.20000000    0.98482877827
  9003.40000000    0.98543238836
  9003.60000000    0.98596512467
  9003.80000000    0.98779588552
  9004.00000000    0.98868501652
  9004.20000000    0.98850559858
  9004.40000000    0.98959421324
  9004.60000000    0.99149502446
  9004.80000000    0.99329318227
  9005.00000000    0.99557740030
  9005.20000000    0.99788727423
  9005.40000000    0.99881378415
  9005.60000000    0.99845564485
  9005.80000000    0.99904476439
  9006.00000000    1.00104234154
  9006.20000000    1.00273844503
  9006.40000000    1.00532917260
  9006.60000000    1.00767106110
  9006.80000000    1.00865500886
  9007.00000000    1.00834814986
  9007.20000000    1.00958103695
  9007.40000000    1.01066280652
  9007.60000000    1.01271904573
  9007.80000000    1.01506788744
  9008.00000000    1.01722886658
  9008.20000000    1.01889133930
  9008.40000000    1.01955875219
  9008.60000000    1.02190434998
  9008.80000000    1.02391609835
  9009.00000000    1.02480566911
  9009.22786000    1.02627791053
  9009.48358100    1.02785177511
  9009.76716200    1.02887421558
  9010.07860400    1.02997090635
  9010.41790500    1.03071046752
  9010.78506700    1.03202067799
  9011.18009000    1.03183530469
  9011.60297300    1.03102195455
  9012.05371600    1.02906265148
  9012.53231900    1.02797144613
  9013.03878300    1.02704564579
  9013.57310700    1.02520895713
  9014.13529200    1.02406408883
  9014.72533700    1.02158692979
  9015.34324200    1.01820991714
  9015.98900800    1.01428087467
  9016.66263400    1.00569851391
  9017.36412000    0.99646887197
  9018.09346700    0.98705676514
  9018.85067400    0.97841185032
  9019.63574100    0.97150642639
  9020.44866900    0.96557306696
  9021.28945700    0.96151575008
  9022.15810600    0.95619173919
  9023.05461400    0.95107049203
  9023.97898300    0.94747586919
  9024.93121300    0.94521188625
  9025.91130300    0.94337487420
  9026.91925300    0.94150925263
  9027.95506400    0.93951040383
  9029.01873400    0.93947007254
  9030.11026600    0.93933516299
  9031.23272300    0.94119401983
  9032.36737300    0.94595589973
  9033.51421400    0.95041408856
  9034.67324800    0.95480476575
  9035.84447300    0.96082676709
  9037.02789000    0.96769853816
  9038.22349900    0.97551265918
  9039.43130000    0.98234689526
  9040.65129300    0.98932149318
  9041.88347800    0.99704405786
  9043.12785500    1.00436737437
  9044.38442300    1.01081120033
  9045.65318400    1.01535583092
  9046.93413600    1.01731902762
  9048.22728000    1.01804388696
  9049.53261700    1.01722613977
  9050.85014500    1.01594929061
  9052.17986500    1.01563409622
  9053.52177700    1.01637571640
  9054.87588100    1.01696695041
  9056.24217700    1.01675872326
  9057.62066400    1.01706275180
  9059.01134400    1.01612403232
  9060.41421500    1.01550315576
  9061.82927900    1.01446960669
  9063.25653400    1.01383040592
  9064.69598100    1.01324572768
  9066.14762000    1.01322425840
  9067.61145200    1.01387724062
  9069.08747500    1.01455063495
  9070.57568900    1.01537157500
  9072.07609600    1.01451891274
  9073.58869500    1.01516742911
  9075.11348500    1.01520520008
  9076.65046800    1.01539772211
  9078.19964200    1.01577341610
  9079.76100900    1.01566849832
  9081.33456700    1.01489866517
  9082.92031700    1.01408362526
  9084.51825900    1.01328595595
  9086.12839300    1.01159181149
  9087.75071900    1.00814454853
  9089.38523700    1.00456969418
  9091.03194600    1.00076894243
  9092.69084800    0.99637107444
  9094.36194200    0.99258133492
  9096.04522700    0.98977890181
  9097.74070400    0.98667333694
  9099.44837400    0.98352126324
  9101.16823500    0.98135035759
  9102.90028800    0.98044544580
  9104.64453300    0.98044821928
  9106.40097000    0.98066489724
  9108.16959800    0.98110462134
  9109.95041900    0.98292376295
  9111.74343200    0.98441159998
  9113.54863600    0.98537189742
  9115.36603200    0.98674393343
  9117.19562100    0.98904809296
  9119.03740100    0.99071010593
  9120.89137300    0.99195520437
  9122.75753700    0.99404264448
  9124.63589300    0.99627982956
  9126.52644100    0.99724919418
  9128.42918100    0.99863285687
  9130.34411200    0.99958508352
  9132.27123600    1.00030150441
  9134.21055200    1.00107507987
  9136.16205900    1.00151571054
  9138.12575800    1.00206333043
  9140.10164900    1.00203248620
  9142.08973300    1.00254199782
  9144.09000800    1.00316799870
  9146.10247500    1.00375952060
  9148.12713300    1.00383548992
  9150.16398400    1.00379432092
  9152.21302700    1.00376192489
  9154.27426100    1.00349954329
  9156.34768800    1.00259084260
  9158.43330600    1.00291873765
  9160.53111700    1.00228923175
  9162.64111900    1.00146580772
  9164.76331300    1.00186182987
  9166.89769900    1.00239558218
  9169.04427700    1.00230274449
  9171.20304700    1.00302528146
  9173.37400800    1.00334482444
  9175.55716200    1.00264005295
  9177.75250800    1.00283200516
  9179.96004500    1.00281472865
  9182.17977500    1.00263267830
  9184.41169600    1.00222345809
  9186.65580900    1.00193700232
  9188.91211400    1.00172640077
  9191.18061100    1.00113637650
  9193.46130000    1.00050454782
  9195.75418100    0.99978876776
  9198.05925400    0.99948713820
  9200.37651800    0.99901328933
  9202.70597500    0.99894833993
  9205.04762300    0.99914328403
  9207.40146400    0.99962230359
  9209.76749600    0.99960874659
  9212.14572000    0.99955224147
  9214.53613600    0.99920962625
  9216.93874400    0.99951556222
  9219.35354400    1.00023403510
  9221.78053600    1.00040008890
  9224.21972000    1.00063972332
  9226.67109600    1.00049049166
  9229.13466300    1.00131368927
  9231.61042300    1.00230523368
  9234.09837400    1.00225625933
  9236.59851700    1.00236478631
  9239.11085200    1.00292391662
  9241.63538000    1.00274463612
  9244.17209900    1.00295425793
  9246.72100900    1.00339540650
  9249.28211200    1.00352616963
  9251.85540700    1.00409448715
  9254.44089400    1.00438088073
  9257.03857200    1.00435071917
  9259.64844300    1.00456800805
  9262.27050500    1.00395177808
  9264.90475900    1.00371353962
  9267.55120500    1.00355011728
  9270.20984400    1.00379471480
  9272.88067400    1.00380173488
  9275.56369600    1.00427381392
  9278.25890900    1.00448669537
  9280.96631500    1.00496107324
  9283.68591300    1.00540965486
  9286.41770200    1.00503111394
  9289.16168400    1.00436957719
  9291.91785700    1.00370024509
  9294.68622200    1.00352871083
  9297.46678000    1.00320180909
  9300.25952900    1.00279690876
  9303.06447000    1.00259316997
  9305.88160200    1.00204349075
  9308.71092700    1.00104527566
  9311.55244400    1.00077545288
  9314.40615300    1.00013037646
  9317.27205300    0.99975466617
  9320.15014600    0.99948732544
  9323.04043000    0.99943709259
  9325.94290600    0.99947594113
  9328.85757400    0.99916083168
  9331.78443500    0.99953401151
  9334.72348700    0.99955101689
  9337.67473000    0.99998674968
  9340.63816600    0.99993974155
  9343.61379400    0.99956042774
  9346.60161400    0.99947712267
  9349.60162500    0.99978067190
  9352.61382900    0.99950286379
  9355.63822400    0.99964899551
  9358.67481100    1.00003302519
  9361.72359000    1.00041210580
  9364.78456100    1.00046870704
  9367.85772400    1.00063290772
  9370.94307900    1.00077348109
  9374.04062600    1.00077270500
  9377.15036500    1.00029794735
  9380.27229500    0.99977213225
  9383.40641800    0.99918160582
  9386.55273200    0.99894055174
  9389.71123900    0.99921645553
  9392.88193700    0.99934816162
  9396.06482700    0.99931803936
  9399.25990900    0.99944929294
  9402.46718300    0.99976719287
  9405.68664900    0.99962646239
  9408.91830700    0.99930302892
  9412.16215700    0.99981168970
  9415.41819800    1.00052384954
  9418.68643200    1.00082639743
  9421.96685700    1.00109178878
  9425.25947400    1.00112083853
  9428.56428400    1.00142105474
  9431.88128500    1.00094871787
  9435.21047800    1.00072894006
  9438.55186300    1.00076552316
  9441.90544000    1.00095262845
  9445.27120900    1.00085073179
  9448.64916900    1.00080248060
  9452.03932200    1.00071394433
  9455.44166600    1.00059130499
  9458.85620300    1.00042484440
  9462.28293100    0.99996531451
  9465.72185100    0.99988824002
  9469.17296400    1.00013424511
  9472.63626800    1.00009616156
  9476.11176400    1.00033470648
  9479.59945100    1.00040080904
  9483.09933100    0.99957447067
  9486.61140300    0.99917474492
  9490.13566600    0.99879426715
  9493.67212200    0.99848130183
  9497.22076900    0.99802273546
  9500.78160900    0.99816637410
  9504.35464000    0.99834396651
  9507.93986300    0.99837138690
  9511.53727800    0.99807960564
  9515.14688500    0.99730118075
  9518.76868400    0.99757403183
  9522.40267500    0.99786035548
  9526.04885700    0.99796490111
  9529.70723200    0.99821359236
  9533.37779900    0.99778988849
  9537.06055700    0.99666061018
  9540.75550700    0.99570980561
  9544.46265000    0.99482483984
  9548.18198400    0.99423828761
  9551.91351000    0.99425819162
  9555.65722800    0.99480925656
  9559.41313800    0.99491047261
  9563.18123900    0.99538192961
  9566.96153300    0.99662660445
  9570.75401900    0.99680822285
  9574.55869600    0.99631030172
  9578.37556500    0.99593782677
  9582.20462700    0.99639647202
  9586.04588000    0.99631791341
  9589.89932500    0.99539962107
  9593.76496200    0.99543928869
  9597.64279100    0.99530256069
  9601.53281200    0.99463248456
  9605.43502500    0.99457527334
  9609.34942900    0.99514380819
  9613.27602600    0.99586592899
  9617.21481400    0.99632668732
  9621.16579500    0.99649128573
  9625.12896700    0.99726242840
  9629.10433100    0.99800945482
  9633.09188800    0.99831105070
  9637.09163600    0.99826510454
  9641.10357500    0.99803742799
  9645.12770700    0.99785818054
  9649.16403100    0.99773070287
  9653.21254700    0.99832768664
  9657.27325400    0.99955832504
  9661.34615400    1.00094091668
  9665.43124500    1.00214392725
  9669.52852900    1.00352304220
  9673.63800400    1.00338974545
  9677.75967100    1.00249855593
  9681.89353000    1.00202586648
  9686.03958100    1.00220183760
  9690.19782400    1.00181662480
  9694.36825800    1.00214513904
  9698.55088500    1.00230406411
  9702.74570400    1.00220854899
  9706.95271400    1.00232710172
  9711.17191600    1.00324700096
  9715.40331100    1.00441345261
  9719.64689700    1.00511555378
  9723.90267500    1.00623732366
  9728.17064500    1.00643306081
  9732.45080700    1.00653872097
  9736.74316100    1.00656121456
  9741.04770700    1.00578010096
  9745.36444400    1.00531695683
  9749.69337400    1.00471828432
  9754.03449500    1.00433938227
  9758.38780900    1.00468132797
  9762.75331400    1.00401747232
  9767.13101100    1.00334743583
  9771.52090000    1.00248864794
  9775.92298100    1.00277163619
  9780.33725400    1.00278118732
  9784.76371900    1.00254566883
  9789.20237600    1.00250419801
  9793.65322400    1.00234391520
  9798.11626500    1.00111398214
  9802.59149700    1.00073563668
  9807.07892200    0.99980002175
  9811.57853800    0.99942912504
  9816.09034600    0.99895971893
  9820.61434600    0.99926273091
  9825.15053800    0.99998439051
  9829.69892200    0.99997644320
  9834.25949800    0.99996641588
  9838.83226600    0.99998348423
  9843.41722600    0.99901604959
  9848.01437700    0.99783852071
  9852.62372100    0.99805394831
  9857.24525600    0.99863127906
  9861.87898300    0.99858990327
  9866.52490200    0.99880910606
  9871.18301300    0.99874445662
  9875.85331600    0.99877670433
  9880.53581100    0.99963061281
  9885.23049800    0.99907864000
  9889.93737700    0.99911236076
  9894.65644800    0.99844252470
  9899.38771000    0.99807237410
  9904.13116500    0.99807559754
  9908.88681100    0.99785098156
  9913.65464900    0.99760807944
  9918.43467900    0.99878551870
  9923.22690100    0.99905408245
  9928.03131500    0.99889624046
  9932.84792100    0.99915595613
  9937.67671900    0.99843714417
