#---------------------------------
#  energy flat
  8794.00000000    0.00640063015
  8799.00000000    0.00509766315
  8804.00000000    0.00385100019
  8809.00000000    0.00257811525
  8814.00000000    0.00097259727
  8819.00000000   -0.00005044685
  8824.00000000   -0.00115242309
  8829.00000000   -0.00144857285
  8834.00000000   -0.00182125882
  8839.00000000   -0.00151803020
  8844.00000000   -0.00121599954
  8849.00000000   -0.00057361567
  8854.00000000    0.00024952677
  8859.00000000    0.00100784636
  8864.00000000    0.00099667753
  8869.00000000    0.00132599502
  8874.00000000    0.00144141042
  8879.00000000    0.00181292265
  8884.00000000    0.00278660850
  8889.00000000    0.00225792176
  8894.00000000    0.00210219931
  8899.00000000    0.00085979575
  8904.00000000   -0.00066372864
  8909.00000000   -0.00170314486
  8914.00000000   -0.00246436857
  8919.00000000   -0.00201698566
  8924.00000000   -0.00141519926
  8929.00000000    0.00084629155
  8934.00000000    0.00261608712
  8939.00000000    0.00452764105
  8944.00000000    0.00549387294
  8949.00000000    0.00651281497
  8953.00000000    0.00722545001
  8956.00000000    0.00854262553
  8958.00000000    0.00955056571
  8959.00000000    0.01043748308
  8959.20000000    0.01067779928
  8959.40000000    0.01100809546
  8959.60000000    0.01080916035
  8959.80000000    0.01113572954
  8960.00000000    0.01097779123
  8960.20000000    0.01143826552
  8960.40000000    0.01177774603
  8960.60000000    0.01270742058
  8960.80000000    0.01325255057
  8961.00000000    0.01303325018
  8961.20000000    0.01307031283
  8961.40000000    0.01292675001
  8961.60000000    0.01387372840
  8961.80000000    0.01494529443
  8962.00000000    0.01567890316
  8962.20000000    0.01535870808
  8962.40000000    0.01473742619
  8962.60000000    0.01455100310
  8962.80000000    0.01424797874
  8963.00000000    0.01446100813
  8963.20000000    0.01476614718
  8963.40000000    0.01569502309
  8963.60000000    0.01570759414
  8963.80000000    0.01543651534
  8964.00000000    0.01581592780
  8964.20000000    0.01585724985
  8964.40000000    0.01642500794
  8964.60000000    0.01693779306
  8964.80000000    0.01832096131
  8965.00000000    0.01912005842
  8965.20000000    0.02005678761
  8965.40000000    0.02020619211
  8965.60000000    0.02043612601
  8965.80000000    0.02035725293
  8966.00000000    0.01995186971
  8966.20000000    0.02029734002
  8966.40000000    0.01973262838
  8966.60000000    0.01960490523
  8966.80000000    0.01962652753
  8967.00000000    0.01998970099
  8967.20000000    0.02026196275
  8967.40000000    0.02081774126
  8967.60000000    0.02056902434
  8967.80000000    0.02044063566
  8968.00000000    0.02111647619
  8968.20000000    0.02131366591
  8968.40000000    0.02130946555
  8968.60000000    0.02216659708
  8968.80000000    0.02233064329
  8969.00000000    0.02295563715
  8969.20000000    0.02333451718
  8969.40000000    0.02345157681
  8969.60000000    0.02416761549
  8969.80000000    0.02460626032
  8970.00000000    0.02521381724
  8970.20000000    0.02585092379
  8970.40000000    0.02578269923
  8970.60000000    0.02641075455
  8970.80000000    0.02658891004
  8971.00000000    0.02708598860
  8971.20000000    0.02715606165
  8971.40000000    0.02769506874
  8971.60000000    0.02888097322
  8971.80000000    0.02986482209
  8972.00000000    0.03053214381
  8972.20000000    0.03081132711
  8972.40000000    0.03133569249
  8972.60000000    0.03244838842
  8972.80000000    0.03322392569
  8973.00000000    0.03358669983
  8973.20000000    0.03473027646
  8973.40000000    0.03504113908
  8973.60000000    0.03583424641
  8973.80000000    0.03670854867
  8974.00000000    0.03721175013
  8974.20000000    0.03838101630
  8974.40000000    0.03959913254
  8974.60000000    0.04175711347
  8974.80000000    0.04315492342
  8975.00000000    0.04547462870
  8975.20000000    0.04711149785
  8975.40000000    0.04860674174
  8975.60000000    0.05049664626
  8975.80000000    0.05265302992
  8976.00000000    0.05557317842
  8976.20000000    0.05858663456
  8976.40000000    0.06229171184
  8976.60000000    0.06570462045
  8976.80000000    0.06981687038
  8977.00000000    0.07329007621
  8977.20000000    0.07707714707
  8977.40000000    0.08187662564
  8977.60000000    0.08766282238
  8977.80000000    0.09459879269
  8978.00000000    0.10331066936
  8978.20000000    0.11388004663
  8978.40000000    0.12602354085
  8978.60000000    0.14079868285
  8978.80000000    0.15918167535
  8979.00000000    0.18290063951
  8979.20000000    0.21195610774
  8979.40000000    0.24712675282
  8979.60000000    0.29029523247
  8979.80000000    0.34165428485
  8980.00000000    0.40072845369
  8980.20000000    0.46585497313
  8980.40000000    0.53360499318
  8980.60000000    0.59988089511
  8980.80000000    0.65842348077
  8981.00000000    0.70304702680
  8981.20000000    0.73041175894
  8981.40000000    0.73809567199
  8981.60000000    0.72633928920
  8981.80000000    0.69927143964
  8982.00000000    0.66061551012
  8982.20000000    0.61641014116
  8982.40000000    0.57190079188
  8982.60000000    0.53114534563
  8982.80000000    0.49709823322
  8983.00000000    0.47007851068
  8983.20000000    0.45121878077
  8983.40000000    0.43985178067
  8983.60000000    0.43501661478
  8983.80000000    0.43669158659
  8984.00000000    0.44293134516
  8984.20000000    0.45295229263
  8984.40000000    0.46588497753
  8984.60000000    0.48069529566
  8984.80000000    0.49507637888
  8985.00000000    0.50909624450
  8985.20000000    0.52208603246
  8985.40000000    0.53428080864
  8985.60000000    0.54531506256
  8985.80000000    0.55555723283
  8986.00000000    0.56518541574
  8986.20000000    0.57475586306
  8986.40000000    0.58521150081
  8986.60000000    0.59674852781
  8986.80000000    0.60984705891
  8987.00000000    0.62449365027
  8987.20000000    0.64104436152
  8987.40000000    0.65958185165
  8987.60000000    0.67997527692
  8987.80000000    0.70222091023
  8988.00000000    0.72645145858
  8988.20000000    0.75089434317
  8988.40000000    0.77619725992
  8988.60000000    0.80241318506
  8988.80000000    0.82914705853
  8989.00000000    0.85572136835
  8989.20000000    0.88202217526
  8989.40000000    0.90797094635
  8989.60000000    0.93327671077
  8989.80000000    0.95889863354
  8990.00000000    0.98459286352
  8990.20000000    1.00906427476
  8990.40000000    1.03203627194
  8990.60000000    1.05251268620
  8990.80000000    1.07053691015
  8991.00000000    1.08553259269
  8991.20000000    1.09835028398
  8991.40000000    1.10798529637
  8991.60000000    1.11473498957
  8991.80000000    1.11804351088
  8992.00000000    1.11922621821
  8992.20000000    1.11866752290
  8992.40000000    1.11711015882
  8992.60000000    1.11501866744
  8992.80000000    1.11209302668
  8993.00000000    1.10962277176
  8993.20000000    1.10788769235
  8993.40000000    1.10697137918
  8993.60000000    1.10763387002
  8993.80000000    1.10944629574
  8994.00000000    1.11445423625
  8994.20000000    1.12181699106
  8994.40000000    1.12961303524
  8994.60000000    1.13871102142
  8994.80000000    1.15215402928
  8995.00000000    1.16749689312
  8995.20000000    1.18453675856
  8995.40000000    1.20237382585
  8995.60000000    1.22057097326
  8995.80000000    1.23846027249
  8996.00000000    1.25488289860
  8996.20000000    1.26916639765
  8996.40000000    1.28132301532
  8996.60000000    1.29147068381
  8996.80000000    1.29885043000
  8997.00000000    1.30358604278
  8997.20000000    1.30493106102
  8997.40000000    1.30305319874
  8997.60000000    1.29790799827
  8997.80000000    1.28899657648
  8998.00000000    1.27723151115
  8998.20000000    1.26304034008
  8998.40000000    1.24693791895
  8998.60000000    1.22933288447
  8998.80000000    1.21065304065
  8999.00000000    1.19212003847
  8999.20000000    1.17385899787
  8999.40000000    1.15711898973
  8999.60000000    1.14182201354
  8999.80000000    1.12737228472
  9000.00000000    1.11111592657
  9000.20000000    1.09876081008
  9000.40000000    1.08928201542
  9000.60000000    1.08092067377
  9000.80000000    1.07376543389
  9001.00000000    1.06812164190
  9001.20000000    1.06422196775
  9001.40000000    1.06113014053
  9001.60000000    1.05861961291
  9001.80000000    1.05618617753
  9002.00000000    1.05390810088
  9002.20000000    1.05189612741
  9002.40000000    1.04991226267
  9002.60000000    1.04755266154
  9002.80000000    1.04497891515
  9003.00000000    1.04267606332
  9003.20000000    1.04037363360
  9003.40000000    1.03781260073
  9003.60000000    1.03390202408
  9003.80000000    1.03011832033
  9004.00000000    1.02653416552
  9004.20000000    1.02328559431
  9004.40000000    1.01962641180
  9004.60000000    1.01681234420
  9004.80000000    1.01359059340
  9005.00000000    1.01029924971
  9005.20000000    1.00692872934
  9005.40000000    1.00420925421
  9005.60000000    1.00158497163
  9005.80000000    0.99922492669
  9006.00000000    0.99702210169
  9006.20000000    0.99467061787
  9006.40000000    0.99276945418
  9006.60000000    0.99040683127
  9006.80000000    0.98832282093
  9007.00000000    0.98613940072
  9007.20000000    0.98434773333
  9007.40000000    0.98233260062
  9007.60000000    0.98046989511
  9007.80000000    0.97855915835
  9008.00000000    0.97694646703
  9008.20000000    0.97525512976
  9008.40000000    0.97329746632
  9008.60000000    0.97120205743
  9008.80000000    0.96978191721
  9009.00000000    0.96829537640
  9009.22786000    0.96734065707
  9009.48358100    0.96587161257
  9009.76716200    0.96543795174
  9010.07860400    0.96544983427
  9010.41790500    0.96664663650
  9010.78506700    0.96983029422
  9011.18009000    0.97554213385
  9011.60297300    0.98364864292
  9012.05371600    0.99518552214
  9012.53231900    1.01240640466
  9013.03878300    1.03684056429
  9013.57310700    1.06351583580
  9014.13529200    1.08276406172
  9014.72533700    1.10132326661
  9015.34324200    1.11789690875
  9015.98900800    1.12528038876
  9016.66263400    1.12227088970
  9017.36412000    1.11212014071
  9018.09346700    1.09404222486
  9018.85067400    1.06152765961
  9019.63574100    1.02887017553
  9020.44866900    0.99934522186
  9021.28945700    0.97121813236
  9022.15810600    0.94731313936
  9023.05461400    0.92797657896
  9023.97898300    0.91296192872
  9024.93121300    0.90459828717
  9025.91130300    0.90139194403
  9026.91925300    0.90247000152
  9027.95506400    0.90596845498
  9029.01873400    0.91105195914
  9030.11026600    0.91648131827
  9031.23272300    0.92292325702
  9032.36737300    0.93059579346
  9033.51421400    0.94063711744
  9034.67324800    0.95355049234
  9035.84447300    0.96940552991
  9037.02789000    0.98733822674
  9038.22349900    1.00434556111
  9039.43130000    1.01724268804
  9040.65129300    1.02281601167
  9041.88347800    1.02924132337
  9043.12785500    1.03430944879
  9044.38442300    1.03763370944
  9045.65318400    1.04063607080
  9046.93413600    1.04395663975
  9048.22728000    1.04758755431
  9049.53261700    1.05135643285
  9050.85014500    1.05432820017
  9052.17986500    1.05540538447
  9053.52177700    1.05434718913
  9054.87588100    1.05117583566
  9056.24217700    1.04623938989
  9057.62066400    1.03997563333
  9059.01134400    1.03316043106
  9060.41421500    1.02667268082
  9061.82927900    1.02100632752
  9063.25653400    1.01616043438
  9064.69598100    1.01239015461
  9066.14762000    1.00954307106
  9067.61145200    1.00834553278
  9069.08747500    1.00918873257
  9070.57568900    1.01111655482
  9072.07609600    1.01375748267
  9073.58869500    1.01675784116
  9075.11348500    1.01922300998
  9076.65046800    1.02007307767
  9078.19964200    1.01965024972
  9079.76100900    1.01807762925
  9081.33456700    1.01581748216
  9082.92031700    1.01390948299
  9084.51825900    1.01356767700
  9086.12839300    1.01453288622
  9087.75071900    1.01573770930
  9089.38523700    1.01754510585
  9091.03194600    1.01864462217
  9092.69084800    1.01812831124
  9094.36194200    1.01595981217
  9096.04522700    1.01234608151
  9097.74070400    1.00736895049
  9099.44837400    1.00108762110
  9101.16823500    0.99436845766
  9102.90028800    0.98702095192
  9104.64453300    0.98019045271
  9106.40097000    0.97463789609
  9108.16959800    0.97013763370
  9109.95041900    0.96754243828
  9111.74343200    0.96715189669
  9113.54863600    0.96791829073
  9115.36603200    0.96974294578
  9117.19562100    0.97195482793
  9119.03740100    0.97474197666
  9120.89137300    0.97771287846
  9122.75753700    0.98083061573
  9124.63589300    0.98461971223
  9126.52644100    0.98932250434
  9128.42918100    0.99448038810
  9130.34411200    0.99933021217
  9132.27123600    1.00415157353
  9134.21055200    1.00836314064
  9136.16205900    1.01107903250
  9138.12575800    1.01247768155
  9140.10164900    1.01344351694
  9142.08973300    1.01345828808
  9144.09000800    1.01303266107
  9146.10247500    1.01217388564
  9148.12713300    1.01070526015
  9150.16398400    1.00911108184
  9152.21302700    1.00766986900
  9154.27426100    1.00576300027
  9156.34768800    1.00368602157
  9158.43330600    1.00226664380
  9160.53111700    1.00025078316
  9162.64111900    0.99810542758
  9164.76331300    0.99604918048
  9166.89769900    0.99386645155
  9169.04427700    0.99150696640
  9171.20304700    0.99070274374
  9173.37400800    0.99021939128
  9175.55716200    0.98986100530
  9177.75250800    0.99074065416
  9179.96004500    0.99138807361
  9182.17977500    0.99204660394
  9184.41169600    0.99275620361
  9186.65580900    0.99318705333
  9188.91211400    0.99380184891
  9191.18061100    0.99504092176
  9193.46130000    0.99646343591
  9195.75418100    0.99761843667
  9198.05925400    0.99853308513
  9200.37651800    0.99963891897
  9202.70597500    1.00041602277
  9205.04762300    1.00097940345
  9207.40146400    1.00128805722
  9209.76749600    1.00114924343
  9212.14572000    1.00037713476
  9214.53613600    0.99873532251
  9216.93874400    0.99650544547
  9219.35354400    0.99352349925
  9221.78053600    0.98972397536
  9224.21972000    0.98614827582
  9226.67109600    0.98350317010
  9229.13466300    0.98192546478
  9231.61042300    0.98122611358
  9234.09837400    0.98136462125
  9236.59851700    0.98260982367
  9239.11085200    0.98474791161
  9241.63538000    0.98724588180
  9244.17209900    0.98946451442
  9246.72100900    0.99131218304
  9249.28211200    0.99308991888
  9251.85540700    0.99498721220
  9254.44089400    0.99657220756
  9257.03857200    0.99827052009
  9259.64844300    1.00025884761
  9262.27050500    1.00225467463
  9264.90475900    1.00390652824
  9267.55120500    1.00518132492
  9270.20984400    1.00573663699
  9272.88067400    1.00613276694
  9275.56369600    1.00602302159
  9278.25890900    1.00543314012
  9280.96631500    1.00434599313
  9283.68591300    1.00327528200
  9286.41770200    1.00130141467
  9289.16168400    0.99946198829
  9291.91785700    0.99774625735
  9294.68622200    0.99622519556
  9297.46678000    0.99535737958
  9300.25952900    0.99531414446
  9303.06447000    0.99533879890
  9305.88160200    0.99561704571
  9308.71092700    0.99703551817
  9311.55244400    0.99792520773
  9314.40615300    0.99862088573
  9317.27205300    0.99973897553
  9320.15014600    1.00041228782
  9323.04043000    1.00102403922
  9325.94290600    1.00179930782
  9328.85757400    1.00279199559
  9331.78443500    1.00377115206
  9334.72348700    1.00397659771
  9337.67473000    1.00431197743
  9340.63816600    1.00450852820
  9343.61379400    1.00375441487
  9346.60161400    1.00258962700
  9349.60162500    1.00174662494
  9352.61382900    1.00140733286
  9355.63822400    1.00097633727
  9358.67481100    1.00055329877
  9361.72359000    0.99978504877
  9364.78456100    0.99913355995
  9367.85772400    0.99887072632
  9370.94307900    0.99808352556
  9374.04062600    0.99783716092
  9377.15036500    0.99780240987
  9380.27229500    0.99834433229
  9383.40641800    0.99909882329
  9386.55273200    0.99976407616
  9389.71123900    1.00052917156
  9392.88193700    1.00166785022
  9396.06482700    1.00281972632
  9399.25990900    1.00356531412
  9402.46718300    1.00392597418
  9405.68664900    1.00476642735
  9408.91830700    1.00554845024
  9412.16215700    1.00618318468
  9415.41819800    1.00637572332
  9418.68643200    1.00648310708
  9421.96685700    1.00672608068
  9425.25947400    1.00647909088
  9428.56428400    1.00626289540
  9431.88128500    1.00571176614
  9435.21047800    1.00504776628
  9438.55186300    1.00443066508
  9441.90544000    1.00404285825
  9445.27120900    1.00268190023
  9448.64916900    1.00200207644
  9452.03932200    1.00178964964
  9455.44166600    1.00191767336
  9458.85620300    1.00226291989
  9462.28293100    1.00246151060
  9465.72185100    1.00303099140
  9469.17296400    1.00353054055
  9472.63626800    1.00428842944
  9476.11176400    1.00480553352
  9479.59945100    1.00488142164
  9483.09933100    1.00477860081
  9486.61140300    1.00449549921
  9490.13566600    1.00447911300
  9493.67212200    1.00454470931
  9497.22076900    1.00455734337
  9500.78160900    1.00471136841
  9504.35464000    1.00487157258
  9507.93986300    1.00472277853
  9511.53727800    1.00360373370
  9515.14688500    1.00193933400
  9518.76868400    1.00069009571
  9522.40267500    0.99865541870
  9526.04885700    0.99685784873
  9529.70723200    0.99596133783
  9533.37779900    0.99569809833
  9537.06055700    0.99551549519
  9540.75550700    0.99518034591
  9544.46265000    0.99564731064
  9548.18198400    0.99636721876
  9551.91351000    0.99668787086
  9555.65722800    0.99713532857
  9559.41313800    0.99713060481
  9563.18123900    0.99689441901
  9566.96153300    0.99658891979
  9570.75401900    0.99651069998
  9574.55869600    0.99623757907
  9578.37556500    0.99565937620
  9582.20462700    0.99587851212
  9586.04588000    0.99622310573
  9589.89932500    0.99669106432
  9593.76496200    0.99758830741
  9597.64279100    0.99880173776
  9601.53281200    1.00004122889
  9605.43502500    1.00071876465
  9609.34942900    1.00082454785
  9613.27602600    1.00100872050
  9617.21481400    1.00079295830
  9621.16579500    1.00046216521
  9625.12896700    1.00087095137
  9629.10433100    1.00101842088
  9633.09188800    1.00101112707
  9637.09163600    1.00085739993
  9641.10357500    1.00059911248
  9645.12770700    1.00000047804
  9649.16403100    0.99990228460
  9653.21254700    1.00016193217
  9657.27325400    1.00074810414
  9661.34615400    1.00179080800
  9665.43124500    1.00234935518
  9669.52852900    1.00320651708
  9673.63800400    1.00337289838
  9677.75967100    1.00267265017
  9681.89353000    1.00217101553
  9686.03958100    1.00206645406
  9690.19782400    1.00153064799
  9694.36825800    1.00085977089
  9698.55088500    1.00051717866
  9702.74570400    1.00002704013
  9706.95271400    0.99954418919
  9711.17191600    0.99921920338
  9715.40331100    0.99939647028
  9719.64689700    0.99974048263
  9723.90267500    1.00017076686
  9728.17064500    1.00075061395
  9732.45080700    1.00108224196
  9736.74316100    1.00128858944
  9741.04770700    1.00121201485
  9745.36444400    1.00130744295
  9749.69337400    1.00079137896
  9754.03449500    0.99931054484
  9758.38780900    0.99844756423
  9762.75331400    0.99716900363
  9767.13101100    0.99616968752
  9771.52090000    0.99540863974
  9775.92298100    0.99521759220
  9780.33725400    0.99576403379
  9784.76371900    0.99626987567
  9789.20237600    0.99710228773
  9793.65322400    0.99757052274
  9798.11626500    0.99808782383
  9802.59149700    0.99895404683
  9807.07892200    0.99927535272
  9811.57853800    0.99954515796
  9816.09034600    0.99975773617
  9820.61434600    1.00071187090
  9825.15053800    1.00130666320
  9829.69892200    1.00103009017
  9834.25949800    1.00099590457
  9838.83226600    1.00090854159
  9843.41722600    0.99965544294
  9848.01437700    0.99861342348
  9852.62372100    0.99807475515
  9857.24525600    0.99725410278
  9861.87898300    0.99704514507
  9866.52490200    0.99634551369
  9871.18301300    0.99590782752
  9875.85331600    0.99597252775
  9880.53581100    0.99600166523
  9885.23049800    0.99611139252
  9889.93737700    0.99684115756
  9894.65644800    0.99758837206
  9899.38771000    0.99890796102
  9904.13116500    1.00034564795
  9908.88681100    1.00270583730
  9913.65464900    1.00525742982
  9918.43467900    1.00719640466
  9923.22690100    1.00911717657
  9928.03131500    1.01067072116
  9932.84792100    1.01147342613
  9937.67671900    1.01118482583
