#---------------------------------
#  energy flat
  10182.0000000    0.00266955125
  10187.0000000    0.00310255681
  10192.0000000    0.00396523190
  10197.0000000    0.00400955428
  10202.0000000    0.00291690676
  10207.0000000    0.00144049898
  10212.0000000    0.00093917656
  10217.0000000    0.00053104651
  10222.0000000   -0.00019066329
  10227.0000000    0.00053623027
  10232.0000000    0.00151236193
  10237.0000000    0.00069036156
  10242.0000000    0.00074876582
  10247.0000000    0.00062673866
  10252.0000000   -0.00120789878
  10257.0000000   -0.00018975041
  10262.0000000   -0.00027262304
  10267.0000000   -0.00018937510
  10272.0000000    0.00051404864
  10277.0000000   -0.00042415598
  10282.0000000   -0.00209255837
  10287.0000000   -0.00332327715
  10292.0000000   -0.00148528774
  10297.0000000   -0.00083097890
  10302.0000000    0.00007600263
  10307.0000000    0.00096729946
  10312.0000000    0.00202311403
  10317.0000000    0.00251164577
  10322.0000000    0.00366763642
  10327.0000000    0.00511350803
  10332.0000000    0.00596175776
  10337.0000000    0.00708523412
  10341.0000000    0.00892665495
  10344.0000000    0.01045987373
  10346.0000000    0.01244794597
  10347.0000000    0.01271928323
  10347.2000000    0.01264358509
  10347.4000000    0.01161524106
  10347.6000000    0.01276581264
  10347.8000000    0.01374305097
  10348.0000000    0.01378046595
  10348.2000000    0.01446862474
  10348.4000000    0.01513079499
  10348.6000000    0.01626007200
  10348.8000000    0.01715075820
  10349.0000000    0.01822794365
  10349.2000000    0.01870647684
  10349.4000000    0.01825274280
  10349.6000000    0.01832141271
  10349.8000000    0.01888489521
  10350.0000000    0.01938861553
  10350.2000000    0.01975518048
  10350.4000000    0.01975813488
  10350.6000000    0.01967442266
  10350.8000000    0.01865684039
  10351.0000000    0.01738074660
  10351.2000000    0.01713446291
  10351.4000000    0.01773183355
  10351.6000000    0.01938225515
  10351.8000000    0.01912120264
  10352.0000000    0.01880851652
  10352.2000000    0.01973457920
  10352.4000000    0.02108355666
  10352.6000000    0.02160536591
  10352.8000000    0.02216770355
  10353.0000000    0.02311998373
  10353.2000000    0.02414530659
  10353.4000000    0.02469814181
  10353.6000000    0.02595301100
  10353.8000000    0.02682389096
  10354.0000000    0.02764050411
  10354.2000000    0.02793734651
  10354.4000000    0.02821438267
  10354.6000000    0.02825019482
  10354.8000000    0.02857588793
  10355.0000000    0.02867363752
  10355.2000000    0.02922475544
  10355.4000000    0.02982762145
  10355.6000000    0.03063232796
  10355.8000000    0.03174088283
  10356.0000000    0.03212370493
  10356.2000000    0.03239432981
  10356.4000000    0.03264594987
  10356.6000000    0.03284284516
  10356.8000000    0.03296166035
  10357.0000000    0.03326869209
  10357.2000000    0.03282400252
  10357.4000000    0.03323704917
  10357.6000000    0.03340978772
  10357.8000000    0.03220250058
  10358.0000000    0.03303388254
  10358.2000000    0.03459466086
  10358.4000000    0.03574443103
  10358.6000000    0.03704555295
  10358.8000000    0.03760834853
  10359.0000000    0.03803696541
  10359.2000000    0.04005809575
  10359.4000000    0.04151205775
  10359.6000000    0.04264156373
  10359.8000000    0.04271298133
  10360.0000000    0.04212014564
  10360.2000000    0.04252025527
  10360.4000000    0.04338850203
  10360.6000000    0.04474892819
  10360.8000000    0.04578283757
  10361.0000000    0.04781301238
  10361.2000000    0.04949903942
  10361.4000000    0.05133000694
  10361.6000000    0.05309285473
  10361.8000000    0.05404101338
  10362.0000000    0.05541025503
  10362.2000000    0.05652476322
  10362.4000000    0.05730989246
  10362.6000000    0.05976011989
  10362.8000000    0.06200243902
  10363.0000000    0.06592256439
  10363.2000000    0.06915095961
  10363.4000000    0.07031343783
  10363.6000000    0.07164031931
  10363.8000000    0.07456612553
  10364.0000000    0.07774220022
  10364.2000000    0.08241988573
  10364.4000000    0.08531180381
  10364.6000000    0.08897605085
  10364.8000000    0.09219952313
  10365.0000000    0.09537296462
  10365.2000000    0.09969986212
  10365.4000000    0.10438109673
  10365.6000000    0.10935782215
  10365.8000000    0.11479295332
  10366.0000000    0.11980757392
  10366.2000000    0.12419251631
  10366.4000000    0.12909459624
  10366.6000000    0.13428941931
  10366.8000000    0.13990589780
  10367.0000000    0.14628749258
  10367.2000000    0.15567940721
  10367.4000000    0.16831794274
  10367.6000000    0.18103730605
  10367.8000000    0.19374338889
  10368.0000000    0.20648267293
  10368.2000000    0.21888376253
  10368.4000000    0.23394232320
  10368.6000000    0.25168342757
  10368.8000000    0.27297912275
  10369.0000000    0.29870534837
  10369.2000000    0.32681381844
  10369.4000000    0.35664886618
  10369.6000000    0.38979304471
  10369.8000000    0.42548513030
  10370.0000000    0.46439578749
  10370.2000000    0.50655478289
  10370.4000000    0.55193589900
  10370.6000000    0.59855003954
  10370.8000000    0.64999804806
  10371.0000000    0.70553976643
  10371.2000000    0.76657765977
  10371.4000000    0.83203108577
  10371.6000000    0.90687473134
  10371.8000000    0.98707087078
  10372.0000000    1.06247000703
  10372.2000000    1.12149979928
  10372.4000000    1.21057600445
  10372.6000000    1.30175991435
  10372.8000000    1.39341780022
  10373.0000000    1.48212532030
  10373.2000000    1.56824218182
  10373.4000000    1.65083050727
  10373.6000000    1.72365075736
  10373.8000000    1.78861990122
  10374.0000000    1.84550598772
  10374.2000000    1.89519491647
  10374.4000000    1.93737436664
  10374.6000000    1.97434003013
  10374.8000000    2.00518036128
  10375.0000000    2.02908914257
  10375.2000000    2.04893908010
  10375.4000000    2.06487396901
  10375.6000000    2.07673490104
  10375.8000000    2.08601524342
  10376.0000000    2.09469310121
  10376.2000000    2.10168771715
  10376.4000000    2.10649351646
  10376.6000000    2.10988420144
  10376.8000000    2.11189755243
  10377.0000000    2.11072833869
  10377.2000000    2.10627123181
  10377.4000000    2.09853218450
  10377.6000000    2.08627565339
  10377.8000000    2.07223787598
  10378.0000000    2.05452386382
  10378.2000000    2.03287556293
  10378.4000000    2.00724053782
  10378.6000000    1.97802521673
  10378.8000000    1.94627349118
  10379.0000000    1.91058861995
  10379.2000000    1.87399397397
  10379.4000000    1.83388749338
  10379.6000000    1.79508907817
  10379.8000000    1.75940922478
  10380.0000000    1.72291805352
  10380.2000000    1.68564922321
  10380.4000000    1.64580116664
  10380.6000000    1.60364796531
  10380.8000000    1.56196913277
  10381.0000000    1.52239335999
  10381.2000000    1.48340209157
  10381.4000000    1.44395418272
  10381.6000000    1.40530990546
  10381.8000000    1.36788851045
  10382.0000000    1.33102963648
  10382.2000000    1.29613758017
  10382.4000000    1.26427569569
  10382.6000000    1.23316546341
  10382.8000000    1.20367423605
  10383.0000000    1.17544733244
  10383.2000000    1.14924402980
  10383.4000000    1.12543412026
  10383.6000000    1.10373642371
  10383.8000000    1.08525047222
  10384.0000000    1.06810829621
  10384.2000000    1.05208687479
  10384.4000000    1.03883230079
  10384.6000000    1.02586341264
  10384.8000000    1.01677349726
  10385.0000000    1.00798781364
  10385.2000000    0.99860695200
  10385.4000000    0.99079563098
  10385.6000000    0.98396309760
  10385.8000000    0.97869094499
  10386.0000000    0.97342718774
  10386.2000000    0.97225809363
  10386.4000000    0.97320876213
  10386.6000000    0.97374788653
  10386.8000000    0.97268045157
  10387.0000000    0.97240427147
  10387.2000000    0.97162381142
  10387.4000000    0.97153385678
  10387.6000000    0.97246962493
  10387.8000000    0.97443019952
  10388.0000000    0.97685436510
  10388.2000000    0.98024311607
  10388.4000000    0.98369910335
  10388.6000000    0.98817050733
  10388.8000000    0.99305627114
  10389.0000000    0.99704162616
  10389.2000000    1.00152972401
  10389.4000000    1.00509565968
  10389.6000000    1.00998887240
  10389.8000000    1.01581552644
  10390.0000000    1.02080977474
  10390.2000000    1.02522257234
  10390.4000000    1.02950453921
  10390.6000000    1.03525139426
  10390.8000000    1.04165623281
  10391.0000000    1.04776079885
  10391.2000000    1.05222513648
  10391.4000000    1.05743332172
  10391.6000000    1.06396465784
  10391.8000000    1.06985454855
  10392.0000000    1.07341362391
  10392.2000000    1.07613845685
  10392.4000000    1.07782983966
  10392.6000000    1.07952136005
  10392.8000000    1.08125629377
  10393.0000000    1.08281574118
  10393.2000000    1.08487609072
  10393.4000000    1.08769219009
  10393.6000000    1.08856764201
  10393.8000000    1.08783629013
  10394.0000000    1.08763033890
  10394.2000000    1.08663959920
  10394.4000000    1.08629080705
  10394.6000000    1.08726607503
  10394.8000000    1.08831841114
  10395.0000000    1.08842178272
  10395.2000000    1.08896628989
  10395.4000000    1.08834865703
  10395.6000000    1.08631976004
  10395.8000000    1.08301858562
  10396.0000000    1.07939102466
  10396.2000000    1.07514536377
  10396.4000000    1.07159545480
  10396.6000000    1.06778578937
  10396.8000000    1.06211675523
  10397.0000000    1.05440448591
  10397.2278600    1.04473622090
  10397.4835810    1.03555630266
  10397.7671620    1.02811821961
  10398.0786040    1.01802166446
  10398.4179050    1.00337913096
  10398.7850670    0.98312515102
  10399.1800900    0.96366136278
  10399.6029730    0.94634949489
  10400.0537160    0.92742664111
  10400.5323190    0.90711178290
  10401.0387830    0.88930903700
  10401.5731070    0.87199281966
  10402.1352920    0.85447707032
  10402.7253370    0.84103717091
  10403.3432420    0.83214184019
  10403.9890080    0.82883248788
  10404.6626340    0.83023931351
  10405.3641200    0.83405321353
  10406.0934670    0.84282897385
  10406.8506740    0.84996589305
  10407.6357410    0.86026733981
  10408.4486690    0.86950918295
  10409.2894570    0.88184250163
  10410.1581060    0.89811178455
  10411.0546140    0.91828023330
  10411.9789830    0.94653494646
  10412.9312130    0.96911813921
  10413.9113030    0.99604343674
  10414.9192530    1.02744288820
  10415.9550640    1.05803424637
  10417.0187340    1.08483396343
  10418.1102660    1.10711961812
  10419.2327230    1.12329603878
  10420.3673730    1.13804379841
  10421.5142140    1.15108494891
  10422.6732480    1.15932400985
  10423.8444730    1.16553205177
  10425.0278900    1.17097165863
  10426.2234990    1.17357087080
  10427.4313000    1.17322575976
  10428.6512930    1.17099512717
  10429.8834780    1.16628114874
  10431.1278550    1.16017926249
  10432.3844230    1.15154852061
  10433.6531840    1.14358381839
  10434.9341360    1.13348941598
  10436.2272800    1.12103613489
  10437.5326170    1.11007648485
  10438.8501450    1.09942921980
  10440.1798650    1.08805115755
  10441.5217770    1.07732166129
  10442.8758810    1.06872496327
  10444.2421770    1.06155493061
  10445.6206640    1.05425319044
  10447.0113440    1.04642294681
  10448.4142150    1.03924137758
  10449.8292790    1.03119245963
  10451.2565340    1.02444596936
  10452.6959810    1.01892223559
  10454.1476200    1.01246433619
  10455.6114520    1.00562525118
  10457.0874750    0.99994552859
  10458.5756890    0.99538098196
  10460.0760960    0.99181048321
  10461.5886950    0.98883264374
  10463.1134850    0.98606324494
  10464.6504680    0.98291152567
  10466.1996420    0.97971773694
  10467.7610090    0.97763566365
  10469.3345670    0.97698105041
  10470.9203170    0.97686202467
  10472.5182590    0.97680046805
  10474.1283930    0.97700930198
  10475.7507190    0.97835653832
  10477.3852370    0.97985870226
  10479.0319460    0.98154438146
  10480.6908480    0.98286949052
  10482.3619420    0.98283909531
  10484.0452270    0.98173455799
  10485.7407040    0.97959360464
  10487.4483740    0.97825849990
  10489.1682350    0.97882390923
  10490.9002880    0.98054101891
  10492.6445330    0.98256049290
  10494.4009700    0.98599254829
  10496.1695980    0.98961781833
  10497.9504190    0.99415793787
  10499.7434320    0.99903580099
  10501.5486360    1.00576505681
  10503.3660320    1.01384735225
  10505.1956210    1.01994550973
  10507.0374010    1.02371274949
  10508.8913730    1.02702722060
  10510.7575370    1.02854998412
  10512.6358930    1.02911574405
  10514.5264410    1.02908796958
  10516.4291810    1.02949689539
  10518.3441120    1.03021895149
  10520.2712360    1.02926625147
  10522.2105520    1.02586858926
  10524.1620590    1.02184086710
  10526.1257580    1.01694476850
  10528.1016490    1.01027130661
  10530.0897330    1.00271167860
  10532.0900080    0.99517814377
  10534.1024750    0.98776139170
  10536.1271330    0.98031191289
  10538.1639840    0.97355646990
  10540.2130270    0.96746002468
  10542.2742610    0.96182633377
  10544.3476880    0.95797197229
  10546.4333060    0.95697812697
  10548.5311170    0.95841634666
  10550.6411190    0.95974085483
  10552.7633130    0.95972956096
  10554.8976990    0.95982951605
  10557.0442770    0.96195647198
  10559.2030470    0.96464674596
  10561.3740080    0.96749817055
  10563.5571620    0.97172947240
  10565.7525080    0.97644456931
  10567.9600450    0.98080781918
  10570.1797750    0.98344914252
  10572.4116960    0.98560921499
  10574.6558090    0.98705754256
  10576.9121140    0.98853836466
  10579.1806110    0.99014058805
  10581.4613000    0.99040684897
  10583.7541810    0.99059998407
  10586.0592540    0.99074727713
  10588.3765180    0.98942751394
  10590.7059750    0.98805302000
  10593.0476230    0.98691666079
  10595.4014640    0.98460955447
  10597.7674960    0.98184059218
  10600.1457200    0.97819324568
  10602.5361360    0.97508070758
  10604.9387440    0.97296454515
  10607.3535440    0.97205467274
  10609.7805360    0.97177332443
  10612.2197200    0.97345694558
  10614.6710960    0.97543783362
  10617.1346630    0.97724489373
  10619.6104230    0.97985848416
  10622.0983740    0.98188724371
  10624.5985170    0.98385058587
  10627.1108520    0.98666403875
  10629.6353800    0.98974631712
  10632.1720990    0.99239064932
  10634.7210090    0.99460464997
  10637.2821120    0.99703178272
  10639.8554070    0.99797744947
  10642.4408940    0.99773018405
  10645.0385720    0.99776505266
  10647.6484430    0.99749039065
  10650.2705050    0.99687207642
  10652.9047590    0.99765922461
  10655.5512050    0.99791606254
  10658.2098440    0.99697577993
  10660.8806740    0.99506272350
  10663.5636960    0.99347007781
  10666.2589090    0.98989337998
  10668.9663150    0.98623303136
  10671.6859130    0.98452108435
  10674.4177020    0.98235183745
  10677.1616840    0.97917334961
  10679.9178570    0.97857626707
  10682.6862220    0.97917195750
  10685.4667800    0.97970343818
  10688.2595290    0.97970299028
  10691.0644700    0.97991965021
  10693.8816020    0.98213763624
  10696.7109270    0.98606252953
  10699.5524440    0.98794193873
  10702.4061530    0.98865445878
  10705.2720530    0.98987504617
  10708.1501460    0.99272933748
  10711.0404300    0.99653910467
  10713.9429060    0.99951398227
  10716.8575740    1.00129170557
  10719.7844350    1.00391697309
  10722.7234870    1.00715618481
  10725.6747300    1.01048768102
  10728.6381660    1.01289520793
  10731.6137940    1.01385960623
  10734.6016140    1.01416960522
  10737.6016250    1.01408087482
  10740.6138290    1.01310468002
  10743.6382240    1.01172679151
  10746.6748110    1.00963751476
  10749.7235900    1.00838298007
  10752.7845610    1.00667094905
  10755.8577240    1.00505447511
  10758.9430790    1.00515774362
  10762.0406260    1.00571322023
  10765.1503650    1.00619844354
  10768.2722950    1.00718521119
  10771.4064180    1.00671629523
  10774.5527320    1.00648567924
  10777.7112390    1.00768680131
  10780.8819370    1.00820190210
  10784.0648270    1.00890727703
  10787.2599090    1.00960830401
  10790.4671830    1.01177682638
  10793.6866490    1.01279154373
  10796.9183070    1.01424839068
  10800.1621570    1.01592180851
  10803.4181980    1.01705707429
  10806.6864320    1.01730062089
  10809.9668570    1.01749663961
  10813.2594740    1.01749556880
  10816.5642840    1.01707823400
  10819.8812850    1.01742128211
  10823.2104780    1.01652937899
  10826.5518630    1.01485514677
  10829.9054400    1.01180250339
  10833.2712090    1.00937559057
  10836.6491690    1.00898023831
  10840.0393220    1.00953447126
  10843.4416660    1.01046028418
  10846.8562030    1.01041054450
  10850.2829310    1.01020650196
  10853.7218510    1.01027098855
  10857.1729640    1.01056499441
  10860.6362680    1.01050936034
  10864.1117640    1.01031992216
  10867.5994510    1.00979990515
  10871.0993310    1.00898677327
  10874.6114030    1.00864361026
  10878.1356660    1.00913737517
  10881.6721220    1.00904811470
  10885.2207690    1.00935254792
  10888.7816090    1.01099716927
  10892.3546400    1.01156805586
  10895.9398630    1.01097537089
  10899.5372780    1.01143642169
  10903.1468850    1.01216598400
  10906.7686840    1.01102972266
  10910.4026750    1.00941492521
  10914.0488570    1.00793105972
  10917.7072320    1.00462446343
  10921.3777990    1.00280169780
  10925.0605570    1.00084753612
  10928.7555070    0.99882192963
  10932.4626500    0.99922569778
  10936.1819840    0.99790683227
  10939.9135100    0.99840433480
  10943.6572280    0.99972009785
  10947.4131380    0.99892783307
  10951.1812390    1.00051749727
  10954.9615330    1.00146023918
  10958.7540190    1.00144330756
  10962.5586960    1.00271388988
  10966.3755650    1.00133253773
  10970.2046270    0.99981413036
  10974.0458800    0.99955639756
  10977.8993250    0.99873885164
  10981.7649620    0.99863674587
  10985.6427910    0.99537000000
  10989.5328120    0.99460286740
  10993.4350250    0.99693562933
  10997.3494290    0.99587863581
  11001.2760260    0.99327575580
  11005.2148140    0.99466697468
  11009.1657950    0.99801577506
  11013.1289670    0.99740752941
  11017.1043310    0.99769008711
  11021.0918880    0.99998911693
  11025.0916360    1.00053507729
  11029.1035750    1.00010609592
  11033.1277070    1.00009328390
  11037.1640310    0.99895622359
  11041.2125470    0.99746830068
  11045.2732540    0.99811564997
  11049.3461540    0.99842668495
  11053.4312450    0.99837803644
  11057.5285290    0.99900398771
  11061.6380040    0.99872351220
  11065.7596710    0.99814116369
  11069.8935300    0.99713957003
  11074.0395810    0.99707804034
  11078.1978240    0.99828965227
  11082.3682580    0.99659764485
  11086.5508850    0.99663116344
  11090.7457040    0.99840487715
  11094.9527140    0.99775288234
  11099.1719160    0.99601086306
  11103.4033110    0.99382074654
  11107.6468970    0.99066451670
  11111.9026750    0.98992705050
  11116.1706450    0.98897491320
  11120.4508070    0.98779142144
  11124.7431610    0.98994886770
  11129.0477070    0.99010998064
  11133.3644440    0.99330180540
  11137.6933740    0.99651192283
  11142.0344950    0.99894328280
  11146.3878090    1.00006997988
  11150.7533140    0.99969404769
  11155.1310110    0.99773548369
  11159.5209000    0.99596718960
  11163.9229810    0.99728408677
  11168.3372540    0.99454567667
  11172.7637190    0.99399205811
  11177.2023760    0.99624184233
  11181.6532240    0.99437907775
  11186.1162650    0.99324704586
  11190.5914970    0.99528875278
  11195.0789220    0.99460253020
  11199.5785380    0.99406196582
  11204.0903460    0.99558977232
  11208.6143460    0.99573241427
  11213.1505380    0.99562917403
  11217.6989220    0.99508356077
  11222.2594980    0.99628276314
  11226.8322660    0.99678967573
  11231.4172260    0.99762796854
  11236.0143770    0.99889014080
  11240.6237210    0.99901693695
  11245.2452560    0.99875562760
  11249.8789830    0.99736155468
  11254.5249020    0.99636315504
  11259.1830130    0.99867651853
  11263.8533160    0.99928363319
  11268.5358110    1.00088046227
  11273.2304980    1.00254411164
  11277.9373770    1.00301540108
  11282.6564480    1.00329794796
  11287.3877100    1.00345757285
  11292.1311650    1.00387730197
  11296.8868110    1.00414891449
  11301.6546490    1.00669782070
  11306.4346790    1.01023899515
  11311.2269010    1.01314861664
  11316.0313150    1.01218090026
  11320.8479210    1.01435024139
  11325.6767190    1.01724701787
