#---------------------------------
#  energy flat
  10182.0000000    0.00658897709
  10187.0000000    0.00559159514
  10192.0000000    0.00499237304
  10197.0000000    0.00428624488
  10202.0000000    0.00368976061
  10207.0000000    0.00310527068
  10212.0000000    0.00255167920
  10217.0000000    0.00205180148
  10222.0000000    0.00152989070
  10227.0000000    0.00091828313
  10232.0000000    0.00063039229
  10237.0000000    0.00033363606
  10242.0000000    0.00004066066
  10247.0000000   -0.00051658127
  10252.0000000   -0.00070929965
  10257.0000000   -0.00086955511
  10262.0000000   -0.00105718894
  10267.0000000   -0.00100271970
  10272.0000000   -0.00071123192
  10277.0000000   -0.00051569884
  10282.0000000   -0.00039174067
  10287.0000000   -0.00023610180
  10292.0000000    2.58482076e-6
  10297.0000000   -0.00006275893
  10302.0000000   -0.00004375120
  10307.0000000    0.00025986129
  10312.0000000    0.00081731044
  10317.0000000    0.00158400863
  10322.0000000    0.00234914233
  10327.0000000    0.00354242171
  10332.0000000    0.00435279492
  10337.0000000    0.00557384380
  10341.0000000    0.00692850451
  10344.0000000    0.00847192493
  10346.0000000    0.00975105810
  10347.0000000    0.01072757429
  10347.2000000    0.01133584776
  10347.4000000    0.01155821648
  10347.6000000    0.01164995122
  10347.8000000    0.01204715044
  10348.0000000    0.01230967411
  10348.2000000    0.01256411465
  10348.4000000    0.01269861181
  10348.6000000    0.01268709096
  10348.8000000    0.01282237037
  10349.0000000    0.01312609198
  10349.2000000    0.01347049004
  10349.4000000    0.01400888346
  10349.6000000    0.01430373969
  10349.8000000    0.01470237301
  10350.0000000    0.01488693350
  10350.2000000    0.01509404855
  10350.4000000    0.01536869693
  10350.6000000    0.01556525175
  10350.8000000    0.01580952317
  10351.0000000    0.01610151119
  10351.2000000    0.01644017283
  10351.4000000    0.01672564219
  10351.6000000    0.01702884231
  10351.8000000    0.01739488233
  10352.0000000    0.01762403045
  10352.2000000    0.01796790702
  10352.4000000    0.01834281241
  10352.6000000    0.01868030069
  10352.8000000    0.01894373698
  10353.0000000    0.01914081329
  10353.2000000    0.01960254725
  10353.4000000    0.01985177286
  10353.6000000    0.02010621339
  10353.8000000    0.02041723590
  10354.0000000    0.02079540063
  10354.2000000    0.02115635609
  10354.4000000    0.02170387563
  10354.6000000    0.02205687833
  10354.8000000    0.02276058500
  10355.0000000    0.02298164998
  10355.2000000    0.02339501548
  10355.4000000    0.02403536076
  10355.6000000    0.02435563977
  10355.8000000    0.02485205302
  10356.0000000    0.02534064386
  10356.2000000    0.02585165891
  10356.4000000    0.02640960831
  10356.6000000    0.02691723365
  10356.8000000    0.02749408717
  10357.0000000    0.02811891804
  10357.2000000    0.02889485148
  10357.4000000    0.02940273756
  10357.6000000    0.03002952403
  10357.8000000    0.03064731474
  10358.0000000    0.03129769877
  10358.2000000    0.03192657120
  10358.4000000    0.03271084853
  10358.6000000    0.03341703229
  10358.8000000    0.03417015041
  10359.0000000    0.03468429441
  10359.2000000    0.03561328602
  10359.4000000    0.03655427196
  10359.6000000    0.03754923242
  10359.8000000    0.03865266340
  10360.0000000    0.03955766634
  10360.2000000    0.04053176708
  10360.4000000    0.04148161840
  10360.6000000    0.04263772017
  10360.8000000    0.04384701421
  10361.0000000    0.04520037067
  10361.2000000    0.04649857925
  10361.4000000    0.04784359182
  10361.6000000    0.04936630310
  10361.8000000    0.05071066381
  10362.0000000    0.05226388242
  10362.2000000    0.05394147709
  10362.4000000    0.05559990690
  10362.6000000    0.05747306141
  10362.8000000    0.05935768876
  10363.0000000    0.06138950749
  10363.2000000    0.06329082262
  10363.4000000    0.06556083323
  10363.6000000    0.06774844796
  10363.8000000    0.07022757723
  10364.0000000    0.07284516286
  10364.2000000    0.07544684296
  10364.4000000    0.07816038329
  10364.6000000    0.08125330971
  10364.8000000    0.08459642235
  10365.0000000    0.08800511272
  10365.2000000    0.09158289716
  10365.4000000    0.09546588533
  10365.6000000    0.09947311918
  10365.8000000    0.10411800849
  10366.0000000    0.10912950730
  10366.2000000    0.11446015977
  10366.4000000    0.12022534621
  10366.6000000    0.12673652825
  10366.8000000    0.13366568685
  10367.0000000    0.14142219394
  10367.2000000    0.14984373487
  10367.4000000    0.15923055916
  10367.6000000    0.17031588584
  10367.8000000    0.18253011429
  10368.0000000    0.19644688670
  10368.2000000    0.21248926420
  10368.4000000    0.23060848719
  10368.6000000    0.25069373843
  10368.8000000    0.27320406205
  10369.0000000    0.29804024404
  10369.2000000    0.32581647265
  10369.4000000    0.35691252509
  10369.6000000    0.39064315969
  10369.8000000    0.42751761427
  10370.0000000    0.46741607584
  10370.2000000    0.51069328994
  10370.4000000    0.55736750883
  10370.6000000    0.60788695565
  10370.8000000    0.66279593863
  10371.0000000    0.72185496215
  10371.2000000    0.78598081073
  10371.4000000    0.85710731045
  10371.6000000    0.94050088779
  10371.8000000    1.02893873562
  10372.0000000    1.09693823351
  10372.2000000    1.17746425172
  10372.4000000    1.27607564390
  10372.6000000    1.37413999002
  10372.8000000    1.47137288281
  10373.0000000    1.56682577379
  10373.2000000    1.65796238156
  10373.4000000    1.73946243502
  10373.6000000    1.81238899701
  10373.8000000    1.87695874737
  10374.0000000    1.93326920476
  10374.2000000    1.98133575271
  10374.4000000    2.02166215308
  10374.6000000    2.05596203083
  10374.8000000    2.08468439097
  10375.0000000    2.10889646826
  10375.2000000    2.12990408052
  10375.4000000    2.14855804287
  10375.6000000    2.16558766266
  10375.8000000    2.18028657718
  10376.0000000    2.19255387733
  10376.2000000    2.20238956237
  10376.4000000    2.20944188505
  10376.6000000    2.21322090220
  10376.8000000    2.21292325351
  10377.0000000    2.20811166688
  10377.2000000    2.19906018620
  10377.4000000    2.18545930489
  10377.6000000    2.16703993222
  10377.8000000    2.14514074007
  10378.0000000    2.11873647280
  10378.2000000    2.08818070211
  10378.4000000    2.05426036044
  10378.6000000    2.01821008180
  10378.8000000    1.98065226730
  10379.0000000    1.94217151011
  10379.2000000    1.90233653520
  10379.4000000    1.86169673476
  10379.6000000    1.82080097957
  10379.8000000    1.77951342038
  10380.0000000    1.73748908908
  10380.2000000    1.69449253124
  10380.4000000    1.65092138459
  10380.6000000    1.60666013802
  10380.8000000    1.56227956509
  10381.0000000    1.51828655645
  10381.2000000    1.47489309841
  10381.4000000    1.43254741371
  10381.6000000    1.39144766911
  10381.8000000    1.35151929078
  10382.0000000    1.31349992979
  10382.2000000    1.27749101623
  10382.4000000    1.24337130230
  10382.6000000    1.21171442991
  10382.8000000    1.18319964311
  10383.0000000    1.15640848055
  10383.2000000    1.13183114521
  10383.4000000    1.11003997512
  10383.6000000    1.09086600607
  10383.8000000    1.07371238891
  10384.0000000    1.05716926706
  10384.2000000    1.04000200575
  10384.4000000    1.02958451412
  10384.6000000    1.02027606362
  10384.8000000    1.01200781686
  10385.0000000    1.00465722228
  10385.2000000    0.99788191963
  10385.4000000    0.99193509307
  10385.6000000    0.98670983618
  10385.8000000    0.98204526779
  10386.0000000    0.97737947890
  10386.2000000    0.97399325560
  10386.4000000    0.97083239962
  10386.6000000    0.96902020605
  10386.8000000    0.96813687274
  10387.0000000    0.96778397856
  10387.2000000    0.96806686476
  10387.4000000    0.96913050568
  10387.6000000    0.97051051153
  10387.8000000    0.97274662705
  10388.0000000    0.97509207390
  10388.2000000    0.97851708907
  10388.4000000    0.98214582493
  10388.6000000    0.98584530023
  10388.8000000    0.98936076514
  10389.0000000    0.99394614901
  10389.2000000    0.99925700520
  10389.4000000    1.00428659139
  10389.6000000    1.00990110654
  10389.8000000    1.01535142580
  10390.0000000    1.02122474975
  10390.2000000    1.02705590622
  10390.4000000    1.03188847657
  10390.6000000    1.03546249644
  10390.8000000    1.04084147517
  10391.0000000    1.04577751727
  10391.2000000    1.05131986591
  10391.4000000    1.05708053000
  10391.6000000    1.06258938320
  10391.8000000    1.06767198563
  10392.0000000    1.07206393991
  10392.2000000    1.07582156690
  10392.4000000    1.07899831900
  10392.6000000    1.08155012981
  10392.8000000    1.08351558914
  10393.0000000    1.08503836793
  10393.2000000    1.08593411792
  10393.4000000    1.08700228731
  10393.6000000    1.08770339122
  10393.8000000    1.08830730169
  10394.0000000    1.08930239659
  10394.2000000    1.09001986056
  10394.4000000    1.09048941836
  10394.6000000    1.09031317034
  10394.8000000    1.08970988236
  10395.0000000    1.08838360683
  10395.2000000    1.08675258052
  10395.4000000    1.08472632391
  10395.6000000    1.08171320276
  10395.8000000    1.07924744899
  10396.0000000    1.07688683597
  10396.2000000    1.07346817337
  10396.4000000    1.06893279273
  10396.6000000    1.06365356113
  10396.8000000    1.05757311373
  10397.0000000    1.05060983657
  10397.2278600    1.04213640866
  10397.4835810    1.03290796282
  10397.7671620    1.02225025877
  10398.0786040    1.00536329214
  10398.4179050    0.98847302417
  10398.7850670    0.97188232126
  10399.1800900    0.95307959058
  10399.6029730    0.93379144639
  10400.0537160    0.91487755060
  10400.5323190    0.89521018688
  10401.0387830    0.87572834400
  10401.5731070    0.85626287434
  10402.1352920    0.83924638393
  10402.7253370    0.82605053669
  10403.3432420    0.81822485288
  10403.9890080    0.81524698864
  10404.6626340    0.81644652986
  10405.3641200    0.82158175620
  10406.0934670    0.82981673118
  10406.8506740    0.83991217699
  10407.6357410    0.85100822629
  10408.4486690    0.86274201888
  10409.2894570    0.87580674906
  10410.1581060    0.89172923809
  10411.0546140    0.91395595565
  10411.9789830    0.94176848280
  10412.9312130    0.96822362977
  10413.9113030    0.99029229768
  10414.9192530    1.02293952101
  10415.9550640    1.05370764939
  10417.0187340    1.08212505479
  10418.1102660    1.10661403133
  10419.2327230    1.12585212453
  10420.3673730    1.14148314515
  10421.5142140    1.15408694285
  10422.6732480    1.16378731313
  10423.8444730    1.17137791931
  10425.0278900    1.17674371657
  10426.2234990    1.17950865588
  10427.4313000    1.18039964574
  10428.6512930    1.17958664072
  10429.8834780    1.17678537485
  10431.1278550    1.17106101974
  10432.3844230    1.16249539951
  10433.6531840    1.15204643913
  10434.9341360    1.14060871078
  10436.2272800    1.12923583491
  10437.5326170    1.11787508360
  10438.8501450    1.10664191653
  10440.1798650    1.09651902826
  10441.5217770    1.08688317728
  10442.8758810    1.07799296505
  10444.2421770    1.06971091807
  10445.6206640    1.06238794139
  10447.0113440    1.05604899916
  10448.4142150    1.04920047470
  10449.8292790    1.04195650390
  10451.2565340    1.03437203931
  10452.6959810    1.02611299148
  10454.1476200    1.01796048338
  10455.6114520    1.01046748048
  10457.0874750    1.00387666333
  10458.5756890    0.99874985925
  10460.0760960    0.99476469805
  10461.5886950    0.99142671964
  10463.1134850    0.98807301845
  10464.6504680    0.98494051642
  10466.1996420    0.98225831688
  10467.7610090    0.98013217953
  10469.3345670    0.97891896653
  10470.9203170    0.97816382713
  10472.5182590    0.97817015930
  10474.1283930    0.97881242923
  10475.7507190    0.97993954560
  10477.3852370    0.98190991172
  10479.0319460    0.98381626476
  10480.6908480    0.98567150669
  10482.3619420    0.98689090902
  10484.0452270    0.98774576920
  10485.7407040    0.98756295274
  10487.4483740    0.98697331321
  10489.1682350    0.98657850048
  10490.9002880    0.98638617380
  10492.6445330    0.98726836327
  10494.4009700    0.98935631270
  10496.1695980    0.99329884363
  10497.9504190    0.99904179500
  10499.7434320    1.00573442372
  10501.5486360    1.01269572713
  10503.3660320    1.01869921158
  10505.1956210    1.02383775442
  10507.0374010    1.02776044060
  10508.8913730    1.03054709746
  10510.7575370    1.03298312713
  10512.6358930    1.03480077025
  10514.5264410    1.03650485226
  10516.4291810    1.03760648700
  10518.3441120    1.03778235696
  10520.2712360    1.03693989389
  10522.2105520    1.03421862790
  10524.1620590    1.03024694443
  10526.1257580    1.02446551837
  10528.1016490    1.01708500299
  10530.0897330    1.00873506192
  10532.0900080    1.00032617935
  10534.1024750    0.99237614297
  10536.1271330    0.98505151002
  10538.1639840    0.97823930581
  10540.2130270    0.97318790837
  10542.2742610    0.96927796057
  10544.3476880    0.96609843011
  10546.4333060    0.96359472107
  10548.5311170    0.96189631158
  10550.6411190    0.96061535499
  10552.7633130    0.95987010111
  10554.8976990    0.96010550763
  10557.0442770    0.96179911683
  10559.2030470    0.96471818857
  10561.3740080    0.96794290802
  10563.5571620    0.97150908387
  10565.7525080    0.97502515525
  10567.9600450    0.97779839036
  10570.1797750    0.98014800152
  10572.4116960    0.98197548021
  10574.6558090    0.98347251642
  10576.9121140    0.98494760575
  10579.1806110    0.98640911550
  10581.4613000    0.98733713085
  10583.7541810    0.98747195241
  10586.0592540    0.98736661774
  10588.3765180    0.98653586315
  10590.7059750    0.98486962681
  10593.0476230    0.98269641584
  10595.4014640    0.97985165274
  10597.7674960    0.97643228207
  10600.1457200    0.97335476202
  10602.5361360    0.97025188677
  10604.9387440    0.96740230974
  10607.3535440    0.96517489216
  10609.7805360    0.96464250087
  10612.2197200    0.96617475940
  10614.6710960    0.96875541373
  10617.1346630    0.97145111778
  10619.6104230    0.97399315569
  10622.0983740    0.97639232484
  10624.5985170    0.97841691589
  10627.1108520    0.98005084745
  10629.6353800    0.98232466322
  10632.1720990    0.98478003705
  10634.7210090    0.98704545932
  10637.2821120    0.98899816131
  10639.8554070    0.98978918710
  10642.4408940    0.99076166541
  10645.0385720    0.99164156617
  10647.6484430    0.99228913151
  10650.2705050    0.99303785083
  10652.9047590    0.99373178064
  10655.5512050    0.99430518613
  10658.2098440    0.99392546682
  10660.8806740    0.99277327456
  10663.5636960    0.99097136407
  10666.2589090    0.98776976265
  10668.9663150    0.98366772273
  10671.6859130    0.98003903189
  10674.4177020    0.97682075566
  10677.1616840    0.97358855296
  10679.9178570    0.97128855928
  10682.6862220    0.97061371404
  10685.4667800    0.97107107224
  10688.2595290    0.97272098543
  10691.0644700    0.97593799338
  10693.8816020    0.97954779438
  10696.7109270    0.98318073917
  10699.5524440    0.98651879919
  10702.4061530    0.98880692530
  10705.2720530    0.99035077687
  10708.1501460    0.99199053317
  10711.0404300    0.99404643870
  10713.9429060    0.99586510063
  10716.8575740    0.99738579535
  10719.7844350    0.99927031879
  10722.7234870    1.00158178661
  10725.6747300    1.00337864958
  10728.6381660    1.00470810038
  10731.6137940    1.00595108098
  10734.6016140    1.00677773057
  10737.6016250    1.00669521533
  10740.6138290    1.00654675757
  10743.6382240    1.00622150333
  10746.6748110    1.00519817586
  10749.7235900    1.00383186077
  10752.7845610    1.00251257789
  10755.8577240    1.00153907930
  10758.9430790    1.00072955540
  10762.0406260    0.99987663813
  10765.1503650    0.99969547437
  10768.2722950    1.00013800162
  10771.4064180    1.00160619919
  10774.5527320    1.00320665510
  10777.7112390    1.00415546440
  10780.8819370    1.00563083666
  10784.0648270    1.00735966131
  10787.2599090    1.00875097435
  10790.4671830    1.00995328526
  10793.6866490    1.01026741334
  10796.9183070    1.01121182360
  10800.1621570    1.01207142413
  10803.4181980    1.01343120249
  10806.6864320    1.01473277005
  10809.9668570    1.01495074088
  10813.2594740    1.01572872688
  10816.5642840    1.01693100486
  10819.8812850    1.01782813253
  10823.2104780    1.01845308802
  10826.5518630    1.01816351658
  10829.9054400    1.01873183629
  10833.2712090    1.01899341754
  10836.6491690    1.01877629390
  10840.0393220    1.01750903492
  10843.4416660    1.01518890164
  10846.8562030    1.01396926761
  10850.2829310    1.01298928132
  10853.7218510    1.01269521472
  10857.1729640    1.01253963778
  10860.6362680    1.01183406187
  10864.1117640    1.01138877125
  10867.5994510    1.01243072845
  10871.0993310    1.01347696104
  10874.6114030    1.01458212552
  10878.1356660    1.01550910831
  10881.6721220    1.01613839733
  10885.2207690    1.01598022918
  10888.7816090    1.01592601906
  10892.3546400    1.01583724362
  10895.9398630    1.01557721101
  10899.5372780    1.01551221800
  10903.1468850    1.01592174227
  10906.7686840    1.01590852190
  10910.4026750    1.01533877073
  10914.0488570    1.01526511013
  10917.7072320    1.01495431825
  10921.3777990    1.01461422068
  10925.0605570    1.01425109806
  10928.7555070    1.01373800142
  10932.4626500    1.01333416011
  10936.1819840    1.01287041338
  10939.9135100    1.01196875488
  10943.6572280    1.01043528102
  10947.4131380    1.00911882916
  10951.1812390    1.00760754422
  10954.9615330    1.00609634348
  10958.7540190    1.00521404570
  10962.5586960    1.00454259090
  10966.3755650    1.00334243630
  10970.2046270    1.00260593667
  10974.0458800    1.00270332800
  10977.8993250    1.00243803972
  10981.7649620    1.00170057557
  10985.6427910    1.00110216476
  10989.5328120    1.00039359642
  10993.4350250    1.00046566683
  10997.3494290    1.00075605769
  11001.2760260    1.00018280581
  11005.2148140    1.00013142101
  11009.1657950    1.00030092855
  11013.1289670    1.00039429567
  11017.1043310    1.00085086379
  11021.0918880    1.00056351583
  11025.0916360    0.99994140821
  11029.1035750    0.99983412695
  11033.1277070    0.99961233433
  11037.1640310    0.99897344269
  11041.2125470    0.99832934259
  11045.2732540    0.99750449756
  11049.3461540    0.99641466461
  11053.4312450    0.99580585749
  11057.5285290    0.99512039061
  11061.6380040    0.99429525575
  11065.7596710    0.99366824825
  11069.8935300    0.99307578825
  11074.0395810    0.99234051694
  11078.1978240    0.99209395281
  11082.3682580    0.99156093028
  11086.5508850    0.99131047260
  11090.7457040    0.99153252496
  11094.9527140    0.99119939195
  11099.1719160    0.99120538510
  11103.4033110    0.99114008806
  11107.6468970    0.99120484694
  11111.9026750    0.99071842816
  11116.1706450    0.99118939813
  11120.4508070    0.99181798696
  11124.7431610    0.99162925587
  11129.0477070    0.99160131088
  11133.3644440    0.99138120362
  11137.6933740    0.99090651030
  11142.0344950    0.99100114570
  11146.3878090    0.99118769360
  11150.7533140    0.99118775099
  11155.1310110    0.99081214776
  11159.5209000    0.99002014187
  11163.9229810    0.99142727861
  11168.3372540    0.98986745031
  11172.7637190    0.98889058702
  11177.2023760    0.98978914279
  11181.6532240    0.98901957623
  11186.1162650    0.98858892271
  11190.5914970    0.98894215980
  11195.0789220    0.98888006628
  11199.5785380    0.98826995150
  11204.0903460    0.98843859407
  11208.6143460    0.98909309291
  11213.1505380    0.99081960064
  11217.6989220    0.99225161857
  11222.2594980    0.99344014590
  11226.8322660    0.99464121002
  11231.4172260    0.99606216198
  11236.0143770    0.99600385997
  11240.6237210    0.99576452568
  11245.2452560    0.99612541203
  11249.8789830    0.99698053751
  11254.5249020    0.99743056054
  11259.1830130    0.99898735383
  11263.8533160    1.00064902681
  11268.5358110    1.00240670655
  11273.2304980    1.00412411126
  11277.9373770    1.00560221748
  11282.6564480    1.00660585763
  11287.3877100    1.00807906141
  11292.1311650    1.00974410127
  11296.8868110    1.01120445700
  11301.6546490    1.01330590781
  11306.4346790    1.01545423933
  11311.2269010    1.01756223744
  11316.0313150    1.01908179957
  11320.8479210    1.02264865005
  11325.6767190    1.02608185885
