#---------------------------------
#  energy flat
  10182.0000000    0.00423869911
  10187.0000000    0.00355077076
  10192.0000000    0.00336221359
  10197.0000000    0.00294122391
  10202.0000000    0.00187862482
  10207.0000000    0.00142757037
  10212.0000000    0.00135357819
  10217.0000000    0.00114247246
  10222.0000000    0.00046798214
  10227.0000000    0.00067413891
  10232.0000000    0.00088542034
  10237.0000000    0.00006857792
  10242.0000000    0.00053187953
  10247.0000000   -0.00019101050
  10252.0000000   -0.00070743303
  10257.0000000   -0.00027727099
  10262.0000000   -0.00152515559
  10267.0000000   -0.00084570655
  10272.0000000    0.00010352821
  10277.0000000   -0.00024389390
  10282.0000000   -0.00056421217
  10287.0000000   -0.00048343914
  10292.0000000    0.00002700948
  10297.0000000    0.00022895262
  10302.0000000    0.00036233899
  10307.0000000    0.00028424706
  10312.0000000    0.00044120693
  10317.0000000    0.00076283972
  10322.0000000    0.00093050447
  10327.0000000    0.00217412339
  10332.0000000    0.00373638326
  10337.0000000    0.00476727119
  10341.0000000    0.00673494368
  10344.0000000    0.00837007546
  10346.0000000    0.01023011739
  10347.0000000    0.01130869702
  10347.2000000    0.01230857945
  10347.4000000    0.01266036121
  10347.6000000    0.01305507637
  10347.8000000    0.01347723701
  10348.0000000    0.01390964701
  10348.2000000    0.01466798639
  10348.4000000    0.01465785216
  10348.6000000    0.01469179013
  10348.8000000    0.01492160461
  10349.0000000    0.01548964770
  10349.2000000    0.01624775931
  10349.4000000    0.01580476079
  10349.6000000    0.01570887365
  10349.8000000    0.01541824882
  10350.0000000    0.01619594809
  10350.2000000    0.01702250260
  10350.4000000    0.01734205584
  10350.6000000    0.01767584430
  10350.8000000    0.01764817229
  10351.0000000    0.01795770394
  10351.2000000    0.01877970319
  10351.4000000    0.01912818238
  10351.6000000    0.01969474500
  10351.8000000    0.02046675018
  10352.0000000    0.02069348985
  10352.2000000    0.02081147252
  10352.4000000    0.02113227846
  10352.6000000    0.02154441752
  10352.8000000    0.02197819409
  10353.0000000    0.02207579193
  10353.2000000    0.02236960792
  10353.4000000    0.02259179232
  10353.6000000    0.02281192686
  10353.8000000    0.02301657348
  10354.0000000    0.02336152234
  10354.2000000    0.02353450986
  10354.4000000    0.02385098830
  10354.6000000    0.02420789474
  10354.8000000    0.02504754564
  10355.0000000    0.02506417360
  10355.2000000    0.02534090734
  10355.4000000    0.02475145697
  10355.6000000    0.02471683817
  10355.8000000    0.02482058562
  10356.0000000    0.02532918247
  10356.2000000    0.02673311712
  10356.4000000    0.02726767899
  10356.6000000    0.02793502690
  10356.8000000    0.02911541181
  10357.0000000    0.03036093704
  10357.2000000    0.03102088264
  10357.4000000    0.03175655956
  10357.6000000    0.03271476130
  10357.8000000    0.03373309257
  10358.0000000    0.03453732627
  10358.2000000    0.03541774681
  10358.4000000    0.03599353385
  10358.6000000    0.03670518174
  10358.8000000    0.03806071668
  10359.0000000    0.03933664831
  10359.2000000    0.04082269166
  10359.4000000    0.04238799667
  10359.6000000    0.04297665233
  10359.8000000    0.04401195197
  10360.0000000    0.04395524013
  10360.2000000    0.04428880082
  10360.4000000    0.04567610875
  10360.6000000    0.04614974391
  10360.8000000    0.04726851883
  10361.0000000    0.04798483587
  10361.2000000    0.04915485754
  10361.4000000    0.05040573521
  10361.6000000    0.05161197125
  10361.8000000    0.05355547733
  10362.0000000    0.05577936012
  10362.2000000    0.05835547896
  10362.4000000    0.06013795634
  10362.6000000    0.06193854090
  10362.8000000    0.06335021951
  10363.0000000    0.06456898254
  10363.2000000    0.06661725977
  10363.4000000    0.06845610858
  10363.6000000    0.07015864102
  10363.8000000    0.07294054406
  10364.0000000    0.07529060776
  10364.2000000    0.07792810883
  10364.4000000    0.08136255393
  10364.6000000    0.08459144259
  10364.8000000    0.08813282260
  10365.0000000    0.09167613859
  10365.2000000    0.09539084653
  10365.4000000    0.09998916245
  10365.6000000    0.10499198613
  10365.8000000    0.11066944491
  10366.0000000    0.11623119989
  10366.2000000    0.12210077708
  10366.4000000    0.12849990409
  10366.6000000    0.13600653050
  10366.8000000    0.14474034595
  10367.0000000    0.15520368256
  10367.2000000    0.16667646643
  10367.4000000    0.17973926638
  10367.6000000    0.19345620274
  10367.8000000    0.20914739200
  10368.0000000    0.22592820122
  10368.2000000    0.24526952625
  10368.4000000    0.26740937982
  10368.6000000    0.29233181849
  10368.8000000    0.31957266051
  10369.0000000    0.34881941454
  10369.2000000    0.38163248743
  10369.4000000    0.41657594500
  10369.6000000    0.45450298885
  10369.8000000    0.49594407987
  10370.0000000    0.54142899565
  10370.2000000    0.59073168105
  10370.4000000    0.64470021298
  10370.6000000    0.70330828478
  10370.8000000    0.76481339276
  10371.0000000    0.82953269744
  10371.2000000    0.90383332383
  10371.4000000    0.98410863897
  10371.6000000    1.05483725242
  10371.8000000    1.10794814138
  10372.0000000    1.18847445175
  10372.2000000    1.26802889581
  10372.4000000    1.34468629356
  10372.6000000    1.41765104319
  10372.8000000    1.48747045972
  10373.0000000    1.55155464548
  10373.2000000    1.60875339503
  10373.4000000    1.66010189252
  10373.6000000    1.70579350870
  10373.8000000    1.74550026382
  10374.0000000    1.77973644736
  10374.2000000    1.80998229292
  10374.4000000    1.83687667651
  10374.6000000    1.86119467635
  10374.8000000    1.88278095754
  10375.0000000    1.90285610352
  10375.2000000    1.92109600676
  10375.4000000    1.93606484645
  10375.6000000    1.94867253693
  10375.8000000    1.95821323915
  10376.0000000    1.96683020604
  10376.2000000    1.97270315228
  10376.4000000    1.97665566991
  10376.6000000    1.97909499946
  10376.8000000    1.97787424299
  10377.0000000    1.97288179608
  10377.2000000    1.96374982049
  10377.4000000    1.95070494035
  10377.6000000    1.93348499973
  10377.8000000    1.91369390788
  10378.0000000    1.89159883075
  10378.2000000    1.86571907836
  10378.4000000    1.83910189649
  10378.6000000    1.81126738736
  10378.8000000    1.78278700876
  10379.0000000    1.75425795600
  10379.2000000    1.72443367967
  10379.4000000    1.69470672468
  10379.6000000    1.66561096801
  10379.8000000    1.63679223719
  10380.0000000    1.60744880484
  10380.2000000    1.57836713744
  10380.4000000    1.54897213208
  10380.6000000    1.52029920072
  10380.8000000    1.49162314436
  10381.0000000    1.46324347148
  10381.2000000    1.43621313186
  10381.4000000    1.40878700193
  10381.6000000    1.38161238503
  10381.8000000    1.35540969621
  10382.0000000    1.33091802728
  10382.2000000    1.30740511859
  10382.4000000    1.28436624616
  10382.6000000    1.26278762500
  10382.8000000    1.24180238729
  10383.0000000    1.22195898688
  10383.2000000    1.20338565422
  10383.4000000    1.18538611623
  10383.6000000    1.16907800745
  10383.8000000    1.15399054056
  10384.0000000    1.13970781932
  10384.2000000    1.12708646135
  10384.4000000    1.11586932144
  10384.6000000    1.10562547092
  10384.8000000    1.09635992018
  10385.0000000    1.08787929773
  10385.2000000    1.08083295665
  10385.4000000    1.07500725447
  10385.6000000    1.06845526941
  10385.8000000    1.06234474407
  10386.0000000    1.05705012093
  10386.2000000    1.05273857802
  10386.4000000    1.04913679882
  10386.6000000    1.04590108814
  10386.8000000    1.04229622532
  10387.0000000    1.03932186350
  10387.2000000    1.03778314585
  10387.4000000    1.03684714122
  10387.6000000    1.03651384929
  10387.8000000    1.03604531641
  10388.0000000    1.03540191138
  10388.2000000    1.03562815655
  10388.4000000    1.03547363075
  10388.6000000    1.03568995259
  10388.8000000    1.03656114272
  10389.0000000    1.03805463062
  10389.2000000    1.03963266653
  10389.4000000    1.04086796605
  10389.6000000    1.04217847453
  10389.8000000    1.04352159991
  10390.0000000    1.04520709991
  10390.2000000    1.04674277756
  10390.4000000    1.04866934271
  10390.6000000    1.05093668713
  10390.8000000    1.05380423282
  10391.0000000    1.05803863094
  10391.2000000    1.06205669792
  10391.4000000    1.06494920209
  10391.6000000    1.06701064095
  10391.8000000    1.06888604017
  10392.0000000    1.06945434794
  10392.2000000    1.07002087584
  10392.4000000    1.07038018089
  10392.6000000    1.07117683304
  10392.8000000    1.07358016920
  10393.0000000    1.07573983914
  10393.2000000    1.07710898277
  10393.4000000    1.07778827114
  10393.6000000    1.07850472453
  10393.8000000    1.07730253849
  10394.0000000    1.07519844840
  10394.2000000    1.07387653614
  10394.4000000    1.07258131035
  10394.6000000    1.07230764091
  10394.8000000    1.07316758719
  10395.0000000    1.07327526802
  10395.2000000    1.07221638151
  10395.4000000    1.07153037983
  10395.6000000    1.07014586375
  10395.8000000    1.06780044951
  10396.0000000    1.06538833580
  10396.2000000    1.06172970784
  10396.4000000    1.05806883664
  10396.6000000    1.05416884793
  10396.8000000    1.04913372016
  10397.0000000    1.04272749024
  10397.2278600    1.03548742361
  10397.4835810    1.02776564405
  10397.7671620    1.01907112841
  10398.0786040    1.00877371285
  10398.4179050    0.99315479717
  10398.7850670    0.97929292168
  10399.1800900    0.96416284780
  10399.6029730    0.94869903287
  10400.0537160    0.93327679959
  10400.5323190    0.91854185229
  10401.0387830    0.90349022950
  10401.5731070    0.88877907882
  10402.1352920    0.87721861627
  10402.7253370    0.86736264620
  10403.3432420    0.85947436020
  10403.9890080    0.85704642931
  10404.6626340    0.85684820698
  10405.3641200    0.86078809368
  10406.0934670    0.86575460678
  10406.8506740    0.87259550275
  10407.6357410    0.88013374254
  10408.4486690    0.88801999975
  10409.2894570    0.89708957232
  10410.1581060    0.90772703203
  10411.0546140    0.92217780586
  10411.9789830    0.94271329775
  10412.9312130    0.96212929745
  10413.9113030    0.97677654795
  10414.9192530    1.00030899292
  10415.9550640    1.02266245449
  10417.0187340    1.04413396378
  10418.1102660    1.06365853395
  10419.2327230    1.07964428974
  10420.3673730    1.09309469709
  10421.5142140    1.10500434616
  10422.6732480    1.11431635424
  10423.8444730    1.12236878020
  10425.0278900    1.12936518746
  10426.2234990    1.13341303599
  10427.4313000    1.13604443629
  10428.6512930    1.13759460259
  10429.8834780    1.13721529100
  10431.1278550    1.13499709827
  10432.3844230    1.13115748755
  10433.6531840    1.12608063853
  10434.9341360    1.11960592884
  10436.2272800    1.11234052025
  10437.5326170    1.10398393694
  10438.8501450    1.09588653761
  10440.1798650    1.08756745691
  10441.5217770    1.07995910246
  10442.8758810    1.07276896972
  10444.2421770    1.06620813806
  10445.6206640    1.05965247938
  10447.0113440    1.05302198544
  10448.4142150    1.04682997813
  10449.8292790    1.04076663341
  10451.2565340    1.03465104761
  10452.6959810    1.02940377319
  10454.1476200    1.02305345165
  10455.6114520    1.01671992541
  10457.0874750    1.01176492477
  10458.5756890    1.00733449280
  10460.0760960    1.00248196680
  10461.5886950    0.99835155540
  10463.1134850    0.99634552036
  10464.6504680    0.99419274855
  10466.1996420    0.99166767381
  10467.7610090    0.99045770521
  10469.3345670    0.99053724749
  10470.9203170    0.99108010908
  10472.5182590    0.99087631619
  10474.1283930    0.99020295883
  10475.7507190    0.98935807802
  10477.3852370    0.98839395487
  10479.0319460    0.98787419763
  10480.6908480    0.98634328382
  10482.3619420    0.98434682113
  10484.0452270    0.98231357095
  10485.7407040    0.98044088022
  10487.4483740    0.97916342132
  10489.1682350    0.97968707402
  10490.9002880    0.98174385270
  10492.6445330    0.98380897065
  10494.4009700    0.98597452894
  10496.1695980    0.98917967776
  10497.9504190    0.99325799513
  10499.7434320    0.99798793969
  10501.5486360    1.00314523249
  10503.3660320    1.00837393954
  10505.1956210    1.01274643584
  10507.0374010    1.01501577119
  10508.8913730    1.01665243119
  10510.7575370    1.01776555560
  10512.6358930    1.01879635799
  10514.5264410    1.01887777359
  10516.4291810    1.01770917969
  10518.3441120    1.01814469971
  10520.2712360    1.01856039180
  10522.2105520    1.01748514138
  10524.1620590    1.01565849919
  10526.1257580    1.01289938785
  10528.1016490    1.00912284147
  10530.0897330    1.00380293673
  10532.0900080    0.99814771031
  10534.1024750    0.99349364740
  10536.1271330    0.98999172061
  10538.1639840    0.98702031948
  10540.2130270    0.98393095408
  10542.2742610    0.98091033618
  10544.3476880    0.97875762292
  10546.4333060    0.97735932142
  10548.5311170    0.97867366292
  10550.6411190    0.98071082575
  10552.7633130    0.98164451195
  10554.8976990    0.98232873683
  10557.0442770    0.98341069937
  10559.2030470    0.98417306071
  10561.3740080    0.98416222578
  10563.5571620    0.98447793495
  10565.7525080    0.98522186505
  10567.9600450    0.98599278392
  10570.1797750    0.98768952193
  10572.4116960    0.98911320481
  10574.6558090    0.98961476878
  10576.9121140    0.98951336468
  10579.1806110    0.98885618644
  10581.4613000    0.98846299298
  10583.7541810    0.98738244750
  10586.0592540    0.98542302354
  10588.3765180    0.98300245424
  10590.7059750    0.98140760719
  10593.0476230    0.98136846354
  10595.4014640    0.98152093632
  10597.7674960    0.98087606001
  10600.1457200    0.97869813072
  10602.5361360    0.97601910870
  10604.9387440    0.97424675526
  10607.3535440    0.97412420951
  10609.7805360    0.97424907125
  10612.2197200    0.97560725838
  10614.6710960    0.97797457311
  10617.1346630    0.97987297267
  10619.6104230    0.98107641841
  10622.0983740    0.98130693607
  10624.5985170    0.98063114629
  10627.1108520    0.98031005292
  10629.6353800    0.98122656293
  10632.1720990    0.98268381009
  10634.7210090    0.98416006781
  10637.2821120    0.98599295067
  10639.8554070    0.98759648580
  10642.4408940    0.98927889008
  10645.0385720    0.99166769627
  10647.6484430    0.99407645948
  10650.2705050    0.99591416139
  10652.9047590    0.99653670422
  10655.5512050    0.99609259826
  10658.2098440    0.99540338539
  10660.8806740    0.99459068364
  10663.5636960    0.99374056921
  10666.2589090    0.99244828068
  10668.9663150    0.99092423510
  10671.6859130    0.98947996935
  10674.4177020    0.98785965339
  10677.1616840    0.98642969565
  10679.9178570    0.98521758709
  10682.6862220    0.98447629348
  10685.4667800    0.98345570259
  10688.2595290    0.98291485513
  10691.0644700    0.98329892397
  10693.8816020    0.98451327538
  10696.7109270    0.98590342324
  10699.5524440    0.98780473435
  10702.4061530    0.98941830514
  10705.2720530    0.99073283033
  10708.1501460    0.99186431426
  10711.0404300    0.99292898335
  10713.9429060    0.99297780510
  10716.8575740    0.99307015713
  10719.7844350    0.99333135108
  10722.7234870    0.99435497365
  10725.6747300    0.99480795292
  10728.6381660    0.99616325278
  10731.6137940    0.99775148921
  10734.6016140    0.99903036195
  10737.6016250    1.00038866095
  10740.6138290    1.00111871435
  10743.6382240    1.00169334306
  10746.6748110    1.00257738765
  10749.7235900    1.00405119409
  10752.7845610    1.00430218417
  10755.8577240    1.00378902922
  10758.9430790    1.00262692728
  10762.0406260    1.00216805270
  10765.1503650    1.00204268268
  10768.2722950    1.00124289595
  10771.4064180    1.00284957195
  10774.5527320    1.00433149693
  10777.7112390    1.00616005412
  10780.8819370    1.00849595396
  10784.0648270    1.00943477003
  10787.2599090    1.00897412299
  10790.4671830    1.00859345713
  10793.6866490    1.00918321612
  10796.9183070    1.00957098618
  10800.1621570    1.01041647779
  10803.4181980    1.01150865828
  10806.6864320    1.01249072135
  10809.9668570    1.01272821517
  10813.2594740    1.01307124448
  10816.5642840    1.01456191554
  10819.8812850    1.01495365746
  10823.2104780    1.01466358776
  10826.5518630    1.01475475868
  10829.9054400    1.01489767500
  10833.2712090    1.01452049883
  10836.6491690    1.01374515834
  10840.0393220    1.01398636342
  10843.4416660    1.01412837345
  10846.8562030    1.01406580306
  10850.2829310    1.01340491949
  10853.7218510    1.01344563639
  10857.1729640    1.01432171865
  10860.6362680    1.01365766358
  10864.1117640    1.01251810516
  10867.5994510    1.01208110519
  10871.0993310    1.01222624575
  10874.6114030    1.01207534283
  10878.1356660    1.01210176186
  10881.6721220    1.01282259900
  10885.2207690    1.01217371243
  10888.7816090    1.01158758382
  10892.3546400    1.01176945151
  10895.9398630    1.01149266640
  10899.5372780    1.01003234587
  10903.1468850    1.00937057910
  10906.7686840    1.00990718722
  10910.4026750    1.00907378371
  10914.0488570    1.00791158160
  10917.7072320    1.00880719545
  10921.3777990    1.00905058656
  10925.0605570    1.00922039765
  10928.7555070    1.00891748852
  10932.4626500    1.00939082167
  10936.1819840    1.00808458164
  10939.9135100    1.00709457028
  10943.6572280    1.00800595275
  10947.4131380    1.00828275234
  10951.1812390    1.00659068155
  10954.9615330    1.00496544739
  10958.7540190    1.00632671849
  10962.5586960    1.00782766061
  10966.3755650    1.00653740466
  10970.2046270    1.00528955607
  10974.0458800    1.00486535820
  10977.8993250    1.00365363852
  10981.7649620    1.00288048625
  10985.6427910    1.00128186694
  10989.5328120    1.00004039434
  10993.4350250    0.99861543873
  10997.3494290    0.99737356776
  11001.2760260    0.99741020485
  11005.2148140    0.99702066983
  11009.1657950    0.99546692359
  11013.1289670    0.99473021408
  11017.1043310    0.99616249464
  11021.0918880    0.99755579507
  11025.0916360    0.99798675210
  11029.1035750    0.99903286193
  11033.1277070    0.99927267897
  11037.1640310    0.99775032894
  11041.2125470    0.99525416998
  11045.2732540    0.99521053833
  11049.3461540    0.99623110025
  11053.4312450    0.99512685145
  11057.5285290    0.99319050776
  11061.6380040    0.99129777824
  11065.7596710    0.99253369933
  11069.8935300    0.99441406394
  11074.0395810    0.99500929548
  11078.1978240    0.99559811937
  11082.3682580    0.99645621989
  11086.5508850    0.99656629452
  11090.7457040    0.99521718683
  11094.9527140    0.99486709779
  11099.1719160    0.99550234136
  11103.4033110    0.99549555956
  11107.6468970    0.99517591693
  11111.9026750    0.99481111213
  11116.1706450    0.99485245571
  11120.4508070    0.99481427456
  11124.7431610    0.99404625795
  11129.0477070    0.99351137930
  11133.3644440    0.99368933623
  11137.6933740    0.99228570332
  11142.0344950    0.99136571654
  11146.3878090    0.99111856044
  11150.7533140    0.99180725930
  11155.1310110    0.99221373052
  11159.5209000    0.99186335401
  11163.9229810    0.99458309201
  11168.3372540    0.99558138437
  11172.7637190    0.99569862078
  11177.2023760    0.99733245475
  11181.6532240    0.99701249182
  11186.1162650    0.99658529031
  11190.5914970    0.99635686947
  11195.0789220    0.99546760119
  11199.5785380    0.99433156439
  11204.0903460    0.99222201984
  11208.6143460    0.99065962244
  11213.1505380    0.98935732295
  11217.6989220    0.98833811238
  11222.2594980    0.99069893133
  11226.8322660    0.99059660926
  11231.4172260    0.99168804299
  11236.0143770    0.99421988813
  11240.6237210    0.99579771248
  11245.2452560    0.99656967127
  11249.8789830    0.99785468207
  11254.5249020    0.99841257687
  11259.1830130    0.99841925649
  11263.8533160    1.00019621771
  11268.5358110    1.00126149415
  11273.2304980    1.00386383174
  11277.9373770    1.00480986667
  11282.6564480    1.00599476668
  11287.3877100    1.00672797336
  11292.1311650    1.00714213409
  11296.8868110    1.00876821290
  11301.6546490    1.01025740498
  11306.4346790    1.01131211013
  11311.2269010    1.01339632691
  11316.0313150    1.01544732508
  11320.8479210    1.01860150885
  11325.6767190    1.02161295860
