#---------------------------------
#  energy flat
  8794.00000000    0.00448320916
  8799.00000000    0.00421366838
  8804.00000000    0.00351108925
  8809.00000000    0.00208250690
  8814.00000000    0.00053937147
  8819.00000000   -0.00104464278
  8824.00000000   -0.00184075819
  8829.00000000   -0.00199944116
  8834.00000000   -0.00162866257
  8839.00000000   -0.00139414671
  8844.00000000   -0.00067693744
  8849.00000000   -0.00068076589
  8854.00000000    0.00016277510
  8859.00000000    0.00092040128
  8864.00000000    0.00137351490
  8869.00000000    0.00130259437
  8874.00000000    0.00124449178
  8879.00000000    0.00174044733
  8884.00000000    0.00272510108
  8889.00000000    0.00237045383
  8894.00000000    0.00209617850
  8899.00000000    0.00061967323
  8904.00000000   -0.00077969347
  8909.00000000   -0.00181449962
  8914.00000000   -0.00222134242
  8919.00000000   -0.00217990393
  8924.00000000   -0.00118023818
  8929.00000000    0.00022163358
  8934.00000000    0.00199903621
  8939.00000000    0.00328173582
  8944.00000000    0.00418220692
  8949.00000000    0.00528672569
  8953.00000000    0.00689135532
  8956.00000000    0.00822921379
  8958.00000000    0.00943413879
  8959.00000000    0.01034861986
  8959.20000000    0.01112594493
  8959.40000000    0.01137438583
  8959.60000000    0.01167248179
  8959.80000000    0.01177576823
  8960.00000000    0.01177131473
  8960.20000000    0.01187818096
  8960.40000000    0.01200987472
  8960.60000000    0.01182770228
  8960.80000000    0.01181504993
  8961.00000000    0.01192849834
  8961.20000000    0.01194229019
  8961.40000000    0.01226948633
  8961.60000000    0.01211537478
  8961.80000000    0.01224787687
  8962.00000000    0.01240012552
  8962.20000000    0.01294672776
  8962.40000000    0.01329136091
  8962.60000000    0.01340457836
  8962.80000000    0.01353823523
  8963.00000000    0.01352015546
  8963.20000000    0.01374861885
  8963.40000000    0.01351205680
  8963.60000000    0.01417378950
  8963.80000000    0.01456010981
  8964.00000000    0.01511872164
  8964.20000000    0.01560608423
  8964.40000000    0.01612808988
  8964.60000000    0.01656545098
  8964.80000000    0.01692671280
  8965.00000000    0.01721984326
  8965.20000000    0.01744622807
  8965.40000000    0.01750955951
  8965.60000000    0.01745891525
  8965.80000000    0.01758668280
  8966.00000000    0.01783893443
  8966.20000000    0.01837502827
  8966.40000000    0.01860072022
  8966.60000000    0.01887179459
  8966.80000000    0.01916122978
  8967.00000000    0.01931521058
  8967.20000000    0.01955510619
  8967.40000000    0.02011637399
  8967.60000000    0.02048086917
  8967.80000000    0.02126142759
  8968.00000000    0.02170964351
  8968.20000000    0.02223592181
  8968.40000000    0.02271658674
  8968.60000000    0.02285717222
  8968.80000000    0.02317813261
  8969.00000000    0.02335497783
  8969.20000000    0.02393633861
  8969.40000000    0.02426261093
  8969.60000000    0.02475159020
  8969.80000000    0.02518906677
  8970.00000000    0.02554339998
  8970.20000000    0.02566851156
  8970.40000000    0.02623751631
  8970.60000000    0.02655836122
  8970.80000000    0.02691731350
  8971.00000000    0.02756207110
  8971.20000000    0.02818523451
  8971.40000000    0.02854972969
  8971.60000000    0.02903385892
  8971.80000000    0.02930458686
  8972.00000000    0.02998167799
  8972.20000000    0.03041545930
  8972.40000000    0.03107684556
  8972.60000000    0.03184100627
  8972.80000000    0.03266821735
  8973.00000000    0.03354727756
  8973.20000000    0.03488443460
  8973.40000000    0.03643383818
  8973.60000000    0.03783658609
  8973.80000000    0.03920988741
  8974.00000000    0.04077961491
  8974.20000000    0.04212023626
  8974.40000000    0.04371594607
  8974.60000000    0.04502331007
  8974.80000000    0.04690447876
  8975.00000000    0.04904754904
  8975.20000000    0.05151291533
  8975.40000000    0.05401789019
  8975.60000000    0.05692749608
  8975.80000000    0.05978190402
  8976.00000000    0.06334926629
  8976.20000000    0.06714215494
  8976.40000000    0.07171901621
  8976.60000000    0.07683873436
  8976.80000000    0.08279184924
  8977.00000000    0.08973552491
  8977.20000000    0.09774944042
  8977.40000000    0.10795822523
  8977.60000000    0.11972121355
  8977.80000000    0.13404224599
  8978.00000000    0.15125135553
  8978.20000000    0.17129692398
  8978.40000000    0.19388286860
  8978.60000000    0.22020714668
  8978.80000000    0.24935056213
  8979.00000000    0.28092314951
  8979.20000000    0.31544617150
  8979.40000000    0.35269017551
  8979.60000000    0.39282710664
  8979.80000000    0.43538362511
  8980.00000000    0.48040649906
  8980.20000000    0.52584572318
  8980.40000000    0.56994098357
  8980.60000000    0.61113022409
  8980.80000000    0.64767563289
  8981.00000000    0.67657769746
  8981.20000000    0.69608451776
  8981.40000000    0.70446555687
  8981.60000000    0.70236921741
  8981.80000000    0.68983383758
  8982.00000000    0.67048446779
  8982.20000000    0.64630592477
  8982.40000000    0.62034552804
  8982.60000000    0.59592208339
  8982.80000000    0.57409751615
  8983.00000000    0.55652984338
  8983.20000000    0.54414380391
  8983.40000000    0.53670740449
  8983.60000000    0.53336761717
  8983.80000000    0.53416104796
  8984.00000000    0.53848248230
  8984.20000000    0.54620605025
  8984.40000000    0.55576473021
  8984.60000000    0.56675227429
  8984.80000000    0.57772037119
  8985.00000000    0.58792350189
  8985.20000000    0.59845731101
  8985.40000000    0.60764530489
  8985.60000000    0.61699607346
  8985.80000000    0.62571040104
  8986.00000000    0.63431035847
  8986.20000000    0.64317159195
  8986.40000000    0.65214386586
  8986.60000000    0.66309767478
  8986.80000000    0.67392625813
  8987.00000000    0.68656477751
  8987.20000000    0.69966157574
  8987.40000000    0.71487501631
  8987.60000000    0.73094686287
  8987.80000000    0.74788450576
  8988.00000000    0.76548401267
  8988.20000000    0.78350184263
  8988.40000000    0.80256803745
  8988.60000000    0.82090413734
  8988.80000000    0.83959747256
  8989.00000000    0.85888234558
  8989.20000000    0.87873577634
  8989.40000000    0.89765125318
  8989.60000000    0.91648515250
  8989.80000000    0.93539567757
  8990.00000000    0.95341859615
  8990.20000000    0.97116685943
  8990.40000000    0.98907304372
  8990.60000000    1.00450404472
  8990.80000000    1.01852825452
  8991.00000000    1.03094035504
  8991.20000000    1.04073615907
  8991.40000000    1.04730825800
  8991.60000000    1.05401864593
  8991.80000000    1.05803121021
  8992.00000000    1.06077740230
  8992.20000000    1.06242628016
  8992.40000000    1.06334413634
  8992.60000000    1.06331179560
  8992.80000000    1.06222301901
  8993.00000000    1.06039721551
  8993.20000000    1.05922311006
  8993.40000000    1.05789860000
  8993.60000000    1.05689575474
  8993.80000000    1.05595313440
  8994.00000000    1.05701213640
  8994.20000000    1.05786876859
  8994.40000000    1.06050738574
  8994.60000000    1.06428616712
  8994.80000000    1.07101625218
  8995.00000000    1.07869573335
  8995.20000000    1.08541138930
  8995.40000000    1.09143459063
  8995.60000000    1.09982986290
  8995.80000000    1.10863756314
  8996.00000000    1.11640845617
  8996.20000000    1.12362315667
  8996.40000000    1.13058305918
  8996.60000000    1.13637173893
  8996.80000000    1.14130144527
  8997.00000000    1.14474675522
  8997.20000000    1.14646031712
  8997.40000000    1.14595758975
  8997.60000000    1.14441528253
  8997.80000000    1.14120704863
  8998.00000000    1.13601509548
  8998.20000000    1.12990896992
  8998.40000000    1.12204684526
  8998.60000000    1.11386733246
  8998.80000000    1.10521523043
  8999.00000000    1.09672727862
  8999.20000000    1.08872288596
  8999.40000000    1.08003966190
  8999.60000000    1.06869902518
  8999.80000000    1.06191250763
  9000.00000000    1.05544441665
  9000.20000000    1.05082274237
  9000.40000000    1.04755486021
  9000.60000000    1.04282428856
  9000.80000000    1.03947083507
  9001.00000000    1.03743814684
  9001.20000000    1.03644469106
  9001.40000000    1.03732813695
  9001.60000000    1.03709370664
  9001.80000000    1.03738602186
  9002.00000000    1.03667062555
  9002.20000000    1.03644825524
  9002.40000000    1.03632559646
  9002.60000000    1.03653060047
  9002.80000000    1.03651082565
  9003.00000000    1.03515261272
  9003.20000000    1.03409250002
  9003.40000000    1.03171981573
  9003.60000000    1.02998819778
  9003.80000000    1.02695047462
  9004.00000000    1.02473627098
  9004.20000000    1.02191182562
  9004.40000000    1.01938109146
  9004.60000000    1.01588975840
  9004.80000000    1.01378755006
  9005.00000000    1.01253126301
  9005.20000000    1.00890809899
  9005.40000000    1.00726068189
  9005.60000000    1.00527462362
  9005.80000000    1.00332037399
  9006.00000000    1.00123349367
  9006.20000000    0.99916456444
  9006.40000000    0.99663204749
  9006.60000000    0.99400708539
  9006.80000000    0.99189431503
  9007.00000000    0.99048843028
  9007.20000000    0.98876237953
  9007.40000000    0.98721871802
  9007.60000000    0.98436017226
  9007.80000000    0.98151380253
  9008.00000000    0.97852325297
  9008.20000000    0.97667355031
  9008.40000000    0.97474479649
  9008.60000000    0.97251666146
  9008.80000000    0.97079817617
  9009.00000000    0.96918355468
  9009.22786000    0.96842668501
  9009.48358100    0.96676177089
  9009.76716200    0.96620143365
  9010.07860400    0.96521200440
  9010.41790500    0.96509039943
  9010.78506700    0.96554272632
  9011.18009000    0.96844145247
  9011.60297300    0.97253563745
  9012.05371600    0.97924163306
  9012.53231900    0.98948433039
  9013.03878300    1.00247148589
  9013.57310700    1.01928298023
  9014.13529200    1.03540315031
  9014.72533700    1.04567221552
  9015.34324200    1.05419696033
  9015.98900800    1.06073046564
  9016.66263400    1.06217077384
  9017.36412000    1.05918371340
  9018.09346700    1.05334230504
  9018.85067400    1.04531678294
  9019.63574100    1.03070425597
  9020.44866900    1.01766318381
  9021.28945700    1.00552175040
  9022.15810600    0.99493797464
  9023.05461400    0.98759555414
  9023.97898300    0.97979257387
  9024.93121300    0.97486775552
  9025.91130300    0.97299345275
  9026.91925300    0.96958691593
  9027.95506400    0.96863632530
  9029.01873400    0.96698346992
  9030.11026600    0.96572776745
  9031.23272300    0.96494175438
  9032.36737300    0.96474301959
  9033.51421400    0.96532015383
  9034.67324800    0.96942555796
  9035.84447300    0.97674411258
  9037.02789000    0.98483522453
  9038.22349900    0.99258397734
  9039.43130000    0.99633519370
  9040.65129300    1.00100300539
  9041.88347800    1.00468240249
  9043.12785500    1.00752478734
  9044.38442300    1.01021229571
  9045.65318400    1.01224295721
  9046.93413600    1.01496036047
  9048.22728000    1.01836786309
  9049.53261700    1.02206927221
  9050.85014500    1.02497646269
  9052.17986500    1.02615650398
  9053.52177700    1.02745160766
  9054.87588100    1.02813739515
  9056.24217700    1.02746569906
  9057.62066400    1.02728796899
  9059.01134400    1.02655602331
  9060.41421500    1.02584067319
  9061.82927900    1.02549585591
  9063.25653400    1.02560322081
  9064.69598100    1.02478224229
  9066.14762000    1.02409473199
  9067.61145200    1.02516394732
  9069.08747500    1.02628857053
  9070.57568900    1.02756987333
  9072.07609600    1.02850610230
  9073.58869500    1.02787447069
  9075.11348500    1.02665017774
  9076.65046800    1.02613613934
  9078.19964200    1.02383654960
  9079.76100900    1.02045037767
  9081.33456700    1.01734290035
  9082.92031700    1.01375184125
  9084.51825900    1.01117965723
  9086.12839300    1.00891973071
  9087.75071900    1.00685691519
  9089.38523700    1.00440122164
  9091.03194600    1.00191557656
  9092.69084800    0.99930237754
  9094.36194200    0.99543720540
  9096.04522700    0.99174467610
  9097.74070400    0.98875607102
  9099.44837400    0.98733293372
  9101.16823500    0.98539168853
  9102.90028800    0.98492670360
  9104.64453300    0.98498352895
  9106.40097000    0.98503497721
  9108.16959800    0.98470652116
  9109.95041900    0.98511027589
  9111.74343200    0.98632183901
  9113.54863600    0.98681029153
  9115.36603200    0.98868199995
  9117.19562100    0.99106425584
  9119.03740100    0.99407514533
  9120.89137300    0.99688398905
  9122.75753700    0.99936082087
  9124.63589300    1.00246023129
  9126.52644100    1.00601067778
  9128.42918100    1.01007156923
  9130.34411200    1.01251287188
  9132.27123600    1.01405636183
  9134.21055200    1.01495913874
  9136.16205900    1.01499629913
  9138.12575800    1.01361959835
  9140.10164900    1.01317187032
  9142.08973300    1.01153784374
  9144.09000800    1.00920602267
  9146.10247500    1.00637459455
  9148.12713300    1.00311541577
  9150.16398400    1.00004192152
  9152.21302700    0.99686521287
  9154.27426100    0.99502738667
  9156.34768800    0.99356468639
  9158.43330600    0.99283787925
  9160.53111700    0.99246636129
  9162.64111900    0.99184158090
  9164.76331300    0.99228621416
  9166.89769900    0.99219051555
  9169.04427700    0.99240993742
  9171.20304700    0.99322115879
  9173.37400800    0.99201809219
  9175.55716200    0.99154976769
  9177.75250800    0.99179585029
  9179.96004500    0.99312769950
  9182.17977500    0.99459514934
  9184.41169600    0.99624067653
  9186.65580900    0.99749957231
  9188.91211400    0.99823115746
  9191.18061100    0.99858251812
  9193.46130000    0.99790902756
  9195.75418100    0.99950889884
  9198.05925400    1.00093421174
  9200.37651800    1.00103869981
  9202.70597500    1.00110687724
  9205.04762300    1.00100982410
  9207.40146400    1.00178284889
  9209.76749600    1.00220807806
  9212.14572000    1.00176049132
  9214.53613600    1.00089130834
  9216.93874400    1.00008384809
  9219.35354400    0.99899645924
  9221.78053600    0.99701911891
  9224.21972000    0.99606866620
  9226.67109600    0.99568218910
  9229.13466300    0.99451245179
  9231.61042300    0.99213972086
  9234.09837400    0.99033347670
  9236.59851700    0.98932388470
  9239.11085200    0.98822998990
  9241.63538000    0.98654082036
  9244.17209900    0.98583022527
  9246.72100900    0.98629440813
  9249.28211200    0.98594104796
  9251.85540700    0.98486841873
  9254.44089400    0.98509470842
  9257.03857200    0.98624773162
  9259.64844300    0.98719384033
  9262.27050500    0.98983781751
  9264.90475900    0.99276401562
  9267.55120500    0.99474501280
  9270.20984400    0.99550352632
  9272.88067400    0.99565929933
  9275.56369600    0.99575331199
  9278.25890900    0.99590412981
  9280.96631500    0.99537508883
  9283.68591300    0.99601574695
  9286.41770200    0.99681437254
  9289.16168400    0.99819160176
  9291.91785700    0.99924840380
  9294.68622200    0.99958921965
  9297.46678000    0.99887599470
  9300.25952900    0.99688569097
  9303.06447000    0.99517314527
  9305.88160200    0.99316056725
  9308.71092700    0.99242403427
  9311.55244400    0.99365391754
  9314.40615300    0.99584030226
  9317.27205300    0.99844672770
  9320.15014600    0.99958356765
  9323.04043000    0.99990792669
  9325.94290600    1.00074043246
  9328.85757400    1.00027598314
  9331.78443500    0.99936243884
  9334.72348700    0.99824926068
  9337.67473000    0.99786883459
  9340.63816600    0.99755557189
  9343.61379400    0.99772451895
  9346.60161400    0.99911682510
  9349.60162500    0.99952297344
  9352.61382900    0.99876675754
  9355.63822400    0.99911800655
  9358.67481100    0.99920186134
  9361.72359000    0.99928462003
  9364.78456100    0.99936074622
  9367.85772400    0.99934456079
  9370.94307900    1.00039337620
  9374.04062600    1.00004684313
  9377.15036500    0.99931907946
  9380.27229500    1.00009166553
  9383.40641800    1.00063290372
  9386.55273200    1.00077604405
  9389.71123900    1.00064787143
  9392.88193700    1.00002712839
  9396.06482700    0.99920757875
  9399.25990900    0.99796195511
  9402.46718300    0.99852703510
  9405.68664900    0.99952747848
  9408.91830700    1.00040043960
  9412.16215700    1.00367716011
  9415.41819800    1.00602127086
  9418.68643200    1.00535070767
  9421.96685700    1.00401449158
  9425.25947400    1.00321818658
  9428.56428400    1.00365279163
  9431.88128500    1.00327574129
  9435.21047800    1.00375635495
  9438.55186300    1.00542880993
  9441.90544000    1.00511840308
  9445.27120900    1.00447828969
  9448.64916900    1.00488078750
  9452.03932200    1.00533855544
  9455.44166600    1.00355405877
  9458.85620300    1.00178878523
  9462.28293100    1.00343982979
  9465.72185100    1.00399688824
  9469.17296400    1.00340267778
  9472.63626800    1.00420508055
  9476.11176400    1.00550937863
  9479.59945100    1.00642109002
  9483.09933100    1.00539651886
  9486.61140300    1.00408029329
  9490.13566600    1.00406669579
  9493.67212200    1.00160966216
  9497.22076900    1.00047929724
  9500.78160900    1.00235302998
  9504.35464000    1.00334138867
  9507.93986300    1.00326309391
  9511.53727800    1.00412769877
  9515.14688500    1.00627727350
  9518.76868400    1.00677527205
  9522.40267500    1.00716842706
  9526.04885700    1.00703390296
  9529.70723200    1.00622231276
  9533.37779900    1.00629934150
  9537.06055700    1.00565691196
  9540.75550700    1.00372577849
  9544.46265000    1.00193445065
  9548.18198400    1.00335953434
  9551.91351000    1.00481278346
  9555.65722800    1.00511387138
  9559.41313800    1.00456312193
  9563.18123900    1.00278186249
  9566.96153300    1.00156585158
  9570.75401900    1.00179951544
  9574.55869600    1.00110229337
  9578.37556500    1.00162979144
  9582.20462700    1.00377890975
  9586.04588000    1.00457047841
  9589.89932500    1.00598691014
  9593.76496200    1.00762464364
  9597.64279100    1.00785191340
  9601.53281200    1.00740885764
  9605.43502500    1.00618732977
  9609.34942900    1.00526190812
  9613.27602600    1.00318123338
  9617.21481400    1.00147996385
  9621.16579500    1.00098973722
  9625.12896700    0.99998993767
  9629.10433100    0.99920991200
  9633.09188800    0.99804525929
  9637.09163600    0.99756185226
  9641.10357500    0.99394898194
  9645.12770700    0.99352534912
  9649.16403100    0.99279413545
  9653.21254700    0.99534327098
  9657.27325400    0.99678840586
  9661.34615400    0.99835922201
  9665.43124500    0.99988537914
  9669.52852900    1.00051938652
  9673.63800400    1.00055006633
  9677.75967100    1.00052052924
  9681.89353000    1.00025424956
  9686.03958100    0.99887261644
  9690.19782400    0.99706290020
  9694.36825800    0.99686877946
  9698.55088500    0.99782740133
  9702.74570400    0.99849530405
  9706.95271400    0.99888682209
  9711.17191600    0.99805045389
  9715.40331100    0.99668118400
  9719.64689700    0.99647589689
  9723.90267500    0.99537848998
  9728.17064500    0.99361608921
  9732.45080700    0.99283066156
  9736.74316100    0.99378656800
  9741.04770700    0.99508599898
  9745.36444400    0.99549791456
  9749.69337400    0.99570912921
  9754.03449500    0.99691134949
  9758.38780900    0.99762785509
  9762.75331400    0.99740600274
  9767.13101100    0.99728789777
  9771.52090000    0.99747407328
  9775.92298100    0.99676319486
  9780.33725400    0.99570550395
  9784.76371900    0.99654438698
  9789.20237600    0.99662587858
  9793.65322400    0.99707952373
  9798.11626500    0.99775655686
  9802.59149700    0.99881587455
  9807.07892200    0.99982214704
  9811.57853800    1.00049089000
  9816.09034600    1.00071940015
  9820.61434600    1.00021723692
  9825.15053800    0.99912356044
  9829.69892200    0.99844363488
  9834.25949800    0.99669514883
  9838.83226600    0.99815349689
  9843.41722600    0.99610763081
  9848.01437700    0.99628593507
  9852.62372100    0.99985455723
  9857.24525600    1.00010231061
  9861.87898300    0.99922569015
  9866.52490200    1.00010484700
  9871.18301300    0.99780379491
  9875.85331600    0.99494338774
  9880.53581100    0.99757671615
  9885.23049800    1.00030344389
  9889.93737700    1.00047092557
  9894.65644800    0.99952597985
  9899.38771000    1.00182363196
  9904.13116500    1.00321521875
  9908.88681100    1.00233049414
  9913.65464900    1.00394307580
  9918.43467900    1.00463930846
  9923.22690100    1.00668010894
  9928.03131500    1.00834940806
  9932.84792100    1.01045365261
  9937.67671900    1.01233600552
