#---------------------------------
#  energy flat
  10182.0000000    0.00559888971
  10187.0000000    0.00505684311
  10192.0000000    0.00466231506
  10197.0000000    0.00433467591
  10202.0000000    0.00380066635
  10207.0000000    0.00348261980
  10212.0000000    0.00295768431
  10217.0000000    0.00230934140
  10222.0000000    0.00151594289
  10227.0000000    0.00068559994
  10232.0000000    0.00043366451
  10237.0000000    0.00016280315
  10242.0000000   -0.00001991004
  10247.0000000   -0.00012795656
  10252.0000000   -0.00020100306
  10257.0000000   -0.00065542001
  10262.0000000   -0.00101792954
  10267.0000000   -0.00127427238
  10272.0000000   -0.00126189294
  10277.0000000   -0.00070130969
  10282.0000000   -0.00013035607
  10287.0000000   -0.00001155068
  10292.0000000    0.00019008805
  10297.0000000    0.00014659711
  10302.0000000    0.00024777286
  10307.0000000    0.00025548563
  10312.0000000    0.00054540216
  10317.0000000    0.00121824469
  10322.0000000    0.00217095764
  10327.0000000    0.00344437437
  10332.0000000    0.00434743917
  10337.0000000    0.00566168924
  10341.0000000    0.00718504494
  10344.0000000    0.00885463589
  10346.0000000    0.01050881392
  10347.0000000    0.01147467148
  10347.2000000    0.01224811719
  10347.4000000    0.01255697020
  10347.6000000    0.01265154540
  10347.8000000    0.01289169470
  10348.0000000    0.01308556621
  10348.2000000    0.01299684507
  10348.4000000    0.01314742028
  10348.6000000    0.01332625475
  10348.8000000    0.01366466333
  10349.0000000    0.01392347930
  10349.2000000    0.01447305459
  10349.4000000    0.01479862983
  10349.6000000    0.01504383468
  10349.8000000    0.01508979876
  10350.0000000    0.01519902211
  10350.2000000    0.01533844916
  10350.4000000    0.01571483923
  10350.6000000    0.01635463676
  10350.8000000    0.01668721200
  10351.0000000    0.01675975016
  10351.2000000    0.01710606614
  10351.4000000    0.01720051171
  10351.6000000    0.01752077214
  10351.8000000    0.01789353257
  10352.0000000    0.01807781149
  10352.2000000    0.01835334969
  10352.4000000    0.01869629530
  10352.6000000    0.01898855572
  10352.8000000    0.01925618651
  10353.0000000    0.01950502100
  10353.2000000    0.01985781846
  10353.4000000    0.02023706038
  10353.6000000    0.02038504300
  10353.8000000    0.02078295159
  10354.0000000    0.02134198984
  10354.2000000    0.02161350952
  10354.4000000    0.02184575141
  10354.6000000    0.02211675256
  10354.8000000    0.02270690193
  10355.0000000    0.02317558831
  10355.2000000    0.02371557101
  10355.4000000    0.02409559070
  10355.6000000    0.02457594375
  10355.8000000    0.02506368570
  10356.0000000    0.02561416839
  10356.2000000    0.02615194738
  10356.4000000    0.02660754116
  10356.6000000    0.02738059798
  10356.8000000    0.02798241401
  10357.0000000    0.02863789673
  10357.2000000    0.02906860162
  10357.4000000    0.02975882509
  10357.6000000    0.03029180778
  10357.8000000    0.03094080901
  10358.0000000    0.03161366210
  10358.2000000    0.03244181151
  10358.4000000    0.03324247944
  10358.6000000    0.03399233255
  10358.8000000    0.03470420416
  10359.0000000    0.03573224251
  10359.2000000    0.03678879938
  10359.4000000    0.03787620810
  10359.6000000    0.03882504273
  10359.8000000    0.03968858104
  10360.0000000    0.04077456384
  10360.2000000    0.04165767623
  10360.4000000    0.04276738126
  10360.6000000    0.04379736405
  10360.8000000    0.04502723577
  10361.0000000    0.04625775563
  10361.2000000    0.04729720139
  10361.4000000    0.04855623978
  10361.6000000    0.04986713003
  10361.8000000    0.05134277958
  10362.0000000    0.05306563288
  10362.2000000    0.05457148613
  10362.4000000    0.05630458017
  10362.6000000    0.05823497055
  10362.8000000    0.06003910164
  10363.0000000    0.06203780684
  10363.2000000    0.06393501203
  10363.4000000    0.06596664317
  10363.6000000    0.06816407063
  10363.8000000    0.07071564632
  10364.0000000    0.07323455533
  10364.2000000    0.07561670505
  10364.4000000    0.07815000296
  10364.6000000    0.08054809713
  10364.8000000    0.08342750621
  10365.0000000    0.08701702655
  10365.2000000    0.09086645435
  10365.4000000    0.09490851181
  10365.6000000    0.09915642116
  10365.8000000    0.10389329358
  10366.0000000    0.10874112898
  10366.2000000    0.11419692747
  10366.4000000    0.12005250381
  10366.6000000    0.12656011732
  10366.8000000    0.13372365688
  10367.0000000    0.14089860386
  10367.2000000    0.14904862510
  10367.4000000    0.15910290598
  10367.6000000    0.17068603902
  10367.8000000    0.18351919082
  10368.0000000    0.19744200951
  10368.2000000    0.21247562472
  10368.4000000    0.22982624038
  10368.6000000    0.24975493064
  10368.8000000    0.27242956588
  10369.0000000    0.29798301651
  10369.2000000    0.32629278250
  10369.4000000    0.35740591943
  10369.6000000    0.39144272360
  10369.8000000    0.42822352831
  10370.0000000    0.46822796330
  10370.2000000    0.51121802851
  10370.4000000    0.55748357586
  10370.6000000    0.60788767958
  10370.8000000    0.66283037680
  10371.0000000    0.72231218603
  10371.2000000    0.78699292222
  10371.4000000    0.85899928950
  10371.6000000    0.94322325180
  10371.8000000    1.03146002972
  10372.0000000    1.09824906263
  10372.2000000    1.18197602483
  10372.4000000    1.28151780500
  10372.6000000    1.38070102953
  10372.8000000    1.47862897727
  10373.0000000    1.57409874663
  10373.2000000    1.66516018869
  10373.4000000    1.74564604243
  10373.6000000    1.81817560418
  10373.8000000    1.88244165117
  10374.0000000    1.93847036819
  10374.2000000    1.98604319899
  10374.4000000    2.02634158786
  10374.6000000    2.06027009011
  10374.8000000    2.08863681650
  10375.0000000    2.11260428515
  10375.2000000    2.13363005163
  10375.4000000    2.15156996721
  10375.6000000    2.16838351317
  10375.8000000    2.18393250393
  10376.0000000    2.19639382765
  10376.2000000    2.20614496511
  10376.4000000    2.21346747168
  10376.6000000    2.21755193913
  10376.8000000    2.21727058922
  10377.0000000    2.21330423617
  10377.2000000    2.20453547205
  10377.4000000    2.19032911085
  10377.6000000    2.17093533755
  10377.8000000    2.14662300357
  10378.0000000    2.11796584904
  10378.2000000    2.08580517026
  10378.4000000    2.05148652230
  10378.6000000    2.01491657156
  10378.8000000    1.97694413229
  10379.0000000    1.93862283408
  10379.2000000    1.89972763930
  10379.4000000    1.85941439913
  10379.6000000    1.81793822423
  10379.8000000    1.77651737366
  10380.0000000    1.73418143931
  10380.2000000    1.69047023551
  10380.4000000    1.64617294698
  10380.6000000    1.60117653628
  10380.8000000    1.55594248453
  10381.0000000    1.51106553200
  10381.2000000    1.46728845629
  10381.4000000    1.42488840498
  10381.6000000    1.38417052589
  10381.8000000    1.34489785552
  10382.0000000    1.30783235649
  10382.2000000    1.27238784299
  10382.4000000    1.23909268511
  10382.6000000    1.20760673411
  10382.8000000    1.17811095245
  10383.0000000    1.15120837684
  10383.2000000    1.12678985872
  10383.4000000    1.10513824948
  10383.6000000    1.08713762279
  10383.8000000    1.07108205210
  10384.0000000    1.05459672145
  10384.2000000    1.03701274149
  10384.4000000    1.02646800221
  10384.6000000    1.01719839080
  10384.8000000    1.00924875886
  10385.0000000    1.00233029067
  10385.2000000    0.99526335631
  10385.4000000    0.98821362173
  10385.6000000    0.98271123497
  10385.8000000    0.97764189908
  10386.0000000    0.97349353957
  10386.2000000    0.97060967460
  10386.4000000    0.96808626645
  10386.6000000    0.96652246290
  10386.8000000    0.96612022652
  10387.0000000    0.96577588990
  10387.2000000    0.96621071202
  10387.4000000    0.96699406265
  10387.6000000    0.96863201548
  10387.8000000    0.97038308843
  10388.0000000    0.97327472576
  10388.2000000    0.97636296370
  10388.4000000    0.98017254277
  10388.6000000    0.98451575865
  10388.8000000    0.98925727752
  10389.0000000    0.99386535804
  10389.2000000    0.99879733327
  10389.4000000    1.00356086925
  10389.6000000    1.00880852123
  10389.8000000    1.01428232564
  10390.0000000    1.01949331894
  10390.2000000    1.02474120455
  10390.4000000    1.03014213005
  10390.6000000    1.03381102060
  10390.8000000    1.03985895056
  10391.0000000    1.04578665976
  10391.2000000    1.05161048100
  10391.4000000    1.05735296951
  10391.6000000    1.06278493942
  10391.8000000    1.06732798279
  10392.0000000    1.07113558078
  10392.2000000    1.07425284386
  10392.4000000    1.07755503106
  10392.6000000    1.08076058636
  10392.8000000    1.08303365729
  10393.0000000    1.08488783599
  10393.2000000    1.08636097382
  10393.4000000    1.08804807054
  10393.6000000    1.08923616249
  10393.8000000    1.08957239737
  10394.0000000    1.08991725636
  10394.2000000    1.08991399810
  10394.4000000    1.08957480736
  10394.6000000    1.08878457244
  10394.8000000    1.08814892277
  10395.0000000    1.08787863571
  10395.2000000    1.08657448818
  10395.4000000    1.08487270206
  10395.6000000    1.08354612896
  10395.8000000    1.08103506444
  10396.0000000    1.07806854515
  10396.2000000    1.07441971872
  10396.4000000    1.06939843638
  10396.6000000    1.06380243864
  10396.8000000    1.05738620641
  10397.0000000    1.04956666501
  10397.2278600    1.04035474867
  10397.4835810    1.03103847055
  10397.7671620    1.01969106742
  10398.0786040    1.00263528431
  10398.4179050    0.98722927989
  10398.7850670    0.97104160306
  10399.1800900    0.95259309981
  10399.6029730    0.93381624412
  10400.0537160    0.91365142765
  10400.5323190    0.89322722192
  10401.0387830    0.87400433846
  10401.5731070    0.85423700563
  10402.1352920    0.83740173759
  10402.7253370    0.82421267591
  10403.3432420    0.81609047113
  10403.9890080    0.81273431885
  10404.6626340    0.81476589328
  10405.3641200    0.82016037614
  10406.0934670    0.82868990051
  10406.8506740    0.83875981776
  10407.6357410    0.84994605948
  10408.4486690    0.86129128512
  10409.2894570    0.87539729742
  10410.1581060    0.89223599315
  10411.0546140    0.91423319149
  10411.9789830    0.94194365162
  10412.9312130    0.96828827151
  10413.9113030    0.99018497575
  10414.9192530    1.02354323188
  10415.9550640    1.05454818786
  10417.0187340    1.08279780092
  10418.1102660    1.10736296345
  10419.2327230    1.12671900834
  10420.3673730    1.14217409797
  10421.5142140    1.15481240707
  10422.6732480    1.16537873103
  10423.8444730    1.17367857922
  10425.0278900    1.17906556532
  10426.2234990    1.18249967622
  10427.4313000    1.18353908411
  10428.6512930    1.18238622077
  10429.8834780    1.17891529576
  10431.1278550    1.17291885138
  10432.3844230    1.16467683997
  10433.6531840    1.15467661389
  10434.9341360    1.14292434865
  10436.2272800    1.13096465738
  10437.5326170    1.11954985588
  10438.8501450    1.10831174684
  10440.1798650    1.09772082933
  10441.5217770    1.08804304783
  10442.8758810    1.07888478973
  10444.2421770    1.07081584884
  10445.6206640    1.06422479713
  10447.0113440    1.05788034631
  10448.4142150    1.05141688168
  10449.8292790    1.04317351880
  10451.2565340    1.03455097235
  10452.6959810    1.02548331886
  10454.1476200    1.01660359793
  10455.6114520    1.00943747418
  10457.0874750    1.00331909678
  10458.5756890    0.99841664530
  10460.0760960    0.99449384827
  10461.5886950    0.99125895544
  10463.1134850    0.98750787977
  10464.6504680    0.98364445178
  10466.1996420    0.98052180236
  10467.7610090    0.97834153293
  10469.3345670    0.97707891511
  10470.9203170    0.97663376689
  10472.5182590    0.97721286721
  10474.1283930    0.97889802820
  10475.7507190    0.98067439048
  10477.3852370    0.98267560962
  10479.0319460    0.98423578256
  10480.6908480    0.98536877441
  10482.3619420    0.98668941409
  10484.0452270    0.98751648811
  10485.7407040    0.98760355287
  10487.4483740    0.98654990030
  10489.1682350    0.98601334096
  10490.9002880    0.98627760108
  10492.6445330    0.98776355114
  10494.4009700    0.98966679662
  10496.1695980    0.99352301343
  10497.9504190    0.99893716318
  10499.7434320    1.00527257612
  10501.5486360    1.01256457695
  10503.3660320    1.01934218465
  10505.1956210    1.02523989336
  10507.0374010    1.02884063972
  10508.8913730    1.03116153527
  10510.7575370    1.03306698261
  10512.6358930    1.03384093277
  10514.5264410    1.03544444177
  10516.4291810    1.03684878006
  10518.3441120    1.03783617598
  10520.2712360    1.03777662391
  10522.2105520    1.03532248566
  10524.1620590    1.03074985636
  10526.1257580    1.02430371001
  10528.1016490    1.01700731117
  10530.0897330    1.00908539628
  10532.0900080    1.00034477222
  10534.1024750    0.99242260465
  10536.1271330    0.98432431257
  10538.1639840    0.97629456303
  10540.2130270    0.96970424064
  10542.2742610    0.96567507373
  10544.3476880    0.96300400053
  10546.4333060    0.96103110372
  10548.5311170    0.96022604568
  10550.6411190    0.96007874402
  10552.7633130    0.96051491876
  10554.8976990    0.96145250490
  10557.0442770    0.96295487291
  10559.2030470    0.96554582889
  10561.3740080    0.96820813370
  10563.5571620    0.97098516573
  10565.7525080    0.97430892713
  10567.9600450    0.97781807743
  10570.1797750    0.98082900433
  10572.4116960    0.98338660898
  10574.6558090    0.98459233555
  10576.9121140    0.98567821271
  10579.1806110    0.98692037044
  10581.4613000    0.98836289228
  10583.7541810    0.98935840725
  10586.0592540    0.98954627586
  10588.3765180    0.98884325686
  10590.7059750    0.98750080065
  10593.0476230    0.98543020292
  10595.4014640    0.98267470908
  10597.7674960    0.97929026188
  10600.1457200    0.97542819873
  10602.5361360    0.97170107064
  10604.9387440    0.96828923308
  10607.3535440    0.96585629085
  10609.7805360    0.96556439446
  10612.2197200    0.96675568413
  10614.6710960    0.96893795638
  10617.1346630    0.97157518375
  10619.6104230    0.97439395606
  10622.0983740    0.97670915235
  10624.5985170    0.97904300981
  10627.1108520    0.98041560772
  10629.6353800    0.98228690412
  10632.1720990    0.98551640429
  10634.7210090    0.98878686088
  10637.2821120    0.99112401540
  10639.8554070    0.99244597141
  10642.4408940    0.99357200741
  10645.0385720    0.99465328128
  10647.6484430    0.99512019798
  10650.2705050    0.99478711807
  10652.9047590    0.99448416848
  10655.5512050    0.99373013284
  10658.2098440    0.99253222931
  10660.8806740    0.99127463076
  10663.5636960    0.98932079475
  10666.2589090    0.98621850361
  10668.9663150    0.98177867645
  10671.6859130    0.97753085460
  10674.4177020    0.97399242140
  10677.1616840    0.97067663782
  10679.9178570    0.96843660964
  10682.6862220    0.96735076513
  10685.4667800    0.96788485646
  10688.2595290    0.97126166573
  10691.0644700    0.97525866708
  10693.8816020    0.97914303126
  10696.7109270    0.98351839984
  10699.5524440    0.98679844409
  10702.4061530    0.98805819668
  10705.2720530    0.98839853441
  10708.1501460    0.98818117597
  10711.0404300    0.98868975982
  10713.9429060    0.99049235907
  10716.8575740    0.99346715044
  10719.7844350    0.99643193173
  10722.7234870    0.99887545735
  10725.6747300    1.00151795521
  10728.6381660    1.00407345920
  10731.6137940    1.00639081259
  10734.6016140    1.00799788760
  10737.6016250    1.00809717998
  10740.6138290    1.00800725166
  10743.6382240    1.00696688175
  10746.6748110    1.00526717520
  10749.7235900    1.00457045366
  10752.7845610    1.00370014344
  10755.8577240    1.00158155400
  10758.9430790    0.99984043419
  10762.0406260    0.99900326820
  10765.1503650    0.99909564576
  10768.2722950    0.99954815260
  10771.4064180    0.99988547926
  10774.5527320    1.00090501761
  10777.7112390    1.00203422754
  10780.8819370    1.00400567803
  10784.0648270    1.00559582193
  10787.2599090    1.00690955347
  10790.4671830    1.00922724567
  10793.6866490    1.01063286084
  10796.9183070    1.01109958112
  10800.1621570    1.01188884615
  10803.4181980    1.01265261203
  10806.6864320    1.01330364694
  10809.9668570    1.01436423834
  10813.2594740    1.01533285576
  10816.5642840    1.01568541324
  10819.8812850    1.01611738106
  10823.2104780    1.01734496929
  10826.5518630    1.01860427700
  10829.9054400    1.01873395991
  10833.2712090    1.01858789701
  10836.6491690    1.01837596929
  10840.0393220    1.01825076192
  10843.4416660    1.01800501207
  10846.8562030    1.01666690203
  10850.2829310    1.01560598971
  10853.7218510    1.01444676067
  10857.1729640    1.01327388949
  10860.6362680    1.01265713073
  10864.1117640    1.01155987134
  10867.5994510    1.01130346785
  10871.0993310    1.01310091054
  10874.6114030    1.01522234473
  10878.1356660    1.01641340368
  10881.6721220    1.01709791169
  10885.2207690    1.01780392488
  10888.7816090    1.01799706026
  10892.3546400    1.01813616819
  10895.9398630    1.01757721700
  10899.5372780    1.01678270367
  10903.1468850    1.01704139466
  10906.7686840    1.01720917751
  10910.4026750    1.01646758048
  10914.0488570    1.01594466292
  10917.7072320    1.01622171671
  10921.3777990    1.01542719557
  10925.0605570    1.01453882672
  10928.7555070    1.01389475717
  10932.4626500    1.01387125921
  10936.1819840    1.01373162218
  10939.9135100    1.01224681561
  10943.6572280    1.01089915988
  10947.4131380    1.00907410292
  10951.1812390    1.00774740742
  10954.9615330    1.00632762999
  10958.7540190    1.00496197756
  10962.5586960    1.00370901011
  10966.3755650    1.00422460314
  10970.2046270    1.00332946667
  10974.0458800    1.00179985397
  10977.8993250    1.00172103852
  10981.7649620    1.00163087259
  10985.6427910    1.00122378785
  10989.5328120    1.00141535197
  10993.4350250    1.00163767597
  10997.3494290    1.00168093474
  11001.2760260    1.00162440176
  11005.2148140    1.00148101101
  11009.1657950    1.00088779541
  11013.1289670    1.00072937611
  11017.1043310    1.00066825352
  11021.0918880    1.00019662520
  11025.0916360    0.99992879757
  11029.1035750    1.00019495907
  11033.1277070    1.00033158946
  11037.1640310    1.00013850119
  11041.2125470    0.99911194849
  11045.2732540    0.99803103744
  11049.3461540    0.99695779707
  11053.4312450    0.99481822364
  11057.5285290    0.99388279342
  11061.6380040    0.99402932186
  11065.7596710    0.99414762510
  11069.8935300    0.99422630262
  11074.0395810    0.99433877445
  11078.1978240    0.99462565217
  11082.3682580    0.99388618498
  11086.5508850    0.99290066543
  11090.7457040    0.99288862080
  11094.9527140    0.99284051394
  11099.1719160    0.99181374397
  11103.4033110    0.99184750070
  11107.6468970    0.99265521222
  11111.9026750    0.99211065167
  11116.1706450    0.99157468384
  11120.4508070    0.99153556067
  11124.7431610    0.99137195955
  11129.0477070    0.99073042888
  11133.3644440    0.99034257596
  11137.6933740    0.98996680412
  11142.0344950    0.98952646940
  11146.3878090    0.98938961467
  11150.7533140    0.98973897861
  11155.1310110    0.98917198937
  11159.5209000    0.98791091915
  11163.9229810    0.98944969917
  11168.3372540    0.98726817759
  11172.7637190    0.98540771763
  11177.2023760    0.98690952970
  11181.6532240    0.98639856110
  11186.1162650    0.98542438578
  11190.5914970    0.98603884015
  11195.0789220    0.98718609059
  11199.5785380    0.98681327210
  11204.0903460    0.98770252175
  11208.6143460    0.98879772218
  11213.1505380    0.98943146649
  11217.6989220    0.99072480033
  11222.2594980    0.99288496362
  11226.8322660    0.99472576215
  11231.4172260    0.99614168089
  11236.0143770    0.99763499716
  11240.6237210    0.99823548183
  11245.2452560    0.99801029665
  11249.8789830    0.99826647100
  11254.5249020    0.99858757289
  11259.1830130    0.99992200655
  11263.8533160    1.00111879135
  11268.5358110    1.00244130464
  11273.2304980    1.00313231977
  11277.9373770    1.00464930485
  11282.6564480    1.00587564567
  11287.3877100    1.00715498197
  11292.1311650    1.00970605813
  11296.8868110    1.01166487723
  11301.6546490    1.01371580985
  11306.4346790    1.01643315405
  11311.2269010    1.01916891319
  11316.0313150    1.02124461354
  11320.8479210    1.02459004669
  11325.6767190    1.02871001145
