#---------------------------------
#  energy flat
  10182.0000000    0.00172558775
  10187.0000000    0.00131882271
  10192.0000000    0.00120235433
  10197.0000000    0.00116465391
  10202.0000000    0.00109397688
  10207.0000000    0.00067226131
  10212.0000000    0.00001654851
  10217.0000000   -0.00028513563
  10222.0000000   -0.00071035390
  10227.0000000   -0.00059239790
  10232.0000000   -0.00034467126
  10237.0000000    0.00008639164
  10242.0000000    0.00039622707
  10247.0000000    0.00040696638
  10252.0000000    0.00047451772
  10257.0000000    0.00049473994
  10262.0000000    0.00034837049
  10267.0000000    0.00045718531
  10272.0000000    0.00050457478
  10277.0000000    0.00041561539
  10282.0000000    0.00004746544
  10287.0000000   -0.00015896244
  10292.0000000   -0.00021964397
  10297.0000000   -0.00029407999
  10302.0000000   -0.00043583613
  10307.0000000   -0.00059578920
  10312.0000000   -0.00028168219
  10317.0000000    0.00028649847
  10322.0000000    0.00158383805
  10327.0000000    0.00314456332
  10332.0000000    0.00419731216
  10337.0000000    0.00571694483
  10341.0000000    0.00751913906
  10344.0000000    0.00938168721
  10346.0000000    0.01118404526
  10347.0000000    0.01244087613
  10347.2000000    0.01322641209
  10347.4000000    0.01355326565
  10347.6000000    0.01386004277
  10347.8000000    0.01405088918
  10348.0000000    0.01425702786
  10348.2000000    0.01458618807
  10348.4000000    0.01482803716
  10348.6000000    0.01486117679
  10348.8000000    0.01538221644
  10349.0000000    0.01525107106
  10349.2000000    0.01568232206
  10349.4000000    0.01562020543
  10349.6000000    0.01570238282
  10349.8000000    0.01564393975
  10350.0000000    0.01592517282
  10350.2000000    0.01611636096
  10350.4000000    0.01664577290
  10350.6000000    0.01704797715
  10350.8000000    0.01746846377
  10351.0000000    0.01762180570
  10351.2000000    0.01790560172
  10351.4000000    0.01813523409
  10351.6000000    0.01864807229
  10351.8000000    0.01926573510
  10352.0000000    0.01992722434
  10352.2000000    0.02038700950
  10352.4000000    0.02096930362
  10352.6000000    0.02149982617
  10352.8000000    0.02190681459
  10353.0000000    0.02241435604
  10353.2000000    0.02288362412
  10353.4000000    0.02331590030
  10353.6000000    0.02371938603
  10353.8000000    0.02433089776
  10354.0000000    0.02528413599
  10354.2000000    0.02579236089
  10354.4000000    0.02635697066
  10354.6000000    0.02639643223
  10354.8000000    0.02703434234
  10355.0000000    0.02715026521
  10355.2000000    0.02786540551
  10355.4000000    0.02840737590
  10355.6000000    0.02893337057
  10355.8000000    0.02938264765
  10356.0000000    0.03004148850
  10356.2000000    0.03059268551
  10356.4000000    0.03118130156
  10356.6000000    0.03191404077
  10356.8000000    0.03270666755
  10357.0000000    0.03336567927
  10357.2000000    0.03406253719
  10357.4000000    0.03461202556
  10357.6000000    0.03521738622
  10357.8000000    0.03588374505
  10358.0000000    0.03671088621
  10358.2000000    0.03748762270
  10358.4000000    0.03851484472
  10358.6000000    0.03974812782
  10358.8000000    0.04079687861
  10359.0000000    0.04186613298
  10359.2000000    0.04287917335
  10359.4000000    0.04390537019
  10359.6000000    0.04495207062
  10359.8000000    0.04574657689
  10360.0000000    0.04692330425
  10360.2000000    0.04775164145
  10360.4000000    0.04918278419
  10360.6000000    0.05045912483
  10360.8000000    0.05176980898
  10361.0000000    0.05320829884
  10361.2000000    0.05493708536
  10361.4000000    0.05680478370
  10361.6000000    0.05865419967
  10361.8000000    0.06062988359
  10362.0000000    0.06231561257
  10362.2000000    0.06428121556
  10362.4000000    0.06596933662
  10362.6000000    0.06796740363
  10362.8000000    0.07040476004
  10363.0000000    0.07280093842
  10363.2000000    0.07511048912
  10363.4000000    0.07730436541
  10363.6000000    0.07988336746
  10363.8000000    0.08206477073
  10364.0000000    0.08473074217
  10364.2000000    0.08770785559
  10364.4000000    0.09070461829
  10364.6000000    0.09405404273
  10364.8000000    0.09745489701
  10365.0000000    0.10165163231
  10365.2000000    0.10591944672
  10365.4000000    0.11039520170
  10365.6000000    0.11539687376
  10365.8000000    0.12075906728
  10366.0000000    0.12623129674
  10366.2000000    0.13234699719
  10366.4000000    0.13892385755
  10366.6000000    0.14613171589
  10366.8000000    0.15406796427
  10367.0000000    0.16290534542
  10367.2000000    0.17209504659
  10367.4000000    0.18237536789
  10367.6000000    0.19427889005
  10367.8000000    0.20767831997
  10368.0000000    0.22279048309
  10368.2000000    0.23947663848
  10368.4000000    0.25841545494
  10368.6000000    0.27923103333
  10368.8000000    0.30272438057
  10369.0000000    0.32864364423
  10369.2000000    0.35748518204
  10369.4000000    0.38932144003
  10369.6000000    0.42491207620
  10369.8000000    0.46397482446
  10370.0000000    0.50690403719
  10370.2000000    0.55424254694
  10370.4000000    0.60581385197
  10370.6000000    0.66215053303
  10370.8000000    0.72376910972
  10371.0000000    0.79014861999
  10371.2000000    0.86401296577
  10371.4000000    0.94448493513
  10371.6000000    1.02220726085
  10371.8000000    1.07491726951
  10372.0000000    1.14740436950
  10372.2000000    1.22299726229
  10372.4000000    1.29404588713
  10372.6000000    1.36085745590
  10372.8000000    1.42232118610
  10373.0000000    1.47598894876
  10373.2000000    1.52240477206
  10373.4000000    1.56274624515
  10373.6000000    1.59821932035
  10373.8000000    1.62853387157
  10374.0000000    1.65379993436
  10374.2000000    1.67538202215
  10374.4000000    1.69387576397
  10374.6000000    1.70983851520
  10374.8000000    1.72367180418
  10375.0000000    1.73584174539
  10375.2000000    1.74701675560
  10375.4000000    1.75773949597
  10375.6000000    1.76786507410
  10375.8000000    1.77755205075
  10376.0000000    1.78564231434
  10376.2000000    1.79217277106
  10376.4000000    1.79688610039
  10376.6000000    1.79997776943
  10376.8000000    1.79999509858
  10377.0000000    1.79707511972
  10377.2000000    1.79071310243
  10377.4000000    1.78082976569
  10377.6000000    1.76721973159
  10377.8000000    1.74955870129
  10378.0000000    1.72858172801
  10378.2000000    1.70442686890
  10378.4000000    1.67851502244
  10378.6000000    1.65092717739
  10378.8000000    1.62291712776
  10379.0000000    1.59497422567
  10379.2000000    1.56673248156
  10379.4000000    1.53940604935
  10379.6000000    1.51315178098
  10379.8000000    1.48817847114
  10380.0000000    1.46428450068
  10380.2000000    1.44173607424
  10380.4000000    1.42069243591
  10380.6000000    1.40080109440
  10380.8000000    1.38279505276
  10381.0000000    1.36549569584
  10381.2000000    1.34935461487
  10381.4000000    1.33445074825
  10381.6000000    1.32042289059
  10381.8000000    1.30661185129
  10382.0000000    1.29292997694
  10382.2000000    1.28025875076
  10382.4000000    1.26771002519
  10382.6000000    1.25506646169
  10382.8000000    1.24256624334
  10383.0000000    1.23029958551
  10383.2000000    1.21834713527
  10383.4000000    1.20655511537
  10383.6000000    1.19444852551
  10383.8000000    1.18243589941
  10384.0000000    1.17100026699
  10384.2000000    1.16007140314
  10384.4000000    1.14968194233
  10384.6000000    1.13975004073
  10384.8000000    1.12983504160
  10385.0000000    1.12059818527
  10385.2000000    1.11148519107
  10385.4000000    1.10301702060
  10385.6000000    1.09512959979
  10385.8000000    1.08776295522
  10386.0000000    1.08060799491
  10386.2000000    1.07403497918
  10386.4000000    1.06818042733
  10386.6000000    1.06232551728
  10386.8000000    1.05720376458
  10387.0000000    1.05281602322
  10387.2000000    1.04930120464
  10387.4000000    1.04614449734
  10387.6000000    1.04353282546
  10387.8000000    1.04174230363
  10388.0000000    1.04007256295
  10388.2000000    1.03885285653
  10388.4000000    1.03762475798
  10388.6000000    1.03653196283
  10388.8000000    1.03541813081
  10389.0000000    1.03461405278
  10389.2000000    1.03415253415
  10389.4000000    1.03393481562
  10389.6000000    1.03387170613
  10389.8000000    1.03364881688
  10390.0000000    1.03384229839
  10390.2000000    1.03390060380
  10390.4000000    1.03381296822
  10390.6000000    1.03363645970
  10390.8000000    1.03358123954
  10391.0000000    1.03376844953
  10391.2000000    1.03375709108
  10391.4000000    1.03427299112
  10391.6000000    1.03445192275
  10391.8000000    1.03474581897
  10392.0000000    1.03491034497
  10392.2000000    1.03538188511
  10392.4000000    1.03589115845
  10392.6000000    1.03636537695
  10392.8000000    1.03654260684
  10393.0000000    1.03705230790
  10393.2000000    1.03821433588
  10393.4000000    1.03942178393
  10393.6000000    1.04070660340
  10393.8000000    1.04200625771
  10394.0000000    1.04328879511
  10394.2000000    1.04456070809
  10394.4000000    1.04550863305
  10394.6000000    1.04684318983
  10394.8000000    1.04830825402
  10395.0000000    1.04956414920
  10395.2000000    1.05048648645
  10395.4000000    1.05111148845
  10395.6000000    1.05150391200
  10395.8000000    1.05155115776
  10396.0000000    1.05176769472
  10396.2000000    1.05144409821
  10396.4000000    1.05015201371
  10396.6000000    1.04876694414
  10396.8000000    1.04695553491
  10397.0000000    1.04421596026
  10397.2278600    1.04037708203
  10397.4835810    1.03506612929
  10397.7671620    1.02733301629
  10398.0786040    1.01863753467
  10398.4179050    1.00901468175
  10398.7850670    0.99709702627
  10399.1800900    0.98013642257
  10399.6029730    0.96458078463
  10400.0537160    0.94942499530
  10400.5323190    0.93304526751
  10401.0387830    0.91752864555
  10401.5731070    0.90296635030
  10402.1352920    0.88967892147
  10402.7253370    0.87852788145
  10403.3432420    0.86987499983
  10403.9890080    0.86464147448
  10404.6626340    0.86234608605
  10405.3641200    0.86248354506
  10406.0934670    0.86509534501
  10406.8506740    0.86809695574
  10407.6357410    0.87344990879
  10408.4486690    0.88084105309
  10409.2894570    0.88842000717
  10410.1581060    0.89791120710
  10411.0546140    0.91028338832
  10411.9789830    0.92724154754
  10412.9312130    0.94619537441
  10413.9113030    0.96063326870
  10414.9192530    0.98091998089
  10415.9550640    1.00496690965
  10417.0187340    1.02742865375
  10418.1102660    1.04739577033
  10419.2327230    1.06525791050
  10420.3673730    1.07867157906
  10421.5142140    1.08900048203
  10422.6732480    1.09668565624
  10423.8444730    1.10199694256
  10425.0278900    1.10519563283
  10426.2234990    1.10649859681
  10427.4313000    1.10657019531
  10428.6512930    1.10567633659
  10429.8834780    1.10533125545
  10431.1278550    1.10600999643
  10432.3844230    1.10668537636
  10433.6531840    1.10693027738
  10434.9341360    1.10693320965
  10436.2272800    1.10602938579
  10437.5326170    1.10287637421
  10438.8501450    1.09778536306
  10440.1798650    1.09133151749
  10441.5217770    1.08452280041
  10442.8758810    1.07745749765
  10444.2421770    1.07018673599
  10445.6206640    1.06256429544
  10447.0113440    1.05545887693
  10448.4142150    1.04881413383
  10449.8292790    1.04120492516
  10451.2565340    1.03398537694
  10452.6959810    1.02733526517
  10454.1476200    1.02165392496
  10455.6114520    1.01654736970
  10457.0874750    1.01107673300
  10458.5756890    1.00611412232
  10460.0760960    1.00234932829
  10461.5886950    0.99994930307
  10463.1134850    0.99882470098
  10464.6504680    0.99838946948
  10466.1996420    0.99805448455
  10467.7610090    0.99754636759
  10469.3345670    0.99630794031
  10470.9203170    0.99497652107
  10472.5182590    0.99330384264
  10474.1283930    0.99128460222
  10475.7507190    0.98933996802
  10477.3852370    0.98696212146
  10479.0319460    0.98554495001
  10480.6908480    0.98463068768
  10482.3619420    0.98297594007
  10484.0452270    0.98207795552
  10485.7407040    0.98170501006
  10487.4483740    0.98180990799
  10489.1682350    0.98212640716
  10490.9002880    0.98250478548
  10492.6445330    0.98378256570
  10494.4009700    0.98549306696
  10496.1695980    0.98806868763
  10497.9504190    0.99175967699
  10499.7434320    0.99630061823
  10501.5486360    1.00076553258
  10503.3660320    1.00520713805
  10505.1956210    1.00999509887
  10507.0374010    1.01379830550
  10508.8913730    1.01632038683
  10510.7575370    1.01893857320
  10512.6358930    1.02098417295
  10514.5264410    1.02185273349
  10516.4291810    1.02179770077
  10518.3441120    1.02087807415
  10520.2712360    1.01875934512
  10522.2105520    1.01675617497
  10524.1620590    1.01401957792
  10526.1257580    1.01022186306
  10528.1016490    1.00701461468
  10530.0897330    1.00388474279
  10532.0900080    0.99986380441
  10534.1024750    0.99704060235
  10536.1271330    0.99452613053
  10538.1639840    0.99179753294
  10540.2130270    0.98901420705
  10542.2742610    0.98699798049
  10544.3476880    0.98595915104
  10546.4333060    0.98468369794
  10548.5311170    0.98405818183
  10550.6411190    0.98400822576
  10552.7633130    0.98349731126
  10554.8976990    0.98353414704
  10557.0442770    0.98436709279
  10559.2030470    0.98514089533
  10561.3740080    0.98637813622
  10563.5571620    0.98724199843
  10565.7525080    0.98822019235
  10567.9600450    0.98945459359
  10570.1797750    0.99042052944
  10572.4116960    0.99110591328
  10574.6558090    0.99094539236
  10576.9121140    0.99032702421
  10579.1806110    0.98958093579
  10581.4613000    0.98850005176
  10583.7541810    0.98667498716
  10586.0592540    0.98468923497
  10588.3765180    0.98255013022
  10590.7059750    0.98028191261
  10593.0476230    0.97842841218
  10595.4014640    0.97719838465
  10597.7674960    0.97653881840
  10600.1457200    0.97622053080
  10602.5361360    0.97581237141
  10604.9387440    0.97558457532
  10607.3535440    0.97514459041
  10609.7805360    0.97580678018
  10612.2197200    0.97769372844
  10614.6710960    0.97916829014
  10617.1346630    0.98111251989
  10619.6104230    0.98388391167
  10622.0983740    0.98590800314
  10624.5985170    0.98777891762
  10627.1108520    0.98931590573
  10629.6353800    0.99069343356
  10632.1720990    0.99209587096
  10634.7210090    0.99322916050
  10637.2821120    0.99329518854
  10639.8554070    0.99377532136
  10642.4408940    0.99406706804
  10645.0385720    0.99404480910
  10647.6484430    0.99436939794
  10650.2705050    0.99490631385
  10652.9047590    0.99456965919
  10655.5512050    0.99415182799
  10658.2098440    0.99332212138
  10660.8806740    0.99197879058
  10663.5636960    0.99081817877
  10666.2589090    0.98941251282
  10668.9663150    0.98799217476
  10671.6859130    0.98665119115
  10674.4177020    0.98593090053
  10677.1616840    0.98510738895
  10679.9178570    0.98444261789
  10682.6862220    0.98417154242
  10685.4667800    0.98519325522
  10688.2595290    0.98613572833
  10691.0644700    0.98737365932
  10693.8816020    0.98909293498
  10696.7109270    0.99120331811
  10699.5524440    0.99325643556
  10702.4061530    0.99395659572
  10705.2720530    0.99506552685
  10708.1501460    0.99594175641
  10711.0404300    0.99655071308
  10713.9429060    0.99756707009
  10716.8575740    0.99797360630
  10719.7844350    0.99808155429
  10722.7234870    0.99827287936
  10725.6747300    0.99885470031
  10728.6381660    0.99957096321
  10731.6137940    0.99976408038
  10734.6016140    0.99915184358
  10737.6016250    0.99926233522
  10740.6138290    0.99923649927
  10743.6382240    0.99850300943
  10746.6748110    0.99809767171
  10749.7235900    0.99874770770
  10752.7845610    0.99935773529
  10755.8577240    0.99968241135
  10758.9430790    0.99997684592
  10762.0406260    1.00140718679
  10765.1503650    1.00239448776
  10768.2722950    1.00269731580
  10771.4064180    1.00366462683
  10774.5527320    1.00496954761
  10777.7112390    1.00648271651
  10780.8819370    1.00706633481
  10784.0648270    1.00686783194
  10787.2599090    1.00722657602
  10790.4671830    1.00766599707
  10793.6866490    1.00847601429
  10796.9183070    1.00934339686
  10800.1621570    1.01004751853
  10803.4181980    1.01014050306
  10806.6864320    1.01032506351
  10809.9668570    1.01079200634
  10813.2594740    1.01038094799
  10816.5642840    1.01050607090
  10819.8812850    1.00996803305
  10823.2104780    1.00980135606
  10826.5518630    1.01072173017
  10829.9054400    1.01165522362
  10833.2712090    1.01107374941
  10836.6491690    1.01093380641
  10840.0393220    1.01121978827
  10843.4416660    1.01060522859
  10846.8562030    1.01048380250
  10850.2829310    1.01060206665
  10853.7218510    1.00960109235
  10857.1729640    1.00897468518
  10860.6362680    1.00910877749
  10864.1117640    1.00925784580
  10867.5994510    1.00880759337
  10871.0993310    1.00831823881
  10874.6114030    1.00815077930
  10878.1356660    1.00802137788
  10881.6721220    1.00769096618
  10885.2207690    1.00773276660
  10888.7816090    1.00796205449
  10892.3546400    1.00795422104
  10895.9398630    1.00765816826
  10899.5372780    1.00810949474
  10903.1468850    1.00898407636
  10906.7686840    1.00912910849
  10910.4026750    1.00916637974
  10914.0488570    1.00925020514
  10917.7072320    1.00919078718
  10921.3777990    1.00907992158
  10925.0605570    1.00875448507
  10928.7555070    1.00854481534
  10932.4626500    1.00882944358
  10936.1819840    1.00937727307
  10939.9135100    1.00987725210
  10943.6572280    1.00983859247
  10947.4131380    1.00958075158
  10951.1812390    1.00912999814
  10954.9615330    1.00790194650
  10958.7540190    1.00669314308
  10962.5586960    1.00547385330
  10966.3755650    1.00440948140
  10970.2046270    1.00318532065
  10974.0458800    1.00250092622
  10977.8993250    1.00142343935
  10981.7649620    1.00021571953
  10985.6427910    0.99998265751
  10989.5328120    0.99943946801
  10993.4350250    0.99889963898
  10997.3494290    0.99854647998
  11001.2760260    0.99862038587
  11005.2148140    0.99852420314
  11009.1657950    0.99844574128
  11013.1289670    0.99896718652
  11017.1043310    0.99937491784
  11021.0918880    0.99917609172
  11025.0916360    0.99935346530
  11029.1035750    0.99961551987
  11033.1277070    0.99994516572
  11037.1640310    1.00057787640
  11041.2125470    1.00080496051
  11045.2732540    1.00012825724
  11049.3461540    0.99966428798
  11053.4312450    0.99900242987
  11057.5285290    0.99793609585
  11061.6380040    0.99742641099
  11065.7596710    0.99708778374
  11069.8935300    0.99699051749
  11074.0395810    0.99697940729
  11078.1978240    0.99665904715
  11082.3682580    0.99628266174
  11086.5508850    0.99615749965
  11090.7457040    0.99594942628
  11094.9527140    0.99569750777
  11099.1719160    0.99517942398
  11103.4033110    0.99470359296
  11107.6468970    0.99457949875
  11111.9026750    0.99441167951
  11116.1706450    0.99457086465
  11120.4508070    0.99459332811
  11124.7431610    0.99423443188
  11129.0477070    0.99376251126
  11133.3644440    0.99379826609
  11137.6933740    0.99342056697
  11142.0344950    0.99322149859
  11146.3878090    0.99342548944
  11150.7533140    0.99330975326
  11155.1310110    0.99317911981
  11159.5209000    0.99288192200
  11163.9229810    0.99455166767
  11168.3372540    0.99381988473
  11172.7637190    0.99252800699
  11177.2023760    0.99315279028
  11181.6532240    0.99230599309
  11186.1162650    0.99169730146
  11190.5914970    0.99134833207
  11195.0789220    0.99145811063
  11199.5785380    0.99157507695
  11204.0903460    0.99157134207
  11208.6143460    0.99177357353
  11213.1505380    0.99233182786
  11217.6989220    0.99288910126
  11222.2594980    0.99349647444
  11226.8322660    0.99405302420
  11231.4172260    0.99474596827
  11236.0143770    0.99569151271
  11240.6237210    0.99648411208
  11245.2452560    0.99786171062
  11249.8789830    0.99882122314
  11254.5249020    0.99941215438
  11259.1830130    0.99998685118
  11263.8533160    1.00036361552
  11268.5358110    1.00088742502
  11273.2304980    1.00153871108
  11277.9373770    1.00233010485
  11282.6564480    1.00337854288
  11287.3877100    1.00468041299
  11292.1311650    1.00590754154
  11296.8868110    1.00715797383
  11301.6546490    1.00885994413
  11306.4346790    1.01135224077
  11311.2269010    1.01386688618
  11316.0313150    1.01553894044
  11320.8479210    1.01893687917
  11325.6767190    1.02257468373
