#---------------------------------
#  energy flat
  8794.00000000    0.00462603631
  8799.00000000    0.00382168868
  8804.00000000    0.00268382221
  8809.00000000    0.00090090446
  8814.00000000   -0.00031339100
  8819.00000000   -0.00158945782
  8824.00000000   -0.00223582896
  8829.00000000   -0.00227937671
  8834.00000000   -0.00209480083
  8839.00000000   -0.00183972881
  8844.00000000   -0.00119006456
  8849.00000000   -0.00033344879
  8854.00000000    0.00052328332
  8859.00000000    0.00134802461
  8864.00000000    0.00196092850
  8869.00000000    0.00192552386
  8874.00000000    0.00161906973
  8879.00000000    0.00196615899
  8884.00000000    0.00269190322
  8889.00000000    0.00195467815
  8894.00000000    0.00177467501
  8899.00000000    0.00050489002
  8904.00000000   -0.00079572249
  8909.00000000   -0.00182167926
  8914.00000000   -0.00229576529
  8919.00000000   -0.00226660663
  8924.00000000   -0.00135194205
  8929.00000000   -0.00015599092
  8934.00000000    0.00110685012
  8939.00000000    0.00193391801
  8944.00000000    0.00308973521
  8949.00000000    0.00384549265
  8953.00000000    0.00489787703
  8956.00000000    0.00612834782
  8958.00000000    0.00720164121
  8959.00000000    0.00800887208
  8959.20000000    0.00867207391
  8959.40000000    0.00856679808
  8959.60000000    0.00866777578
  8959.80000000    0.00876189000
  8960.00000000    0.00868755801
  8960.20000000    0.00892243185
  8960.40000000    0.00913694788
  8960.60000000    0.00947244739
  8960.80000000    0.00994265733
  8961.00000000    0.01002362623
  8961.20000000    0.01048918297
  8961.40000000    0.01077931367
  8961.60000000    0.01106281355
  8961.80000000    0.01105141623
  8962.00000000    0.01113529339
  8962.20000000    0.01115111735
  8962.40000000    0.01145916291
  8962.60000000    0.01153501328
  8962.80000000    0.01200720084
  8963.00000000    0.01213865707
  8963.20000000    0.01240633604
  8963.40000000    0.01250347484
  8963.60000000    0.01281989619
  8963.80000000    0.01306326213
  8964.00000000    0.01338677962
  8964.20000000    0.01352126044
  8964.40000000    0.01350544257
  8964.60000000    0.01341889590
  8964.80000000    0.01358385525
  8965.00000000    0.01397612392
  8965.20000000    0.01447018156
  8965.40000000    0.01453975010
  8965.60000000    0.01469016817
  8965.80000000    0.01469924497
  8966.00000000    0.01462002711
  8966.20000000    0.01484361691
  8966.40000000    0.01507046395
  8966.60000000    0.01543527868
  8966.80000000    0.01588722477
  8967.00000000    0.01624738629
  8967.20000000    0.01658102451
  8967.40000000    0.01703634418
  8967.60000000    0.01727831416
  8967.80000000    0.01762463238
  8968.00000000    0.01763498881
  8968.20000000    0.01792709713
  8968.40000000    0.01828725865
  8968.60000000    0.01866998824
  8968.80000000    0.01896442316
  8969.00000000    0.01916451425
  8969.20000000    0.01972127390
  8969.40000000    0.02022731356
  8969.60000000    0.02065401599
  8969.80000000    0.02114121015
  8970.00000000    0.02134362784
  8970.20000000    0.02181953796
  8970.40000000    0.02233209212
  8970.60000000    0.02273448152
  8970.80000000    0.02326122797
  8971.00000000    0.02369002434
  8971.20000000    0.02391396313
  8971.40000000    0.02444501380
  8971.60000000    0.02507424720
  8971.80000000    0.02586215507
  8972.00000000    0.02624651328
  8972.20000000    0.02693170154
  8972.40000000    0.02735095883
  8972.60000000    0.02816620431
  8972.80000000    0.02903682300
  8973.00000000    0.02991372352
  8973.20000000    0.03093359393
  8973.40000000    0.03178187720
  8973.60000000    0.03304511051
  8973.80000000    0.03389397543
  8974.00000000    0.03511521351
  8974.20000000    0.03644335910
  8974.40000000    0.03794006723
  8974.60000000    0.03944829205
  8974.80000000    0.04110681557
  8975.00000000    0.04249103234
  8975.20000000    0.04425076318
  8975.40000000    0.04625874279
  8975.60000000    0.04856301556
  8975.80000000    0.05121476681
  8976.00000000    0.05368504286
  8976.20000000    0.05656317278
  8976.40000000    0.05989301310
  8976.60000000    0.06360255538
  8976.80000000    0.06802287552
  8977.00000000    0.07329927002
  8977.20000000    0.07964171500
  8977.40000000    0.08707638476
  8977.60000000    0.09567575305
  8977.80000000    0.10522414358
  8978.00000000    0.11667418482
  8978.20000000    0.13047049100
  8978.40000000    0.14615495359
  8978.60000000    0.16426629799
  8978.80000000    0.18497634400
  8979.00000000    0.20908486214
  8979.20000000    0.23707950884
  8979.40000000    0.27002552026
  8979.60000000    0.30793290080
  8979.80000000    0.35010820581
  8980.00000000    0.39656283564
  8980.20000000    0.44570725368
  8980.40000000    0.49596149046
  8980.60000000    0.54443222115
  8980.80000000    0.58751006674
  8981.00000000    0.62283608212
  8981.20000000    0.64786228553
  8981.40000000    0.66054766243
  8981.60000000    0.66052693571
  8981.80000000    0.64941628143
  8982.00000000    0.63041152430
  8982.20000000    0.60649990880
  8982.40000000    0.58041449784
  8982.60000000    0.55495896679
  8982.80000000    0.53280181526
  8983.00000000    0.51476666130
  8983.20000000    0.50166758392
  8983.40000000    0.49354262295
  8983.60000000    0.49015516251
  8983.80000000    0.49248540118
  8984.00000000    0.49763904202
  8984.20000000    0.50564923900
  8984.40000000    0.51605648744
  8984.60000000    0.52747064064
  8984.80000000    0.53940822989
  8985.00000000    0.55079273483
  8985.20000000    0.56167161809
  8985.40000000    0.57122568182
  8985.60000000    0.58085193593
  8985.80000000    0.58960263767
  8986.00000000    0.59848532323
  8986.20000000    0.60825230023
  8986.40000000    0.61827457085
  8986.60000000    0.62834646301
  8986.80000000    0.63908685354
  8987.00000000    0.65142638435
  8987.20000000    0.66450618901
  8987.40000000    0.67988183552
  8987.60000000    0.69681497563
  8987.80000000    0.71449862619
  8988.00000000    0.73345790180
  8988.20000000    0.75332147617
  8988.40000000    0.77430723570
  8988.60000000    0.79572836642
  8988.80000000    0.81766944025
  8989.00000000    0.83940118267
  8989.20000000    0.86116265221
  8989.40000000    0.88278703114
  8989.60000000    0.90420428846
  8989.80000000    0.92517920427
  8990.00000000    0.94521737483
  8990.20000000    0.96486252760
  8990.40000000    0.98385803790
  8990.60000000    1.00232256240
  8990.80000000    1.01916143329
  8991.00000000    1.03447678834
  8991.20000000    1.04736450866
  8991.40000000    1.05771663963
  8991.60000000    1.06586286102
  8991.80000000    1.07158237788
  8992.00000000    1.07528583587
  8992.20000000    1.07806278402
  8992.40000000    1.07963938072
  8992.60000000    1.08012916421
  8992.80000000    1.08070613925
  8993.00000000    1.08116207454
  8993.20000000    1.08128268962
  8993.40000000    1.08348276777
  8993.60000000    1.08388269482
  8993.80000000    1.08561175450
  8994.00000000    1.08852895441
  8994.20000000    1.09171249342
  8994.40000000    1.09775979338
  8994.60000000    1.10522161177
  8994.80000000    1.11372708762
  8995.00000000    1.12298935035
  8995.20000000    1.13261869343
  8995.40000000    1.14274028811
  8995.60000000    1.15266266716
  8995.80000000    1.16270759994
  8996.00000000    1.17187534407
  8996.20000000    1.18095508386
  8996.40000000    1.18870045679
  8996.60000000    1.19562285052
  8996.80000000    1.20240721745
  8997.00000000    1.20646637254
  8997.20000000    1.20845548763
  8997.40000000    1.20854533537
  8997.60000000    1.20595580495
  8997.80000000    1.20089675597
  8998.00000000    1.19441050741
  8998.20000000    1.18649333654
  8998.40000000    1.17712244247
  8998.60000000    1.16702046864
  8998.80000000    1.15658014581
  8999.00000000    1.14544410733
  8999.20000000    1.13379289756
  8999.40000000    1.12305691322
  8999.60000000    1.11254817702
  8999.80000000    1.10309612354
  9000.00000000    1.09514722815
  9000.20000000    1.08765358776
  9000.40000000    1.08125478598
  9000.60000000    1.07511789801
  9000.80000000    1.06965682676
  9001.00000000    1.06589364972
  9001.20000000    1.06226442277
  9001.40000000    1.06046477560
  9001.60000000    1.05738496761
  9001.80000000    1.05618732036
  9002.00000000    1.05454546125
  9002.20000000    1.05263039559
  9002.40000000    1.05129691796
  9002.60000000    1.04991498354
  9002.80000000    1.04744808962
  9003.00000000    1.04507256757
  9003.20000000    1.04325280766
  9003.40000000    1.04069149471
  9003.60000000    1.03957540475
  9003.80000000    1.03725313839
  9004.00000000    1.03543265634
  9004.20000000    1.03266192419
  9004.40000000    1.02964520515
  9004.60000000    1.02684037497
  9004.80000000    1.02273490752
  9005.00000000    1.01965354647
  9005.20000000    1.01557865974
  9005.40000000    1.01253160172
  9005.60000000    1.01067616522
  9005.80000000    1.00935764347
  9006.00000000    1.00774218102
  9006.20000000    1.00449267774
  9006.40000000    1.00312882174
  9006.60000000    1.00093802394
  9006.80000000    0.99795890586
  9007.00000000    0.99407025120
  9007.20000000    0.99087136820
  9007.40000000    0.98848277487
  9007.60000000    0.98794772079
  9007.80000000    0.98759709929
  9008.00000000    0.98641906966
  9008.20000000    0.98487267094
  9008.40000000    0.98236066345
  9008.60000000    0.97962174418
  9008.80000000    0.97774662546
  9009.00000000    0.97596729480
  9009.22786000    0.97580149516
  9009.48358100    0.97589987150
  9009.76716200    0.97556965034
  9010.07860400    0.97571574305
  9010.41790500    0.97549440015
  9010.78506700    0.97636055891
  9011.18009000    0.97819289488
  9011.60297300    0.98124235160
  9012.05371600    0.98816814848
  9012.53231900    0.99799535659
  9013.03878300    1.01199888086
  9013.57310700    1.02862309129
  9014.13529200    1.04375495794
  9014.72533700    1.05235012345
  9015.34324200    1.06337575088
  9015.98900800    1.06927778634
  9016.66263400    1.06836453522
  9017.36412000    1.06332530624
  9018.09346700    1.05351003756
  9018.85067400    1.03718959970
  9019.63574100    1.01630997415
  9020.44866900    0.99858456923
  9021.28945700    0.98234151209
  9022.15810600    0.96794401443
  9023.05461400    0.95571970388
  9023.97898300    0.94657227413
  9024.93121300    0.94024375547
  9025.91130300    0.93751757513
  9026.91925300    0.93670351786
  9027.95506400    0.93700455614
  9029.01873400    0.93851825390
  9030.11026600    0.94109322392
  9031.23272300    0.94444633336
  9032.36737300    0.94872487824
  9033.51421400    0.95407161174
  9034.67324800    0.96242029975
  9035.84447300    0.97321222411
  9037.02789000    0.98486890951
  9038.22349900    0.99353483423
  9039.43130000    0.99839069607
  9040.65129300    1.00620239080
  9041.88347800    1.01286126154
  9043.12785500    1.01833021019
  9044.38442300    1.02332060924
  9045.65318400    1.02723673822
  9046.93413600    1.03013759082
  9048.22728000    1.03319869226
  9049.53261700    1.03659466186
  9050.85014500    1.04082561635
  9052.17986500    1.04230893939
  9053.52177700    1.04232741277
  9054.87588100    1.04252583737
  9056.24217700    1.04078805631
  9057.62066400    1.03772865035
  9059.01134400    1.03382748341
  9060.41421500    1.03007511607
  9061.82927900    1.02655263062
  9063.25653400    1.02350979494
  9064.69598100    1.02122242832
  9066.14762000    1.02017318631
  9067.61145200    1.01937477237
  9069.08747500    1.01828799888
  9070.57568900    1.01774962760
  9072.07609600    1.01787330667
  9073.58869500    1.01853909754
  9075.11348500    1.01820364346
  9076.65046800    1.01576633388
  9078.19964200    1.01225145292
  9079.76100900    1.00994662258
  9081.33456700    1.00959693173
  9082.92031700    1.00909295048
  9084.51825900    1.00803414092
  9086.12839300    1.00820231927
  9087.75071900    1.00878653154
  9089.38523700    1.00943881658
  9091.03194600    1.00888941260
  9092.69084800    1.00742551492
  9094.36194200    1.00567679894
  9096.04522700    1.00234464801
  9097.74070400    0.99889049182
  9099.44837400    0.99542446613
  9101.16823500    0.99146365853
  9102.90028800    0.98842505527
  9104.64453300    0.98641995161
  9106.40097000    0.98456245802
  9108.16959800    0.98321793299
  9109.95041900    0.98213866731
  9111.74343200    0.98202295269
  9113.54863600    0.98241066202
  9115.36603200    0.98389049625
  9117.19562100    0.98543695556
  9119.03740100    0.98754079174
  9120.89137300    0.99072415830
  9122.75753700    0.99382777076
  9124.63589300    0.99789307820
  9126.52644100    1.00212095000
  9128.42918100    1.00602494896
  9130.34411200    1.00910840016
  9132.27123600    1.01159773003
  9134.21055200    1.01385454341
  9136.16205900    1.01467836000
  9138.12575800    1.01542214273
  9140.10164900    1.01578603340
  9142.08973300    1.01504323750
  9144.09000800    1.01321729317
  9146.10247500    1.01120444040
  9148.12713300    1.00903937805
  9150.16398400    1.00670979981
  9152.21302700    1.00437882773
  9154.27426100    1.00223168383
  9156.34768800    1.00003735273
  9158.43330600    0.99921973709
  9160.53111700    0.99877933826
  9162.64111900    0.99753146352
  9164.76331300    0.99754377369
  9166.89769900    0.99646058662
  9169.04427700    0.99509040024
  9171.20304700    0.99467794795
  9173.37400800    0.99397895969
  9175.55716200    0.99179033835
  9177.75250800    0.98994218391
  9179.96004500    0.98953008396
  9182.17977500    0.99003053371
  9184.41169600    0.99069551434
  9186.65580900    0.99184607419
  9188.91211400    0.99176887649
  9191.18061100    0.99206343445
  9193.46130000    0.99228417220
  9195.75418100    0.99241174475
  9198.05925400    0.99223299775
  9200.37651800    0.99276136145
  9202.70597500    0.99268132638
  9205.04762300    0.99239116354
  9207.40146400    0.99269954753
  9209.76749600    0.99393587535
  9212.14572000    0.99516386281
  9214.53613600    0.99571804087
  9216.93874400    0.99456440298
  9219.35354400    0.99338432018
  9221.78053600    0.99282638016
  9224.21972000    0.99221765563
  9226.67109600    0.99152037922
  9229.13466300    0.99099458723
  9231.61042300    0.99043289305
  9234.09837400    0.98961162678
  9236.59851700    0.98926008794
  9239.11085200    0.98864576837
  9241.63538000    0.98812570418
  9244.17209900    0.98851364550
  9246.72100900    0.98868341259
  9249.28211200    0.98952808006
  9251.85540700    0.99242163305
  9254.44089400    0.99434728268
  9257.03857200    0.99604268113
  9259.64844300    0.99803793942
  9262.27050500    0.99990367961
  9264.90475900    1.00096738559
  9267.55120500    1.00141133436
  9270.20984400    1.00194314556
  9272.88067400    1.00125978814
  9275.56369600    1.00056467494
  9278.25890900    1.00001866696
  9280.96631500    0.99929705499
  9283.68591300    0.99866632163
  9286.41770200    0.99799765620
  9289.16168400    0.99741886489
  9291.91785700    0.99575113553
  9294.68622200    0.99530578867
  9297.46678000    0.99577112731
  9300.25952900    0.99673424864
  9303.06447000    0.99831061444
  9305.88160200    1.00044537913
  9308.71092700    1.00164654568
  9311.55244400    1.00183343748
  9314.40615300    1.00142047516
  9317.27205300    1.00066130973
  9320.15014600    1.00108875237
  9323.04043000    1.00215191014
  9325.94290600    1.00117569241
  9328.85757400    1.00019754619
  9331.78443500    1.00062114709
  9334.72348700    1.00073461601
  9337.67473000    1.00102889792
  9340.63816600    1.00127740751
  9343.61379400    1.00106045326
  9346.60161400    1.00094784518
  9349.60162500    1.00039494859
  9352.61382900    1.00052134272
  9355.63822400    1.00121862864
  9358.67481100    1.00088960612
  9361.72359000    1.00069340359
  9364.78456100    1.00087106909
  9367.85772400    1.00035051293
  9370.94307900    0.99989603303
  9374.04062600    0.99941131433
  9377.15036500    0.99947638423
  9380.27229500    1.00015243716
  9383.40641800    1.00073404499
  9386.55273200    1.00088106136
  9389.71123900    1.00195175416
  9392.88193700    1.00274396718
  9396.06482700    1.00244338351
  9399.25990900    1.00282170830
  9402.46718300    1.00445430528
  9405.68664900    1.00621276437
  9408.91830700    1.00584957757
  9412.16215700    1.00517553347
  9415.41819800    1.00579295777
  9418.68643200    1.00586940380
  9421.96685700    1.00487672554
  9425.25947400    1.00489419826
  9428.56428400    1.00450746681
  9431.88128500    1.00311579436
  9435.21047800    1.00332682789
  9438.55186300    1.00051317204
  9441.90544000    0.99869681885
  9445.27120900    0.99841636757
  9448.64916900    0.99916484306
  9452.03932200    0.99840553577
  9455.44166600    0.99876634109
  9458.85620300    0.99954019324
  9462.28293100    0.99896677951
  9465.72185100    0.99904232012
  9469.17296400    0.99750721042
  9472.63626800    0.99644097046
  9476.11176400    0.99698572776
  9479.59945100    0.99676788163
  9483.09933100    0.99678577717
  9486.61140300    0.99712015313
  9490.13566600    0.99845480632
  9493.67212200    0.99932072328
  9497.22076900    0.99953016070
  9500.78160900    1.00080714286
  9504.35464000    1.00133391212
  9507.93986300    1.00309391629
  9511.53727800    1.00474216653
  9515.14688500    1.00516354570
  9518.76868400    1.00551929049
  9522.40267500    1.00525593307
  9526.04885700    1.00508242692
  9529.70723200    1.00505348313
  9533.37779900    1.00465636258
  9537.06055700    1.00517377176
  9540.75550700    1.00416840923
  9544.46265000    1.00388829556
  9548.18198400    1.00419133960
  9551.91351000    1.00368024684
  9555.65722800    1.00286857027
  9559.41313800    1.00240574208
  9563.18123900    1.00365197962
  9566.96153300    1.00594940363
  9570.75401900    1.00633052500
  9574.55869600    1.00399346494
  9578.37556500    1.00381372954
  9582.20462700    1.00446898809
  9586.04588000    1.00326794743
  9589.89932500    1.00277069684
  9593.76496200    1.00377655985
  9597.64279100    1.00369965708
  9601.53281200    1.00290541561
  9605.43502500    1.00377969438
  9609.34942900    1.00395952864
  9613.27602600    1.00124272541
  9617.21481400    1.00070054035
  9621.16579500    0.99827067745
  9625.12896700    0.99590233927
  9629.10433100    0.99622433403
  9633.09188800    0.99527350947
  9637.09163600    0.99442047084
  9641.10357500    0.99337347094
  9645.12770700    0.99544002780
  9649.16403100    0.99679081432
  9653.21254700    0.99633934760
  9657.27325400    0.99831545072
  9661.34615400    1.00092886243
  9665.43124500    1.00333347692
  9669.52852900    1.00198642558
  9673.63800400    1.00082163784
  9677.75967100    1.00235917275
  9681.89353000    1.00308807855
  9686.03958100    1.00231656447
  9690.19782400    1.00183138602
  9694.36825800    1.00243190348
  9698.55088500    1.00212323349
  9702.74570400    1.00182016520
  9706.95271400    1.00244611148
  9711.17191600    1.00089853939
  9715.40331100    1.00044517680
  9719.64689700    1.00027011576
  9723.90267500    0.99857795864
  9728.17064500    0.99721865139
  9732.45080700    0.99886019159
  9736.74316100    0.99740650541
  9741.04770700    0.99538533159
  9745.36444400    0.99709241619
  9749.69337400    0.99614765819
  9754.03449500    0.99571727636
  9758.38780900    0.99617929804
  9762.75331400    0.99667239504
  9767.13101100    0.99629453834
  9771.52090000    0.99583399994
  9775.92298100    0.99676588659
  9780.33725400    0.99845649156
  9784.76371900    0.99869399358
  9789.20237600    0.99924415774
  9793.65322400    0.99939075110
  9798.11626500    0.99909017989
  9802.59149700    0.99712487608
  9807.07892200    0.99614550182
  9811.57853800    0.99545127624
  9816.09034600    0.99444450628
  9820.61434600    0.99313756170
  9825.15053800    0.99502227586
  9829.69892200    0.99750248054
  9834.25949800    0.99775821457
  9838.83226600    0.99674515856
  9843.41722600    0.99595041716
  9848.01437700    0.99609357775
  9852.62372100    0.99533870741
  9857.24525600    0.99493871046
  9861.87898300    0.99605810399
  9866.52490200    0.99801387962
  9871.18301300    1.00060513184
  9875.85331600    1.00271756082
  9880.53581100    1.00276506246
  9885.23049800    1.00271940903
  9889.93737700    1.00332907618
  9894.65644800    1.00414576673
  9899.38771000    1.00386316663
  9904.13116500    1.00336037057
  9908.88681100    1.00432384683
  9913.65464900    1.00432735335
  9918.43467900    1.00483244256
  9923.22690100    1.00564392737
  9928.03131500    1.00704547275
  9932.84792100    1.00954995132
  9937.67671900    1.01085670988
