#---------------------------------
#  energy flat
  8794.00000000    0.00699366872
  8799.00000000    0.00485125661
  8804.00000000    0.00327984587
  8809.00000000    0.00085089186
  8814.00000000   -0.00115553780
  8819.00000000   -0.00317904335
  8824.00000000   -0.00397121006
  8829.00000000   -0.00359305302
  8834.00000000   -0.00329361170
  8839.00000000   -0.00224012372
  8844.00000000   -0.00096881391
  8849.00000000    0.00036371924
  8854.00000000    0.00242343576
  8859.00000000    0.00345110166
  8864.00000000    0.00329282561
  8869.00000000    0.00301106166
  8874.00000000    0.00246753669
  8879.00000000    0.00316430500
  8884.00000000    0.00393125109
  8889.00000000    0.00306765715
  8894.00000000    0.00284649181
  8899.00000000    0.00102477340
  8904.00000000   -0.00125091402
  8909.00000000   -0.00272216004
  8914.00000000   -0.00362261293
  8919.00000000   -0.00418862811
  8924.00000000   -0.00319303158
  8929.00000000   -0.00111186607
  8934.00000000    0.00117795859
  8939.00000000    0.00254027044
  8944.00000000    0.00370766716
  8949.00000000    0.00520242135
  8953.00000000    0.00664186860
  8956.00000000    0.00788482041
  8958.00000000    0.00955392233
  8959.00000000    0.01086868086
  8959.20000000    0.01270344816
  8959.40000000    0.01370607780
  8959.60000000    0.01425140655
  8959.80000000    0.01468261833
  8960.00000000    0.01441455125
  8960.20000000    0.01361588188
  8960.40000000    0.01330762397
  8960.60000000    0.01338669740
  8960.80000000    0.01391432553
  8961.00000000    0.01451941993
  8961.20000000    0.01505870964
  8961.40000000    0.01508322350
  8961.60000000    0.01544633993
  8961.80000000    0.01617408925
  8962.00000000    0.01603117601
  8962.20000000    0.01680140684
  8962.40000000    0.01669327013
  8962.60000000    0.01768798654
  8962.80000000    0.01993257539
  8963.00000000    0.02216633563
  8963.20000000    0.02372039183
  8963.40000000    0.02529735472
  8963.60000000    0.02153226866
  8963.80000000    0.01956140135
  8964.00000000    0.01978853532
  8964.20000000    0.02042590733
  8964.40000000    0.02057807394
  8964.60000000    0.02018797667
  8964.80000000    0.02085450265
  8965.00000000    0.02169178761
  8965.20000000    0.02172358996
  8965.40000000    0.02243676230
  8965.60000000    0.02295397829
  8965.80000000    0.02284021903
  8966.00000000    0.02245761849
  8966.20000000    0.02185261479
  8966.40000000    0.02169824820
  8966.60000000    0.02194245807
  8966.80000000    0.02212127974
  8967.00000000    0.02240359802
  8967.20000000    0.02229650252
  8967.40000000    0.02206029657
  8967.60000000    0.02181742685
  8967.80000000    0.02197563250
  8968.00000000    0.02283624064
  8968.20000000    0.02395548616
  8968.40000000    0.02491105296
  8968.60000000    0.02602925727
  8968.80000000    0.02740943084
  8969.00000000    0.02810531904
  8969.20000000    0.02835411024
  8969.40000000    0.02841173469
  8969.60000000    0.02856577548
  8969.80000000    0.02860070148
  8970.00000000    0.02886448615
  8970.20000000    0.02990085110
  8970.40000000    0.03077145488
  8970.60000000    0.03091320936
  8970.80000000    0.03152913238
  8971.00000000    0.03169670895
  8971.20000000    0.03203712692
  8971.40000000    0.03244688970
  8971.60000000    0.03302012297
  8971.80000000    0.03365374661
  8972.00000000    0.03485670569
  8972.20000000    0.03671854453
  8972.40000000    0.03810996321
  8972.60000000    0.03913279238
  8972.80000000    0.04031867556
  8973.00000000    0.04102705831
  8973.20000000    0.04264712743
  8973.40000000    0.04354355331
  8973.60000000    0.04488395254
  8973.80000000    0.04590199213
  8974.00000000    0.04736254737
  8974.20000000    0.04826834417
  8974.40000000    0.04985613568
  8974.60000000    0.05160593997
  8974.80000000    0.05413123994
  8975.00000000    0.05665029262
  8975.20000000    0.05948566590
  8975.40000000    0.06130314906
  8975.60000000    0.06317581653
  8975.80000000    0.06693932735
  8976.00000000    0.07103352751
  8976.20000000    0.07668350858
  8976.40000000    0.08296154951
  8976.60000000    0.09032807483
  8976.80000000    0.09906525333
  8977.00000000    0.10957041202
  8977.20000000    0.12183272227
  8977.40000000    0.13714412154
  8977.60000000    0.15583488269
  8977.80000000    0.17757431639
  8978.00000000    0.20343612178
  8978.20000000    0.23396464517
  8978.40000000    0.26802517232
  8978.60000000    0.30381057341
  8978.80000000    0.34117820224
  8979.00000000    0.37763821924
  8979.20000000    0.41359297701
  8979.40000000    0.44599588532
  8979.60000000    0.47615491619
  8979.80000000    0.50237726491
  8980.00000000    0.52595882544
  8980.20000000    0.54662138544
  8980.40000000    0.56379311047
  8980.60000000    0.57806874140
  8980.80000000    0.58833501287
  8981.00000000    0.59622038238
  8981.20000000    0.59992396724
  8981.40000000    0.60115127472
  8981.60000000    0.59965970200
  8981.80000000    0.59664685251
  8982.00000000    0.59155359457
  8982.20000000    0.58643007703
  8982.40000000    0.58172527094
  8982.60000000    0.57884835427
  8982.80000000    0.57744219072
  8983.00000000    0.57678688531
  8983.20000000    0.57777434121
  8983.40000000    0.57978628583
  8983.60000000    0.58382311681
  8983.80000000    0.58881654916
  8984.00000000    0.59549459909
  8984.20000000    0.60290122445
  8984.40000000    0.61076175304
  8984.60000000    0.61802518401
  8984.80000000    0.62662151023
  8985.00000000    0.63434565003
  8985.20000000    0.64287333198
  8985.40000000    0.65068709171
  8985.60000000    0.65905679281
  8985.80000000    0.66771838349
  8986.00000000    0.67804813934
  8986.20000000    0.68745614627
  8986.40000000    0.69726599455
  8986.60000000    0.70750142366
  8986.80000000    0.71873385136
  8987.00000000    0.72974380853
  8987.20000000    0.74014667083
  8987.40000000    0.75169250944
  8987.60000000    0.76274974301
  8987.80000000    0.77490413929
  8988.00000000    0.78762676177
  8988.20000000    0.80004611482
  8988.40000000    0.81303640098
  8988.60000000    0.82730189681
  8988.80000000    0.84190988331
  8989.00000000    0.85701445995
  8989.20000000    0.87123393652
  8989.40000000    0.88504935346
  8989.60000000    0.89855650228
  8989.80000000    0.91150882353
  8990.00000000    0.92500084052
  8990.20000000    0.93938406672
  8990.40000000    0.95350796133
  8990.60000000    0.96677736670
  8990.80000000    0.97932847340
  8991.00000000    0.99148093379
  8991.20000000    1.00305253543
  8991.40000000    1.01484813607
  8991.60000000    1.02485298786
  8991.80000000    1.03396232585
  8992.00000000    1.04199747774
  8992.20000000    1.04886223530
  8992.40000000    1.05614319921
  8992.60000000    1.06233977274
  8992.80000000    1.06668895469
  8993.00000000    1.06816993941
  8993.20000000    1.06926372981
  8993.40000000    1.07106359974
  8993.60000000    1.07065602604
  8993.80000000    1.07055220678
  8994.00000000    1.06915679487
  8994.20000000    1.06732629222
  8994.40000000    1.06364152499
  8994.60000000    1.06127152985
  8994.80000000    1.05759349038
  8995.00000000    1.05402824612
  8995.20000000    1.04970950748
  8995.40000000    1.04710036854
  8995.60000000    1.04341891548
  8995.80000000    1.04017948877
  8996.00000000    1.03620176893
  8996.20000000    1.03148867121
  8996.40000000    1.02818509490
  8996.60000000    1.02481334995
  8996.80000000    1.02188966979
  8997.00000000    1.01906483139
  8997.20000000    1.01648397973
  8997.40000000    1.01479349990
  8997.60000000    1.01285784459
  8997.80000000    1.01147312533
  8998.00000000    1.00996567701
  8998.20000000    1.00975842161
  8998.40000000    1.01019518637
  8998.60000000    1.01117018390
  8998.80000000    1.01221882472
  8999.00000000    1.01313057538
  8999.20000000    1.01500933008
  8999.40000000    1.01708708976
  8999.60000000    1.01901088303
  8999.80000000    1.02230650371
  9000.00000000    1.02577468220
  9000.20000000    1.02867240858
  9000.40000000    1.03125852835
  9000.60000000    1.03429250237
  9000.80000000    1.03729204053
  9001.00000000    1.04082856054
  9001.20000000    1.04506928115
  9001.40000000    1.04914916223
  9001.60000000    1.05461065705
  9001.80000000    1.05831867223
  9002.00000000    1.05959933441
  9002.20000000    1.05967815153
  9002.40000000    1.05882375649
  9002.60000000    1.05618943451
  9002.80000000    1.05395173776
  9003.00000000    1.05108965234
  9003.20000000    1.04886429570
  9003.40000000    1.04597310988
  9003.60000000    1.04341003698
  9003.80000000    1.03956931769
  9004.00000000    1.03591344014
  9004.20000000    1.03201259133
  9004.40000000    1.02786260630
  9004.60000000    1.02331167601
  9004.80000000    1.02021774139
  9005.00000000    1.01796211333
  9005.20000000    1.01566809014
  9005.40000000    1.01308869591
  9005.60000000    1.01045174797
  9005.80000000    1.00787344562
  9006.00000000    1.00530318576
  9006.20000000    1.00328968771
  9006.40000000    1.00053143468
  9006.60000000    0.99697928131
  9006.80000000    0.99432519909
  9007.00000000    0.99245423795
  9007.20000000    0.99041347936
  9007.40000000    0.98818355662
  9007.60000000    0.98698893647
  9007.80000000    0.98521782058
  9008.00000000    0.98367610795
  9008.20000000    0.98243918229
  9008.40000000    0.98131483551
  9008.60000000    0.97988283380
  9008.80000000    0.97954340067
  9009.00000000    0.97796421823
  9009.22786000    0.97527135100
  9009.48358100    0.97283176157
  9009.76716200    0.97119653033
  9010.07860400    0.97117600175
  9010.41790500    0.97165908035
  9010.78506700    0.97282348102
  9011.18009000    0.97247879547
  9011.60297300    0.97338122113
  9012.05371600    0.97407171189
  9012.53231900    0.97387172187
  9013.03878300    0.97448937855
  9013.57310700    0.97800515916
  9014.13529200    0.97996134755
  9014.72533700    0.98356086207
  9015.34324200    0.98613772190
  9015.98900800    0.99064433696
  9016.66263400    0.99547219783
  9017.36412000    0.99968438121
  9018.09346700    1.00351262496
  9018.85067400    1.00767554937
  9019.63574100    1.01243635113
  9020.44866900    1.01801678977
  9021.28945700    1.02300351408
  9022.15810600    1.02581553767
  9023.05461400    1.02937242753
  9023.97898300    1.03103470758
  9024.93121300    1.03048606692
  9025.91130300    1.02829210971
  9026.91925300    1.02276608955
  9027.95506400    1.01490134492
  9029.01873400    1.00664060464
  9030.11026600    0.99779272628
  9031.23272300    0.99048165621
  9032.36737300    0.98556143007
  9033.51421400    0.98260920952
  9034.67324800    0.98230125057
  9035.84447300    0.98268225702
  9037.02789000    0.98396014953
  9038.22349900    0.98507861004
  9039.43130000    0.98728573354
  9040.65129300    0.98841735061
  9041.88347800    0.99137687669
  9043.12785500    0.99353888432
  9044.38442300    0.99473833530
  9045.65318400    0.99663022430
  9046.93413600    0.99929045168
  9048.22728000    1.00119144131
  9049.53261700    1.00264439926
  9050.85014500    1.00438931039
  9052.17986500    1.00536547716
  9053.52177700    1.00718104192
  9054.87588100    1.00962327264
  9056.24217700    1.01284531903
  9057.62066400    1.01596724082
  9059.01134400    1.01895184754
  9060.41421500    1.02208494244
  9061.82927900    1.02490722576
  9063.25653400    1.02791357478
  9064.69598100    1.03057513758
  9066.14762000    1.03261149739
  9067.61145200    1.03343674204
  9069.08747500    1.03583349918
  9070.57568900    1.03754179450
  9072.07609600    1.03744510822
  9073.58869500    1.03545793635
  9075.11348500    1.03200975794
  9076.65046800    1.02783199537
  9078.19964200    1.02304384638
  9079.76100900    1.01791651481
  9081.33456700    1.01313582422
  9082.92031700    1.00837969519
  9084.51825900    1.00438079849
  9086.12839300    1.00113025149
  9087.75071900    0.99705943274
  9089.38523700    0.99264341282
  9091.03194600    0.98835934580
  9092.69084800    0.98339327255
  9094.36194200    0.97884394853
  9096.04522700    0.97502838479
  9097.74070400    0.97280147677
  9099.44837400    0.97226844477
  9101.16823500    0.97346746060
  9102.90028800    0.97580904380
  9104.64453300    0.97822329885
  9106.40097000    0.98165486801
  9108.16959800    0.98449679687
  9109.95041900    0.98676225002
  9111.74343200    0.98885047925
  9113.54863600    0.99127922463
  9115.36603200    0.99366161343
  9117.19562100    0.99664761130
  9119.03740100    1.00092613044
  9120.89137300    1.00563633207
  9122.75753700    1.01004440583
  9124.63589300    1.01480364371
  9126.52644100    1.01910963702
  9128.42918100    1.02179250912
  9130.34411200    1.02370754346
  9132.27123600    1.02435851947
  9134.21055200    1.02341602381
  9136.16205900    1.02075680115
  9138.12575800    1.01749496717
  9140.10164900    1.01377964110
  9142.08973300    1.00893529667
  9144.09000800    1.00358209809
  9146.10247500    0.99789705986
  9148.12713300    0.99212258698
  9150.16398400    0.98665475813
  9152.21302700    0.98193838537
  9154.27426100    0.97801970183
  9156.34768800    0.97552467878
  9158.43330600    0.97534584485
  9160.53111700    0.97560067524
  9162.64111900    0.97685142066
  9164.76331300    0.97919927305
  9166.89769900    0.98225230549
  9169.04427700    0.98446075922
  9171.20304700    0.98718902061
  9173.37400800    0.98944375230
  9175.55716200    0.99053064381
  9177.75250800    0.99189820582
  9179.96004500    0.99344603735
  9182.17977500    0.99444441851
  9184.41169600    0.99553887030
  9186.65580900    0.99607255451
  9188.91211400    0.99639527740
  9191.18061100    0.99730914549
  9193.46130000    0.99843136173
  9195.75418100    0.99917254945
  9198.05925400    1.00053680198
  9200.37651800    1.00235039158
  9202.70597500    1.00399185901
  9205.04762300    1.00563482170
  9207.40146400    1.00704639540
  9209.76749600    1.00811073437
  9212.14572000    1.00843418738
  9214.53613600    1.00837902337
  9216.93874400    1.00711636030
  9219.35354400    1.00537121983
  9221.78053600    1.00329595334
  9224.21972000    1.00113370297
  9226.67109600    0.99921007195
  9229.13466300    0.99766366085
  9231.61042300    0.99564057588
  9234.09837400    0.99372921795
  9236.59851700    0.99183910704
  9239.11085200    0.99103425967
  9241.63538000    0.99065735321
  9244.17209900    0.99051128503
  9246.72100900    0.99031106651
  9249.28211200    0.99032312806
  9251.85540700    0.99069978678
  9254.44089400    0.99155587080
  9257.03857200    0.99326109643
  9259.64844300    0.99500443433
  9262.27050500    0.99644049169
  9264.90475900    0.99791065013
  9267.55120500    0.99946141894
  9270.20984400    1.00098312011
  9272.88067400    1.00133611112
  9275.56369600    1.00162517909
  9278.25890900    1.00202468440
  9280.96631500    1.00266524674
  9283.68591300    1.00365999715
  9286.41770200    1.00452024239
  9289.16168400    1.00511045908
  9291.91785700    1.00545589317
  9294.68622200    1.00601575864
  9297.46678000    1.00542964221
  9300.25952900    1.00516840155
  9303.06447000    1.00550715542
  9305.88160200    1.00544991096
  9308.71092700    1.00482530670
  9311.55244400    1.00345823661
  9314.40615300    1.00263170478
  9317.27205300    1.00244256454
  9320.15014600    1.00200433788
  9323.04043000    1.00142970132
  9325.94290600    1.00076218534
  9328.85757400    1.00119357005
  9331.78443500    1.00127011584
  9334.72348700    1.00084251934
  9337.67473000    0.99994014216
  9340.63816600    0.99905005635
  9343.61379400    0.99835655324
  9346.60161400    0.99783734277
  9349.60162500    0.99760091105
  9352.61382900    0.99828300544
  9355.63822400    0.99852733061
  9358.67481100    0.99910165729
  9361.72359000    0.99873964189
  9364.78456100    0.99863595030
  9367.85772400    0.99916268769
  9370.94307900    1.00015344154
  9374.04062600    1.00040558179
  9377.15036500    1.00099298503
  9380.27229500    1.00146519185
  9383.40641800    1.00199937746
  9386.55273200    1.00271025142
  9389.71123900    1.00323272129
  9392.88193700    1.00423500198
  9396.06482700    1.00436617904
  9399.25990900    1.00429196049
  9402.46718300    1.00408456118
  9405.68664900    1.00330308451
  9408.91830700    1.00293267809
  9412.16215700    1.00293851556
  9415.41819800    1.00261981148
  9418.68643200    1.00237820889
  9421.96685700    1.00256121568
  9425.25947400    1.00232060236
  9428.56428400    1.00213381115
  9431.88128500    1.00186189188
  9435.21047800    1.00151915319
  9438.55186300    1.00144059883
  9441.90544000    1.00106662136
  9445.27120900    1.00095879113
  9448.64916900    1.00026887740
  9452.03932200    0.99992162003
  9455.44166600    1.00032490937
  9458.85620300    1.00064508348
  9462.28293100    1.00032045438
  9465.72185100    1.00044402313
  9469.17296400    1.00038245909
  9472.63626800    1.00018589111
  9476.11176400    0.99922015574
  9479.59945100    0.99851287095
  9483.09933100    0.99774223554
  9486.61140300    0.99751022027
  9490.13566600    0.99808644119
  9493.67212200    0.99938316352
  9497.22076900    1.00031018256
  9500.78160900    1.00084931825
  9504.35464000    1.00086745108
  9507.93986300    1.00161835165
  9511.53727800    1.00156117769
  9515.14688500    1.00104301623
  9518.76868400    1.00005819277
  9522.40267500    0.99977219111
  9526.04885700    0.99970579863
  9529.70723200    0.99957596208
  9533.37779900    0.99936243949
  9537.06055700    0.99946314243
  9540.75550700    0.99926142163
  9544.46265000    0.99985488377
  9548.18198400    1.00006130476
  9551.91351000    1.00044269643
  9555.65722800    1.00082764521
  9559.41313800    1.00116885315
  9563.18123900    1.00072724577
  9566.96153300    1.00032181611
  9570.75401900    0.99955376492
  9574.55869600    0.99852158002
  9578.37556500    0.99800345214
  9582.20462700    0.99793002826
  9586.04588000    0.99804954627
  9589.89932500    0.99890447845
  9593.76496200    0.99893197063
  9597.64279100    0.99830258514
  9601.53281200    0.99842551642
  9605.43502500    0.99793991996
  9609.34942900    0.99661863193
  9613.27602600    0.99623361581
  9617.21481400    0.99738111253
  9621.16579500    0.99780943203
  9625.12896700    0.99811649271
  9629.10433100    0.99894227649
  9633.09188800    0.99958235688
  9637.09163600    0.99971965281
  9641.10357500    1.00047687450
  9645.12770700    1.00151945183
  9649.16403100    1.00181688230
  9653.21254700    1.00116664102
  9657.27325400    1.00199631784
  9661.34615400    1.00264528275
  9665.43124500    1.00122760532
  9669.52852900    1.00059612291
  9673.63800400    1.00077117483
  9677.75967100    0.99976231012
  9681.89353000    0.99967522226
  9686.03958100    0.99986514472
  9690.19782400    1.00026165345
  9694.36825800    1.00083598503
  9698.55088500    1.00140861026
  9702.74570400    1.00218151822
  9706.95271400    1.00369822624
  9711.17191600    1.00400167895
  9715.40331100    1.00372453741
  9719.64689700    1.00355654003
  9723.90267500    1.00294338685
  9728.17064500    1.00114670553
  9732.45080700    0.99998618832
  9736.74316100    0.99945400184
  9741.04770700    0.99914791339
  9745.36444400    0.99893392209
  9749.69337400    0.99827612345
  9754.03449500    0.99852198345
  9758.38780900    0.99862001527
  9762.75331400    0.99898561777
  9767.13101100    0.99886678740
  9771.52090000    0.99953732207
  9775.92298100    1.00073170456
  9780.33725400    1.00190455431
  9784.76371900    1.00260879644
  9789.20237600    1.00137739899
  9793.65322400    0.99984616407
  9798.11626500    0.99954344852
  9802.59149700    0.99817555067
  9807.07892200    0.99744286884
  9811.57853800    0.99663104741
  9816.09034600    0.99653799814
  9820.61434600    0.99754433488
  9825.15053800    0.99818232766
  9829.69892200    0.99846528664
  9834.25949800    0.99892464843
  9838.83226600    0.99916019099
  9843.41722600    0.99823611154
  9848.01437700    0.99777301667
  9852.62372100    0.99777431234
  9857.24525600    0.99824468538
  9861.87898300    0.99858701388
  9866.52490200    0.99808425210
  9871.18301300    0.99763283996
  9875.85331600    0.99792599446
  9880.53581100    0.99865280878
  9885.23049800    0.99954488029
  9889.93737700    1.00005853260
  9894.65644800    1.00102284838
  9899.38771000    1.00080384275
  9904.13116500    1.00076041022
  9908.88681100    1.00053014724
  9913.65464900    1.00118462592
  9918.43467900    1.00184462933
  9923.22690100    1.00403325375
  9928.03131500    1.00359526087
  9932.84792100    1.00460060768
  9937.67671900    1.00493447126
