#---------------------------------
#  energy flat
  8794.00000000    0.00367709410
  8799.00000000    0.00283661577
  8804.00000000    0.00165491647
  8809.00000000   -0.00006719236
  8814.00000000   -0.00125588768
  8819.00000000   -0.00240933890
  8824.00000000   -0.00305076067
  8829.00000000   -0.00279193989
  8834.00000000   -0.00249840302
  8839.00000000   -0.00153206025
  8844.00000000   -0.00109398297
  8849.00000000   -0.00032392475
  8854.00000000    0.00024496490
  8859.00000000    0.00127308385
  8864.00000000    0.00153956065
  8869.00000000    0.00190200172
  8874.00000000    0.00196414193
  8879.00000000    0.00235179507
  8884.00000000    0.00323022560
  8889.00000000    0.00279894842
  8894.00000000    0.00256936781
  8899.00000000    0.00065163443
  8904.00000000   -0.00067262527
  8909.00000000   -0.00216927746
  8914.00000000   -0.00293398758
  8919.00000000   -0.00280069916
  8924.00000000   -0.00170882403
  8929.00000000   -0.00018095167
  8934.00000000    0.00187254618
  8939.00000000    0.00328861423
  8944.00000000    0.00419384083
  8949.00000000    0.00515411158
  8953.00000000    0.00663051019
  8956.00000000    0.00796541079
  8958.00000000    0.00922296557
  8959.00000000    0.01002301344
  8959.20000000    0.01061965385
  8959.40000000    0.01075416095
  8959.60000000    0.01034825852
  8959.80000000    0.01056381385
  8960.00000000    0.01085698540
  8960.20000000    0.01055602327
  8960.40000000    0.01110646355
  8960.60000000    0.01146642729
  8960.80000000    0.01199099550
  8961.00000000    0.01159736911
  8961.20000000    0.01155222370
  8961.40000000    0.01175378699
  8961.60000000    0.01205593457
  8961.80000000    0.01222740177
  8962.00000000    0.01296554658
  8962.20000000    0.01301095343
  8962.40000000    0.01307761234
  8962.60000000    0.01314559126
  8962.80000000    0.01332550649
  8963.00000000    0.01335652530
  8963.20000000    0.01360125271
  8963.40000000    0.01405770872
  8963.60000000    0.01401229932
  8963.80000000    0.01477169619
  8964.00000000    0.01523052820
  8964.20000000    0.01526814703
  8964.40000000    0.01559352667
  8964.60000000    0.01562586549
  8964.80000000    0.01600906129
  8965.00000000    0.01651448944
  8965.20000000    0.01643066793
  8965.40000000    0.01733170120
  8965.60000000    0.01748561235
  8965.80000000    0.01811010484
  8966.00000000    0.01813267563
  8966.20000000    0.01872707203
  8966.40000000    0.01905271567
  8966.60000000    0.01953953177
  8966.80000000    0.01906155714
  8967.00000000    0.01974148979
  8967.20000000    0.01996351313
  8967.40000000    0.02004680409
  8967.60000000    0.02010369497
  8967.80000000    0.02038234648
  8968.00000000    0.02076263828
  8968.20000000    0.02112550603
  8968.40000000    0.02174432250
  8968.60000000    0.02201769399
  8968.80000000    0.02187830032
  8969.00000000    0.02243639662
  8969.20000000    0.02321915756
  8969.40000000    0.02316886414
  8969.60000000    0.02396733312
  8969.80000000    0.02403214402
  8970.00000000    0.02450826809
  8970.20000000    0.02498148815
  8970.40000000    0.02492776272
  8970.60000000    0.02562894742
  8970.80000000    0.02672375724
  8971.00000000    0.02741081791
  8971.20000000    0.02806276647
  8971.40000000    0.02856687462
  8971.60000000    0.02926634332
  8971.80000000    0.03002930420
  8972.00000000    0.03069207679
  8972.20000000    0.03091304414
  8972.40000000    0.03180259338
  8972.60000000    0.03251117010
  8972.80000000    0.03384701260
  8973.00000000    0.03437646482
  8973.20000000    0.03506497749
  8973.40000000    0.03547747738
  8973.60000000    0.03635646658
  8973.80000000    0.03743596436
  8974.00000000    0.03854687822
  8974.20000000    0.03957991186
  8974.40000000    0.04071999781
  8974.60000000    0.04228512496
  8974.80000000    0.04382768004
  8975.00000000    0.04552375156
  8975.20000000    0.04781039274
  8975.40000000    0.04964876066
  8975.60000000    0.05219517859
  8975.80000000    0.05472324846
  8976.00000000    0.05744707488
  8976.20000000    0.06030633369
  8976.40000000    0.06336966507
  8976.60000000    0.06658849290
  8976.80000000    0.07028912208
  8977.00000000    0.07491454588
  8977.20000000    0.07927438493
  8977.40000000    0.08554624939
  8977.60000000    0.09241343553
  8977.80000000    0.10033358865
  8978.00000000    0.10973214594
  8978.20000000    0.12038972280
  8978.40000000    0.13360335489
  8978.60000000    0.14996493188
  8978.80000000    0.17015544369
  8979.00000000    0.19462883961
  8979.20000000    0.22435888640
  8979.40000000    0.26118170925
  8979.60000000    0.30525927261
  8979.80000000    0.35721659825
  8980.00000000    0.41655881677
  8980.20000000    0.48151778318
  8980.40000000    0.54784352302
  8980.60000000    0.61212091871
  8980.80000000    0.66774467152
  8981.00000000    0.71011192826
  8981.20000000    0.73541329007
  8981.40000000    0.74156565894
  8981.60000000    0.72932354886
  8981.80000000    0.70272841519
  8982.00000000    0.66592718151
  8982.20000000    0.62447521541
  8982.40000000    0.58285076145
  8982.60000000    0.54607418969
  8982.80000000    0.51511649479
  8983.00000000    0.49058699033
  8983.20000000    0.47380105993
  8983.40000000    0.46383100484
  8983.60000000    0.46073371710
  8983.80000000    0.46276824369
  8984.00000000    0.46940275499
  8984.20000000    0.47921455084
  8984.40000000    0.49162362149
  8984.60000000    0.50507262642
  8984.80000000    0.51812804148
  8985.00000000    0.53075303843
  8985.20000000    0.54192395427
  8985.40000000    0.55229696273
  8985.60000000    0.56171419125
  8985.80000000    0.57079340148
  8986.00000000    0.57988624226
  8986.20000000    0.58884672110
  8986.40000000    0.59947439895
  8986.60000000    0.61063816450
  8986.80000000    0.62344695278
  8987.00000000    0.63800161196
  8987.20000000    0.65423600972
  8987.40000000    0.67180338097
  8987.60000000    0.69226661003
  8987.80000000    0.71401344421
  8988.00000000    0.73696085516
  8988.20000000    0.76121338706
  8988.40000000    0.78625346634
  8988.60000000    0.81118085034
  8988.80000000    0.83583014246
  8989.00000000    0.86057595966
  8989.20000000    0.88558409429
  8989.40000000    0.91008841607
  8989.60000000    0.93444875789
  8989.80000000    0.95803653387
  8990.00000000    0.98160810604
  8990.20000000    1.00367609405
  8990.40000000    1.02428352995
  8990.60000000    1.04344889364
  8990.80000000    1.05993850954
  8991.00000000    1.07403987433
  8991.20000000    1.08576196393
  8991.40000000    1.09397907904
  8991.60000000    1.09903600452
  8991.80000000    1.10188525495
  8992.00000000    1.10241066989
  8992.20000000    1.10138656342
  8992.40000000    1.09956137751
  8992.60000000    1.09674661555
  8992.80000000    1.09385888801
  8993.00000000    1.09109408330
  8993.20000000    1.08868716201
  8993.40000000    1.08742775023
  8993.60000000    1.08725855970
  8993.80000000    1.08868330372
  8994.00000000    1.09249794443
  8994.20000000    1.09914521097
  8994.40000000    1.10925791301
  8994.60000000    1.12096613316
  8994.80000000    1.13005298735
  8995.00000000    1.14447968201
  8995.20000000    1.16076140716
  8995.40000000    1.17732207824
  8995.60000000    1.19370998984
  8995.80000000    1.20973057330
  8996.00000000    1.22490519517
  8996.20000000    1.23758886666
  8996.40000000    1.24857411791
  8996.60000000    1.25762282013
  8996.80000000    1.26460825286
  8997.00000000    1.26893430228
  8997.20000000    1.27030555145
  8997.40000000    1.26856043180
  8997.60000000    1.26413243244
  8997.80000000    1.25651995184
  8998.00000000    1.24634682364
  8998.20000000    1.23399875284
  8998.40000000    1.21955388352
  8998.60000000    1.20399297837
  8998.80000000    1.18781447065
  8999.00000000    1.17202842713
  8999.20000000    1.15588957358
  8999.40000000    1.14166382829
  8999.60000000    1.12847972469
  8999.80000000    1.11319538978
  9000.00000000    1.09860421533
  9000.20000000    1.08814111496
  9000.40000000    1.07897679255
  9000.60000000    1.07150830511
  9000.80000000    1.06526335519
  9001.00000000    1.06021501459
  9001.20000000    1.05684323657
  9001.40000000    1.05417940228
  9001.60000000    1.05226654371
  9001.80000000    1.05147558181
  9002.00000000    1.05035319235
  9002.20000000    1.04845321396
  9002.40000000    1.04665529702
  9002.60000000    1.04384351024
  9002.80000000    1.04160581801
  9003.00000000    1.03941712274
  9003.20000000    1.03730699240
  9003.40000000    1.03532189099
  9003.60000000    1.03310013740
  9003.80000000    1.03072198773
  9004.00000000    1.02784635289
  9004.20000000    1.02527949107
  9004.40000000    1.02242106445
  9004.60000000    1.01966337803
  9004.80000000    1.01691508742
  9005.00000000    1.01457694567
  9005.20000000    1.01265027265
  9005.40000000    1.01098643584
  9005.60000000    1.00881692894
  9005.80000000    1.00698417824
  9006.00000000    1.00525427894
  9006.20000000    1.00272038839
  9006.40000000    1.00070752621
  9006.60000000    0.99816866532
  9006.80000000    0.99647898551
  9007.00000000    0.99432455495
  9007.20000000    0.99286328080
  9007.40000000    0.99077806322
  9007.60000000    0.98862752767
  9007.80000000    0.98618304941
  9008.00000000    0.98419069443
  9008.20000000    0.98252057424
  9008.40000000    0.98059927913
  9008.60000000    0.97901104262
  9008.80000000    0.97734930343
  9009.00000000    0.97567319767
  9009.22786000    0.97408408237
  9009.48358100    0.97187239401
  9009.76716200    0.97073072529
  9010.07860400    0.97051871582
  9010.41790500    0.97175971869
  9010.78506700    0.97409136396
  9011.18009000    0.97880156350
  9011.60297300    0.98546566718
  9012.05371600    0.99531933176
  9012.53231900    1.00952694214
  9013.03878300    1.03066212527
  9013.57310700    1.05477004646
  9014.13529200    1.07448841698
  9014.72533700    1.08574995408
  9015.34324200    1.09882737323
  9015.98900800    1.10389026669
  9016.66263400    1.10156055665
  9017.36412000    1.09258953102
  9018.09346700    1.07432472147
  9018.85067400    1.04615386942
  9019.63574100    1.02138548074
  9020.44866900    0.99562285623
  9021.28945700    0.97176180094
  9022.15810600    0.95159908730
  9023.05461400    0.93445253434
  9023.97898300    0.92179235689
  9024.93121300    0.91440475494
  9025.91130300    0.91164426109
  9026.91925300    0.91213967400
  9027.95506400    0.91478775690
  9029.01873400    0.91892035904
  9030.11026600    0.92301105784
  9031.23272300    0.92770041814
  9032.36737300    0.93411459388
  9033.51421400    0.94273182109
  9034.67324800    0.95390413491
  9035.84447300    0.96716121727
  9037.02789000    0.98182048710
  9038.22349900    0.99569086553
  9039.43130000    1.00750976446
  9040.65129300    1.01545755441
  9041.88347800    1.01886617724
  9043.12785500    1.02311002399
  9044.38442300    1.02704926957
  9045.65318400    1.03050134901
  9046.93413600    1.03416520458
  9048.22728000    1.03816477836
  9049.53261700    1.04254956413
  9050.85014500    1.04647805957
  9052.17986500    1.04819953711
  9053.52177700    1.04805310116
  9054.87588100    1.04673900888
  9056.24217700    1.04359500933
  9057.62066400    1.03948081782
  9059.01134400    1.03498950211
  9060.41421500    1.03002272023
  9061.82927900    1.02521709940
  9063.25653400    1.02089115404
  9064.69598100    1.01709675097
  9066.14762000    1.01428677585
  9067.61145200    1.01248986248
  9069.08747500    1.01208313143
  9070.57568900    1.01295239309
  9072.07609600    1.01448977163
  9073.58869500    1.01611828499
  9075.11348500    1.01690349337
  9076.65046800    1.01623751895
  9078.19964200    1.01449879827
  9079.76100900    1.01242849579
  9081.33456700    1.01005682942
  9082.92031700    1.00839635681
  9084.51825900    1.00787065111
  9086.12839300    1.00865142783
  9087.75071900    1.00939318925
  9089.38523700    1.01026052088
  9091.03194600    1.01071207131
  9092.69084800    1.00990472904
  9094.36194200    1.00809204671
  9096.04522700    1.00498135828
  9097.74070400    1.00110816279
  9099.44837400    0.99693007794
  9101.16823500    0.99239203671
  9102.90028800    0.98751684506
  9104.64453300    0.98309423175
  9106.40097000    0.97944268293
  9108.16959800    0.97647518019
  9109.95041900    0.97449093084
  9111.74343200    0.97389844303
  9113.54863600    0.97422050090
  9115.36603200    0.97526421193
  9117.19562100    0.97649031311
  9119.03740100    0.97817319603
  9120.89137300    0.98028073990
  9122.75753700    0.98284365644
  9124.63589300    0.98605686417
  9126.52644100    0.98946240601
  9128.42918100    0.99351893374
  9130.34411200    0.99697727850
  9132.27123600    1.00060285348
  9134.21055200    1.00378219993
  9136.16205900    1.00628571430
  9138.12575800    1.00792153941
  9140.10164900    1.00911241179
  9142.08973300    1.00954872597
  9144.09000800    1.00967222642
  9146.10247500    1.00936180018
  9148.12713300    1.00820989526
  9150.16398400    1.00737579628
  9152.21302700    1.00629829859
  9154.27426100    1.00488981269
  9156.34768800    1.00338983815
  9158.43330600    1.00285707419
  9160.53111700    1.00185857119
  9162.64111900    1.00063039751
  9164.76331300    0.99972066244
  9166.89769900    0.99866054393
  9169.04427700    0.99741497079
  9171.20304700    0.99703444052
  9173.37400800    0.99664277257
  9175.55716200    0.99570565938
  9177.75250800    0.99624353170
  9179.96004500    0.99597756556
  9182.17977500    0.99620481912
  9184.41169600    0.99640523812
  9186.65580900    0.99640592124
  9188.91211400    0.99675389641
  9191.18061100    0.99700645013
  9193.46130000    0.99715013143
  9195.75418100    0.99753871173
  9198.05925400    0.99761885315
  9200.37651800    0.99752018684
  9202.70597500    0.99717090319
  9205.04762300    0.99673679770
  9207.40146400    0.99635857581
  9209.76749600    0.99620176338
  9212.14572000    0.99613804522
  9214.53613600    0.99551031157
  9216.93874400    0.99420212333
  9219.35354400    0.99232513512
  9221.78053600    0.99083395302
  9224.21972000    0.98934548841
  9226.67109600    0.98869844511
  9229.13466300    0.98859315458
  9231.61042300    0.98849709124
  9234.09837400    0.98863884781
  9236.59851700    0.98873247112
  9239.11085200    0.98923939292
  9241.63538000    0.99058170400
  9244.17209900    0.99192775776
  9246.72100900    0.99363416841
  9249.28211200    0.99574285464
  9251.85540700    0.99724105430
  9254.44089400    0.99964671150
  9257.03857200    1.00170338512
  9259.64844300    1.00352241353
  9262.27050500    1.00477531366
  9264.90475900    1.00523972233
  9267.55120500    1.00531314868
  9270.20984400    1.00508685609
  9272.88067400    1.00435510905
  9275.56369600    1.00372845397
  9278.25890900    1.00317802772
  9280.96631500    1.00258071050
  9283.68591300    1.00178513639
  9286.41770200    1.00076243253
  9289.16168400    0.99955288598
  9291.91785700    0.99902205365
  9294.68622200    0.99886648884
  9297.46678000    0.99861853315
  9300.25952900    0.99870839657
  9303.06447000    0.99924947987
  9305.88160200    0.99943804536
  9308.71092700    1.00001527945
  9311.55244400    1.00045331878
  9314.40615300    1.00110130554
  9317.27205300    1.00189733129
  9320.15014600    1.00213822142
  9323.04043000    1.00184522294
  9325.94290600    1.00143029571
  9328.85757400    1.00020794696
  9331.78443500    0.99930425217
  9334.72348700    0.99821006813
  9337.67473000    0.99797807342
  9340.63816600    0.99916171478
  9343.61379400    1.00073043630
  9346.60161400    1.00126902823
  9349.60162500    1.00165142985
  9352.61382900    1.00139566443
  9355.63822400    1.00095880959
  9358.67481100    1.00061023027
  9361.72359000    1.00002370441
  9364.78456100    0.99966395310
  9367.85772400    0.99968918962
  9370.94307900    0.99955538225
  9374.04062600    0.99966441098
  9377.15036500    1.00002109576
  9380.27229500    1.00063738331
  9383.40641800    1.00134146793
  9386.55273200    1.00156528263
  9389.71123900    1.00228885127
  9392.88193700    1.00255813217
  9396.06482700    1.00297879221
  9399.25990900    1.00380616828
  9402.46718300    1.00469578478
  9405.68664900    1.00583908505
  9408.91830700    1.00634246667
  9412.16215700    1.00724375409
  9415.41819800    1.00746005289
  9418.68643200    1.00747556950
  9421.96685700    1.00724651311
  9425.25947400    1.00705195832
  9428.56428400    1.00685312046
  9431.88128500    1.00606948799
  9435.21047800    1.00503741661
  9438.55186300    1.00438709427
  9441.90544000    1.00486196303
  9445.27120900    1.00477084788
  9448.64916900    1.00456731546
  9452.03932200    1.00506238229
  9455.44166600    1.00557546539
  9458.85620300    1.00528974872
  9462.28293100    1.00534466658
  9465.72185100    1.00485740068
  9469.17296400    1.00398687783
  9472.63626800    1.00301452461
  9476.11176400    1.00216975264
  9479.59945100    1.00229208110
  9483.09933100    1.00201925629
  9486.61140300    1.00126467972
  9490.13566600    1.00038553680
  9493.67212200    0.99967327027
  9497.22076900    0.99941061642
  9500.78160900    0.99865534003
  9504.35464000    0.99770997515
  9507.93986300    0.99719279451
  9511.53727800    0.99662831650
  9515.14688500    0.99587000356
  9518.76868400    0.99596908870
  9522.40267500    0.99582810213
  9526.04885700    0.99599033977
  9529.70723200    0.99665958681
  9533.37779900    0.99633656438
  9537.06055700    0.99640778537
  9540.75550700    0.99610155279
  9544.46265000    0.99553083595
  9548.18198400    0.99541317098
  9551.91351000    0.99488472427
  9555.65722800    0.99486314110
  9559.41313800    0.99441753367
  9563.18123900    0.99435572517
  9566.96153300    0.99515711689
  9570.75401900    0.99564794327
  9574.55869600    0.99508291256
  9578.37556500    0.99581213886
  9582.20462700    0.99673339936
  9586.04588000    0.99703989430
  9589.89932500    0.99767620057
  9593.76496200    0.99926508106
  9597.64279100    1.00028455788
  9601.53281200    1.00127661233
  9605.43502500    1.00201815304
  9609.34942900    1.00212029961
  9613.27602600    1.00133831235
  9617.21481400    1.00060464005
  9621.16579500    1.00002751584
  9625.12896700    0.99986803875
  9629.10433100    0.99895298851
  9633.09188800    0.99876473076
  9637.09163600    0.99972541213
  9641.10357500    0.99885816873
  9645.12770700    0.99845691063
  9649.16403100    0.99912199158
  9653.21254700    0.99968443362
  9657.27325400    1.00047294009
  9661.34615400    1.00196748461
  9665.43124500    1.00258752593
  9669.52852900    1.00323887807
  9673.63800400    1.00433051697
  9677.75967100    1.00444664382
  9681.89353000    1.00459684069
  9686.03958100    1.00460849865
  9690.19782400    1.00343147476
  9694.36825800    1.00271187230
  9698.55088500    1.00103312099
  9702.74570400    1.00008595003
  9706.95271400    0.99843506099
  9711.17191600    0.99769594959
  9715.40331100    0.99777260020
  9719.64689700    0.99821049567
  9723.90267500    0.99832596633
  9728.17064500    0.99832318500
  9732.45080700    0.99941877363
  9736.74316100    0.99985222420
  9741.04770700    1.00042278658
  9745.36444400    1.00048035533
  9749.69337400    1.00055015752
  9754.03449500    1.00098266676
  9758.38780900    0.99965044526
  9762.75331400    0.99822372147
  9767.13101100    0.99718947443
  9771.52090000    0.99692381293
  9775.92298100    0.99731814863
  9780.33725400    0.99811262924
  9784.76371900    0.99875621837
  9789.20237600    0.99887635304
  9793.65322400    0.99929482083
  9798.11626500    0.99857990225
  9802.59149700    0.99946635529
  9807.07892200    0.99994035822
  9811.57853800    1.00058957085
  9816.09034600    1.00081286186
  9820.61434600    1.00162426902
  9825.15053800    1.00194405101
  9829.69892200    1.00126615112
  9834.25949800    1.00049270389
  9838.83226600    0.99991574968
  9843.41722600    0.99943424350
  9848.01437700    0.99870453776
  9852.62372100    0.99827082549
  9857.24525600    0.99929376226
  9861.87898300    1.00109181304
  9866.52490200    1.00219620774
  9871.18301300    1.00265619387
  9875.85331600    1.00227524792
  9880.53581100    1.00253748898
  9885.23049800    1.00145438454
  9889.93737700    1.00018483341
  9894.65644800    0.99956857227
  9899.38771000    0.99934499980
  9904.13116500    0.99874901826
  9908.88681100    0.99888256726
  9913.65464900    0.99957141637
  9918.43467900    0.99965029466
  9923.22690100    0.99975311282
  9928.03131500    1.00110093603
  9932.84792100    1.00224949503
  9937.67671900    1.00193221056
