#---------------------------------
#  energy flat
  8794.00000000    0.00481804190
  8799.00000000    0.00378372603
  8804.00000000    0.00303841351
  8809.00000000    0.00154998307
  8814.00000000    0.00009185041
  8819.00000000   -0.00116946403
  8824.00000000   -0.00187860709
  8829.00000000   -0.00196441419
  8834.00000000   -0.00181465009
  8839.00000000   -0.00155849142
  8844.00000000   -0.00086782953
  8849.00000000   -0.00014816162
  8854.00000000    0.00074025794
  8859.00000000    0.00108331726
  8864.00000000    0.00119914313
  8869.00000000    0.00134221354
  8874.00000000    0.00095213675
  8879.00000000    0.00144327946
  8884.00000000    0.00241918683
  8889.00000000    0.00198342850
  8894.00000000    0.00218838625
  8899.00000000    0.00094339504
  8904.00000000   -0.00051743858
  8909.00000000   -0.00177393826
  8914.00000000   -0.00258724466
  8919.00000000   -0.00204079087
  8924.00000000   -0.00102178547
  8929.00000000    0.00031041453
  8934.00000000    0.00205222190
  8939.00000000    0.00304210383
  8944.00000000    0.00351128651
  8949.00000000    0.00441391550
  8953.00000000    0.00548878833
  8956.00000000    0.00688081769
  8958.00000000    0.00782997526
  8959.00000000    0.00865838058
  8959.20000000    0.00958993815
  8959.40000000    0.00980327364
  8959.60000000    0.01007990569
  8959.80000000    0.01003394846
  8960.00000000    0.01011892936
  8960.20000000    0.00989329918
  8960.40000000    0.01002126066
  8960.60000000    0.00999409276
  8960.80000000    0.01034635185
  8961.00000000    0.01059926237
  8961.20000000    0.01108410366
  8961.40000000    0.01117601313
  8961.60000000    0.01157418864
  8961.80000000    0.01163697464
  8962.00000000    0.01190010186
  8962.20000000    0.01209429573
  8962.40000000    0.01244091802
  8962.60000000    0.01249524883
  8962.80000000    0.01276741841
  8963.00000000    0.01279708823
  8963.20000000    0.01286551103
  8963.40000000    0.01288226318
  8963.60000000    0.01272380485
  8963.80000000    0.01279774702
  8964.00000000    0.01305112727
  8964.20000000    0.01335289005
  8964.40000000    0.01337962403
  8964.60000000    0.01360975249
  8964.80000000    0.01370577212
  8965.00000000    0.01373720343
  8965.20000000    0.01371085756
  8965.40000000    0.01393675842
  8965.60000000    0.01435137460
  8965.80000000    0.01438809041
  8966.00000000    0.01479671749
  8966.20000000    0.01476097695
  8966.40000000    0.01504547703
  8966.60000000    0.01521547964
  8966.80000000    0.01534578979
  8967.00000000    0.01533929015
  8967.20000000    0.01540559916
  8967.40000000    0.01596782899
  8967.60000000    0.01661343647
  8967.80000000    0.01731094947
  8968.00000000    0.01761588294
  8968.20000000    0.01783579470
  8968.40000000    0.01821412398
  8968.60000000    0.01880089738
  8968.80000000    0.01928209824
  8969.00000000    0.01976952306
  8969.20000000    0.02039810271
  8969.40000000    0.02090889675
  8969.60000000    0.02124001785
  8969.80000000    0.02160813044
  8970.00000000    0.02142454138
  8970.20000000    0.02176670121
  8970.40000000    0.02194551132
  8970.60000000    0.02216460104
  8970.80000000    0.02259741938
  8971.00000000    0.02290705019
  8971.20000000    0.02355441916
  8971.40000000    0.02383598341
  8971.60000000    0.02423357175
  8971.80000000    0.02465135863
  8972.00000000    0.02515146625
  8972.20000000    0.02586847317
  8972.40000000    0.02655506487
  8972.60000000    0.02726784420
  8972.80000000    0.02805777720
  8973.00000000    0.02911663246
  8973.20000000    0.03047259398
  8973.40000000    0.03174282918
  8973.60000000    0.03244621384
  8973.80000000    0.03329333687
  8974.00000000    0.03430157838
  8974.20000000    0.03516338056
  8974.40000000    0.03661563738
  8974.60000000    0.03779157365
  8974.80000000    0.03904560306
  8975.00000000    0.04051512257
  8975.20000000    0.04231298560
  8975.40000000    0.04409640433
  8975.60000000    0.04638807438
  8975.80000000    0.04888642705
  8976.00000000    0.05129682217
  8976.20000000    0.05414113334
  8976.40000000    0.05714973370
  8976.60000000    0.06063393892
  8976.80000000    0.06488463130
  8977.00000000    0.06951334148
  8977.20000000    0.07487366112
  8977.40000000    0.08066766193
  8977.60000000    0.08722216081
  8977.80000000    0.09511751311
  8978.00000000    0.10405438136
  8978.20000000    0.11445388137
  8978.40000000    0.12685103927
  8978.60000000    0.14112877404
  8978.80000000    0.15799685256
  8979.00000000    0.17859120715
  8979.20000000    0.20310219719
  8979.40000000    0.23223841521
  8979.60000000    0.26551486169
  8979.80000000    0.30387710956
  8980.00000000    0.34540641612
  8980.20000000    0.39034927387
  8980.40000000    0.43544541944
  8980.60000000    0.47964445039
  8980.80000000    0.51999608979
  8981.00000000    0.55296629971
  8981.20000000    0.57622379409
  8981.40000000    0.58791852854
  8981.60000000    0.58798450541
  8981.80000000    0.57741579743
  8982.00000000    0.55933272467
  8982.20000000    0.53682495712
  8982.40000000    0.51339048033
  8982.60000000    0.49166085701
  8982.80000000    0.47454303092
  8983.00000000    0.46198674044
  8983.20000000    0.45432479138
  8983.40000000    0.45126042966
  8983.60000000    0.45274750381
  8983.80000000    0.45732901871
  8984.00000000    0.46505053832
  8984.20000000    0.47537492258
  8984.40000000    0.48785157974
  8984.60000000    0.50087930658
  8984.80000000    0.51306452197
  8985.00000000    0.52458032243
  8985.20000000    0.53649582059
  8985.40000000    0.54737809514
  8985.60000000    0.55780773615
  8985.80000000    0.56723339414
  8986.00000000    0.57558954117
  8986.20000000    0.58388305017
  8986.40000000    0.59274535986
  8986.60000000    0.60239654010
  8986.80000000    0.61300076247
  8987.00000000    0.62545157682
  8987.20000000    0.63956942745
  8987.40000000    0.65491875408
  8987.60000000    0.67155498512
  8987.80000000    0.68923550315
  8988.00000000    0.70953050872
  8988.20000000    0.73123290476
  8988.40000000    0.75351701758
  8988.60000000    0.77595856051
  8988.80000000    0.79798950849
  8989.00000000    0.82089293763
  8989.20000000    0.84373290437
  8989.40000000    0.86659384309
  8989.60000000    0.88975841558
  8989.80000000    0.91184537120
  8990.00000000    0.93412557297
  8990.20000000    0.95596441119
  8990.40000000    0.97748894854
  8990.60000000    0.99742291973
  8990.80000000    1.01653504300
  8991.00000000    1.03277469788
  8991.20000000    1.04833225016
  8991.40000000    1.06015020626
  8991.60000000    1.06856442525
  8991.80000000    1.07678506368
  8992.00000000    1.08255035605
  8992.20000000    1.08811102884
  8992.40000000    1.09184039577
  8992.60000000    1.09428569591
  8992.80000000    1.09564938410
  8993.00000000    1.09686153193
  8993.20000000    1.09832916306
  8993.40000000    1.09981905478
  8993.60000000    1.10268474319
  8993.80000000    1.10616690439
  8994.00000000    1.11084237063
  8994.20000000    1.11652841550
  8994.40000000    1.12363863894
  8994.60000000    1.13308338375
  8994.80000000    1.14274180435
  8995.00000000    1.15427135420
  8995.20000000    1.16691317915
  8995.40000000    1.17976703537
  8995.60000000    1.19193995988
  8995.80000000    1.20350523090
  8996.00000000    1.21440389675
  8996.20000000    1.22439263550
  8996.40000000    1.23226846023
  8996.60000000    1.23888675497
  8996.80000000    1.24480885074
  8997.00000000    1.24783850978
  8997.20000000    1.24936449818
  8997.40000000    1.24835575135
  8997.60000000    1.24516362963
  8997.80000000    1.24019186852
  8998.00000000    1.23389305581
  8998.20000000    1.22661268010
  8998.40000000    1.21760222143
  8998.60000000    1.20777625014
  8998.80000000    1.19738348983
  8999.00000000    1.18626845864
  8999.20000000    1.17460073012
  8999.40000000    1.16419488347
  8999.60000000    1.15381411100
  8999.80000000    1.14378464228
  9000.00000000    1.13418844559
  9000.20000000    1.12557064616
  9000.40000000    1.11788380081
  9000.60000000    1.11069810346
  9000.80000000    1.10428271111
  9001.00000000    1.09843422913
  9001.20000000    1.09409118428
  9001.40000000    1.09022063312
  9001.60000000    1.08615156159
  9001.80000000    1.08286759088
  9002.00000000    1.07982171654
  9002.20000000    1.07712573487
  9002.40000000    1.07417791752
  9002.60000000    1.07020813674
  9002.80000000    1.06695839797
  9003.00000000    1.06471265475
  9003.20000000    1.06191538544
  9003.40000000    1.05912627701
  9003.60000000    1.05512848543
  9003.80000000    1.05160694355
  9004.00000000    1.04781829843
  9004.20000000    1.04422288844
  9004.40000000    1.04052501638
  9004.60000000    1.03686419287
  9004.80000000    1.03389851397
  9005.00000000    1.03038694438
  9005.20000000    1.02784648735
  9005.40000000    1.02506617054
  9005.60000000    1.02246264712
  9005.80000000    1.01998542066
  9006.00000000    1.01654893751
  9006.20000000    1.01388698283
  9006.40000000    1.00965840616
  9006.60000000    1.00644204262
  9006.80000000    1.00425127947
  9007.00000000    1.00107612818
  9007.20000000    0.99943107042
  9007.40000000    0.99651649618
  9007.60000000    0.99393560469
  9007.80000000    0.99149510060
  9008.00000000    0.98968890824
  9008.20000000    0.98792070113
  9008.40000000    0.98638917627
  9008.60000000    0.98511946425
  9008.80000000    0.98369420693
  9009.00000000    0.98323700603
  9009.22786000    0.98219221518
  9009.48358100    0.98041147772
  9009.76716200    0.97838340921
  9010.07860400    0.97848354891
  9010.41790500    0.97847396743
  9010.78506700    0.97850932258
  9011.18009000    0.98150537766
  9011.60297300    0.98557887817
  9012.05371600    0.99049909833
  9012.53231900    0.99849625374
  9013.03878300    1.00970814060
  9013.57310700    1.02328988639
  9014.13529200    1.03630208297
  9014.72533700    1.04544598937
  9015.34324200    1.05028213717
  9015.98900800    1.05659690827
  9016.66263400    1.05503249875
  9017.36412000    1.04914712990
  9018.09346700    1.03766030732
  9018.85067400    1.01985945625
  9019.63574100    1.00260081874
  9020.44866900    0.98561385033
  9021.28945700    0.97046866778
  9022.15810600    0.95504258343
  9023.05461400    0.94281190792
  9023.97898300    0.93359607768
  9024.93121300    0.92681244834
  9025.91130300    0.92361428332
  9026.91925300    0.92466820681
  9027.95506400    0.92609970133
  9029.01873400    0.92945239925
  9030.11026600    0.93362298192
  9031.23272300    0.93859689534
  9032.36737300    0.94493278510
  9033.51421400    0.95046179532
  9034.67324800    0.95972355686
  9035.84447300    0.97166999735
  9037.02789000    0.98519690515
  9038.22349900    0.99650802962
  9039.43130000    1.00305402676
  9040.65129300    1.01256730764
  9041.88347800    1.01995938506
  9043.12785500    1.02505377167
  9044.38442300    1.02884972404
  9045.65318400    1.03241812678
  9046.93413600    1.03603132558
  9048.22728000    1.04016575889
  9049.53261700    1.04390087814
  9050.85014500    1.04686126557
  9052.17986500    1.04777219273
  9053.52177700    1.04777641451
  9054.87588100    1.04689449256
  9056.24217700    1.04564889777
  9057.62066400    1.04185784821
  9059.01134400    1.03791029436
  9060.41421500    1.03425848356
  9061.82927900    1.02965210674
  9063.25653400    1.02686389150
  9064.69598100    1.02459866933
  9066.14762000    1.02207985812
  9067.61145200    1.02003918613
  9069.08747500    1.01902519036
  9070.57568900    1.01766707300
  9072.07609600    1.01735441855
  9073.58869500    1.01686697828
  9075.11348500    1.01608673123
  9076.65046800    1.01521929571
  9078.19964200    1.01354139879
  9079.76100900    1.01087652821
  9081.33456700    1.00828615961
  9082.92031700    1.00656965047
  9084.51825900    1.00617617260
  9086.12839300    1.00631879334
  9087.75071900    1.00557831762
  9089.38523700    1.00482855132
  9091.03194600    1.00463750429
  9092.69084800    1.00305235594
  9094.36194200    1.00111906621
  9096.04522700    0.99888282669
  9097.74070400    0.99535376638
  9099.44837400    0.99173918957
  9101.16823500    0.98862823515
  9102.90028800    0.98679276091
  9104.64453300    0.98684632437
  9106.40097000    0.98721892623
  9108.16959800    0.98690518630
  9109.95041900    0.98673355536
  9111.74343200    0.98662050040
  9113.54863600    0.98717346378
  9115.36603200    0.98766325628
  9117.19562100    0.98854582338
  9119.03740100    0.98969347000
  9120.89137300    0.99097684944
  9122.75753700    0.99269900384
  9124.63589300    0.99513525867
  9126.52644100    0.99852429781
  9128.42918100    1.00190956653
  9130.34411200    1.00486530787
  9132.27123600    1.00740260908
  9134.21055200    1.00866637194
  9136.16205900    1.00950733180
  9138.12575800    1.01018036136
  9140.10164900    1.01076981925
  9142.08973300    1.01100588083
  9144.09000800    1.01125051505
  9146.10247500    1.01140557929
  9148.12713300    1.01026577039
  9150.16398400    1.00943055424
  9152.21302700    1.00863009572
  9154.27426100    1.00705318924
  9156.34768800    1.00574876480
  9158.43330600    1.00480609124
  9160.53111700    1.00326339965
  9162.64111900    1.00084050773
  9164.76331300    0.99805107431
  9166.89769900    0.99530024837
  9169.04427700    0.99223032921
  9171.20304700    0.99135368284
  9173.37400800    0.99118172129
  9175.55716200    0.99052013630
  9177.75250800    0.99062193147
  9179.96004500    0.99116509166
  9182.17977500    0.99170123551
  9184.41169600    0.99248447086
  9186.65580900    0.99252386964
  9188.91211400    0.99214915700
  9191.18061100    0.99150521482
  9193.46130000    0.99093820234
  9195.75418100    0.99143052911
  9198.05925400    0.99285532641
  9200.37651800    0.99361686804
  9202.70597500    0.99455592576
  9205.04762300    0.99410236865
  9207.40146400    0.99364161739
  9209.76749600    0.99399565067
  9212.14572000    0.99489618816
  9214.53613600    0.99533629228
  9216.93874400    0.99504039668
  9219.35354400    0.99438797444
  9221.78053600    0.99313703822
  9224.21972000    0.99182112675
  9226.67109600    0.99118985257
  9229.13466300    0.99147165739
  9231.61042300    0.99099490385
  9234.09837400    0.99184770213
  9236.59851700    0.99298738228
  9239.11085200    0.99373085336
  9241.63538000    0.99365196337
  9244.17209900    0.99457646263
  9246.72100900    0.99501730137
  9249.28211200    0.99456334723
  9251.85540700    0.99435852085
  9254.44089400    0.99545208661
  9257.03857200    0.99637859036
  9259.64844300    0.99760763582
  9262.27050500    0.99955434044
  9264.90475900    1.00070579368
  9267.55120500    1.00118986135
  9270.20984400    1.00168563613
  9272.88067400    1.00139372691
  9275.56369600    1.00053241147
  9278.25890900    0.99952406652
  9280.96631500    0.99870298585
  9283.68591300    0.99860404075
  9286.41770200    0.99924069534
  9289.16168400    0.99906477797
  9291.91785700    0.99863182001
  9294.68622200    0.99884659176
  9297.46678000    0.99890919859
  9300.25952900    0.99826518293
  9303.06447000    0.99802880682
  9305.88160200    0.99671858659
  9308.71092700    0.99742964161
  9311.55244400    0.99956052743
  9314.40615300    1.00098738980
  9317.27205300    1.00224717691
  9320.15014600    1.00240938298
  9323.04043000    1.00172770289
  9325.94290600    1.00159891998
  9328.85757400    1.00202071610
  9331.78443500    1.00191273109
  9334.72348700    1.00183702908
  9337.67473000    1.00178776098
  9340.63816600    1.00173675992
  9343.61379400    1.00029950646
  9346.60161400    0.99898973118
  9349.60162500    0.99830489600
  9352.61382900    0.99818676161
  9355.63822400    0.99761460935
  9358.67481100    0.99863107880
  9361.72359000    0.99984552903
  9364.78456100    0.99970338026
  9367.85772400    0.99979655858
  9370.94307900    1.00026433826
  9374.04062600    0.99941215340
  9377.15036500    0.99884578180
  9380.27229500    0.99775915605
  9383.40641800    0.99751472590
  9386.55273200    0.99875249607
  9389.71123900    0.99897253214
  9392.88193700    0.99945085490
  9396.06482700    1.00113537063
  9399.25990900    1.00126544236
  9402.46718300    1.00093153973
  9405.68664900    1.00130257695
  9408.91830700    1.00181978856
  9412.16215700    1.00369882554
  9415.41819800    1.00233088296
  9418.68643200    1.00082533684
  9421.96685700    1.00082576665
  9425.25947400    1.00105212723
  9428.56428400    1.00134844487
  9431.88128500    0.99989683428
  9435.21047800    0.99916806967
  9438.55186300    1.00048912653
  9441.90544000    1.00112096997
  9445.27120900    0.99936972191
  9448.64916900    0.99819327413
  9452.03932200    0.99947476479
  9455.44166600    1.00050945485
  9458.85620300    1.00125598711
  9462.28293100    1.00030256508
  9465.72185100    0.99982497591
  9469.17296400    1.00093835056
  9472.63626800    1.00219848478
  9476.11176400    1.00226545183
  9479.59945100    1.00266376302
  9483.09933100    1.00169273846
  9486.61140300    1.00012038799
  9490.13566600    1.00054903175
  9493.67212200    1.00236167084
  9497.22076900    1.00261613599
  9500.78160900    1.00296729805
  9504.35464000    1.00380105295
  9507.93986300    1.00473058362
  9511.53727800    1.00442068636
  9515.14688500    1.00383221679
  9518.76868400    1.00334920161
  9522.40267500    1.00326313372
  9526.04885700    1.00325885117
  9529.70723200    1.00304749620
  9533.37779900    1.00369117282
  9537.06055700    1.00410413453
  9540.75550700    1.00322247867
  9544.46265000    1.00201672192
  9548.18198400    1.00050242338
  9551.91351000    0.99937108849
  9555.65722800    0.99937365104
  9559.41313800    1.00151353202
  9563.18123900    1.00232605781
  9566.96153300    1.00339196011
  9570.75401900    1.00315745232
  9574.55869600    1.00341748241
  9578.37556500    1.00564593906
  9582.20462700    1.00666518481
  9586.04588000    1.00610824329
  9589.89932500    1.00428690481
  9593.76496200    1.00278641584
  9597.64279100    1.00177766415
  9601.53281200    1.00128874677
  9605.43502500    1.00141916860
  9609.34942900    1.00290681240
  9613.27602600    1.00204823721
  9617.21481400    1.00283542249
  9621.16579500    1.00439508844
  9625.12896700    1.00399077537
  9629.10433100    1.00295838023
  9633.09188800    1.00199520801
  9637.09163600    1.00136806909
  9641.10357500    1.00020585245
  9645.12770700    1.00003849596
  9649.16403100    0.99892838365
  9653.21254700    0.99768725800
  9657.27325400    0.99646361197
  9661.34615400    0.99699434833
  9665.43124500    0.99650695081
  9669.52852900    0.99936932340
  9673.63800400    1.00179529177
  9677.75967100    1.00284081051
  9681.89353000    1.00359814334
  9686.03958100    1.00298423369
  9690.19782400    1.00156386364
  9694.36825800    1.00007751211
  9698.55088500    0.99915246209
  9702.74570400    0.99834502585
  9706.95271400    0.99901107946
  9711.17191600    0.99882168944
  9715.40331100    0.99828418798
  9719.64689700    0.99767599530
  9723.90267500    0.99815905103
  9728.17064500    0.99901896504
  9732.45080700    0.99849080692
  9736.74316100    0.99660615930
  9741.04770700    0.99569385382
  9745.36444400    0.99564224427
  9749.69337400    0.99347244706
  9754.03449500    0.99372462523
  9758.38780900    0.99628037576
  9762.75331400    0.99608489754
  9767.13101100    0.99631994190
  9771.52090000    0.99635305001
  9775.92298100    0.99488664274
  9780.33725400    0.99597295483
  9784.76371900    0.99711240510
  9789.20237600    0.99687924573
  9793.65322400    0.99604446173
  9798.11626500    0.99679083980
  9802.59149700    0.99613742155
  9807.07892200    0.99701861629
  9811.57853800    0.99840549242
  9816.09034600    0.99861761864
  9820.61434600    0.99913119904
  9825.15053800    0.99913392430
  9829.69892200    0.99694544552
  9834.25949800    0.99656404623
  9838.83226600    0.99780435945
  9843.41722600    0.99657591993
  9848.01437700    0.99598554570
  9852.62372100    0.99731046804
  9857.24525600    0.99938886629
  9861.87898300    1.00050912216
  9866.52490200    1.00166930654
  9871.18301300    1.00173023588
  9875.85331600    1.00244960369
  9880.53581100    1.00158441852
  9885.23049800    1.00128983421
  9889.93737700    1.00172467241
  9894.65644800    1.00119187329
  9899.38771000    1.00141078335
  9904.13116500    1.00266222120
  9908.88681100    1.00348739194
  9913.65464900    1.00367561286
  9918.43467900    1.00445644238
  9923.22690100    1.00646996141
  9928.03131500    1.00588231542
  9932.84792100    1.00640055073
  9937.67671900    1.00661917702
