#---------------------------------
#  energy flat
  8794.00000000    0.00385107264
  8799.00000000    0.00201662422
  8804.00000000    0.00118103371
  8809.00000000   -0.00098717823
  8814.00000000   -0.00214663938
  8819.00000000   -0.00336562007
  8824.00000000   -0.00334831342
  8829.00000000   -0.00339295899
  8834.00000000   -0.00222029211
  8839.00000000   -0.00141804112
  8844.00000000   -0.00077277900
  8849.00000000    0.00027874048
  8854.00000000    0.00108634336
  8859.00000000    0.00167062634
  8864.00000000    0.00152688966
  8869.00000000    0.00128211571
  8874.00000000    0.00105696538
  8879.00000000    0.00175444901
  8884.00000000    0.00308945665
  8889.00000000    0.00226051545
  8894.00000000    0.00259228637
  8899.00000000    0.00104327227
  8904.00000000   -0.00085929115
  8909.00000000   -0.00265254620
  8914.00000000   -0.00314675080
  8919.00000000   -0.00261209447
  8924.00000000   -0.00056690682
  8929.00000000    0.00150617555
  8934.00000000    0.00364250756
  8939.00000000    0.00523586569
  8944.00000000    0.00653535621
  8949.00000000    0.00738755821
  8953.00000000    0.00855475274
  8956.00000000    0.00938206269
  8958.00000000    0.01060010257
  8959.00000000    0.01124634250
  8959.20000000    0.01182375478
  8959.40000000    0.01241041124
  8959.60000000    0.01320238579
  8959.80000000    0.01399517123
  8960.00000000    0.01391738203
  8960.20000000    0.01460896804
  8960.40000000    0.01471411629
  8960.60000000    0.01462643420
  8960.80000000    0.01446074421
  8961.00000000    0.01482310769
  8961.20000000    0.01457535535
  8961.40000000    0.01457752019
  8961.60000000    0.01482181766
  8961.80000000    0.01504600499
  8962.00000000    0.01500470598
  8962.20000000    0.01570002209
  8962.40000000    0.01614834022
  8962.60000000    0.01642247855
  8962.80000000    0.01666969524
  8963.00000000    0.01732592631
  8963.20000000    0.01735176923
  8963.40000000    0.01757157774
  8963.60000000    0.01803416758
  8963.80000000    0.01772576045
  8964.00000000    0.01748676574
  8964.20000000    0.01779609682
  8964.40000000    0.01716706263
  8964.60000000    0.01830269359
  8964.80000000    0.01850904127
  8965.00000000    0.01905661270
  8965.20000000    0.01927139367
  8965.40000000    0.01891952267
  8965.60000000    0.01937124655
  8965.80000000    0.01972906903
  8966.00000000    0.02054439729
  8966.20000000    0.02131253159
  8966.40000000    0.02142887016
  8966.60000000    0.02211737477
  8966.80000000    0.02229647645
  8967.00000000    0.02268641029
  8967.20000000    0.02275814975
  8967.40000000    0.02305369565
  8967.60000000    0.02344038592
  8967.80000000    0.02310213792
  8968.00000000    0.02336524811
  8968.20000000    0.02389757475
  8968.40000000    0.02436227291
  8968.60000000    0.02513689435
  8968.80000000    0.02587632304
  8969.00000000    0.02630647717
  8969.20000000    0.02656910082
  8969.40000000    0.02697314420
  8969.60000000    0.02712694602
  8969.80000000    0.02799303618
  8970.00000000    0.02854693257
  8970.20000000    0.02926381843
  8970.40000000    0.02956179701
  8970.60000000    0.02953898636
  8970.80000000    0.03028360476
  8971.00000000    0.03075397918
  8971.20000000    0.03129928010
  8971.40000000    0.03199054175
  8971.60000000    0.03258530714
  8971.80000000    0.03292026244
  8972.00000000    0.03399815782
  8972.20000000    0.03455156768
  8972.40000000    0.03534694797
  8972.60000000    0.03650139165
  8972.80000000    0.03799705907
  8973.00000000    0.03894650903
  8973.20000000    0.03964993407
  8973.40000000    0.04072491024
  8973.60000000    0.04098591211
  8973.80000000    0.04196195935
  8974.00000000    0.04331572051
  8974.20000000    0.04441145554
  8974.40000000    0.04629132402
  8974.60000000    0.04746003942
  8974.80000000    0.04856907310
  8975.00000000    0.04973259878
  8975.20000000    0.05153964908
  8975.40000000    0.05344400653
  8975.60000000    0.05557817103
  8975.80000000    0.05801333898
  8976.00000000    0.06071853427
  8976.20000000    0.06381701263
  8976.40000000    0.06660281068
  8976.60000000    0.07012116938
  8976.80000000    0.07408957366
  8977.00000000    0.07855440658
  8977.20000000    0.08335867927
  8977.40000000    0.08892762399
  8977.60000000    0.09555008078
  8977.80000000    0.10341352808
  8978.00000000    0.11318062760
  8978.20000000    0.12446863787
  8978.40000000    0.13845173183
  8978.60000000    0.15520288985
  8978.80000000    0.17572405121
  8979.00000000    0.20121533743
  8979.20000000    0.23153046343
  8979.40000000    0.26847399030
  8979.60000000    0.31122091559
  8979.80000000    0.35985605869
  8980.00000000    0.41293002962
  8980.20000000    0.46866021627
  8980.40000000    0.52383009153
  8980.60000000    0.57508693755
  8980.80000000    0.61812945395
  8981.00000000    0.65053728757
  8981.20000000    0.67185358135
  8981.40000000    0.68125268413
  8981.60000000    0.67987244084
  8981.80000000    0.66926068392
  8982.00000000    0.65389873195
  8982.20000000    0.63532841675
  8982.40000000    0.61621076451
  8982.60000000    0.59748024822
  8982.80000000    0.58121859221
  8983.00000000    0.56785929982
  8983.20000000    0.55819250512
  8983.40000000    0.55279410426
  8983.60000000    0.55118713003
  8983.80000000    0.55217908333
  8984.00000000    0.55645533085
  8984.20000000    0.56265746479
  8984.40000000    0.57080770362
  8984.60000000    0.58057244600
  8984.80000000    0.59183914000
  8985.00000000    0.60312174328
  8985.20000000    0.61476375007
  8985.40000000    0.62602919397
  8985.60000000    0.63726870509
  8985.80000000    0.64780924232
  8986.00000000    0.65827211181
  8986.20000000    0.66907751828
  8986.40000000    0.67953182393
  8986.60000000    0.69060339710
  8986.80000000    0.70218909220
  8987.00000000    0.71412608196
  8987.20000000    0.72654216309
  8987.40000000    0.73829138175
  8987.60000000    0.75085118482
  8987.80000000    0.76210870974
  8988.00000000    0.77314763380
  8988.20000000    0.78513126398
  8988.40000000    0.79635445468
  8988.60000000    0.80777665439
  8988.80000000    0.81961712856
  8989.00000000    0.83224158991
  8989.20000000    0.84583767907
  8989.40000000    0.85958736726
  8989.60000000    0.87404157514
  8989.80000000    0.88822642033
  8990.00000000    0.90311886662
  8990.20000000    0.91856468218
  8990.40000000    0.93435644061
  8990.60000000    0.95173172668
  8990.80000000    0.96815033726
  8991.00000000    0.98568475246
  8991.20000000    1.00281730511
  8991.40000000    1.01983180773
  8991.60000000    1.03564133948
  8991.80000000    1.05074930268
  8992.00000000    1.06416413747
  8992.20000000    1.07586670679
  8992.40000000    1.08678888879
  8992.60000000    1.09590344432
  8992.80000000    1.10340206848
  8993.00000000    1.11070155338
  8993.20000000    1.11683888259
  8993.40000000    1.12262332725
  8993.60000000    1.12622129632
  8993.80000000    1.13062271415
  8994.00000000    1.13414643755
  8994.20000000    1.13805583770
  8994.40000000    1.14258574919
  8994.60000000    1.14685683974
  8994.80000000    1.14972639908
  8995.00000000    1.15245747400
  8995.20000000    1.15276010293
  8995.40000000    1.15317432684
  8995.60000000    1.15230832913
  8995.80000000    1.15062691363
  8996.00000000    1.14882031239
  8996.20000000    1.14484377785
  8996.40000000    1.14002198467
  8996.60000000    1.13408896000
  8996.80000000    1.12662758051
  8997.00000000    1.11928363448
  8997.20000000    1.11126601478
  8997.40000000    1.10340961677
  8997.60000000    1.09645494786
  8997.80000000    1.08885028337
  8998.00000000    1.08166048790
  8998.20000000    1.07397444215
  8998.40000000    1.06588718280
  8998.60000000    1.05892545902
  8998.80000000    1.05201370247
  8999.00000000    1.04509223142
  8999.20000000    1.03861092927
  8999.40000000    1.03248870674
  8999.60000000    1.02733892324
  8999.80000000    1.02096211282
  9000.00000000    1.01375982967
  9000.20000000    1.00810961181
  9000.40000000    1.00228004071
  9000.60000000    0.99695129334
  9000.80000000    0.99209806985
  9001.00000000    0.98847482502
  9001.20000000    0.98588434969
  9001.40000000    0.98511093950
  9001.60000000    0.98492592951
  9001.80000000    0.98503999313
  9002.00000000    0.98377555511
  9002.20000000    0.98163958569
  9002.40000000    0.98028890130
  9002.60000000    0.97801478838
  9002.80000000    0.97766931951
  9003.00000000    0.97683181716
  9003.20000000    0.97757005826
  9003.40000000    0.97842865223
  9003.60000000    0.97989251302
  9003.80000000    0.98087115185
  9004.00000000    0.98202333814
  9004.20000000    0.98407206400
  9004.40000000    0.98658431264
  9004.60000000    0.98896553736
  9004.80000000    0.99090176045
  9005.00000000    0.99233232711
  9005.20000000    0.99366560302
  9005.40000000    0.99470048674
  9005.60000000    0.99650119414
  9005.80000000    0.99812741381
  9006.00000000    1.00011011843
  9006.20000000    1.00176556309
  9006.40000000    1.00482873429
  9006.60000000    1.00690847101
  9006.80000000    1.00911277732
  9007.00000000    1.01099858134
  9007.20000000    1.01306766362
  9007.40000000    1.01532813309
  9007.60000000    1.01719582250
  9007.80000000    1.01874079300
  9008.00000000    1.02117646476
  9008.20000000    1.02375681630
  9008.40000000    1.02639394682
  9008.60000000    1.02864640625
  9008.80000000    1.03125016099
  9009.00000000    1.03258147906
  9009.22786000    1.03370383673
  9009.48358100    1.03489813298
  9009.76716200    1.03599117212
  9010.07860400    1.03870140602
  9010.41790500    1.04069801925
  9010.78506700    1.04131868184
  9011.18009000    1.04165292227
  9011.60297300    1.04021811982
  9012.05371600    1.03729388504
  9012.53231900    1.03493957728
  9013.03878300    1.03335112274
  9013.57310700    1.03265958155
  9014.13529200    1.03101256642
  9014.72533700    1.02801957315
  9015.34324200    1.02326804007
  9015.98900800    1.01603661632
  9016.66263400    1.00677261529
  9017.36412000    0.99558699082
  9018.09346700    0.98529388819
  9018.85067400    0.97514893561
  9019.63574100    0.96678886609
  9020.44866900    0.96001357686
  9021.28945700    0.95310984435
  9022.15810600    0.94759730957
  9023.05461400    0.94224766717
  9023.97898300    0.93799184979
  9024.93121300    0.93444909512
  9025.91130300    0.93137422537
  9026.91925300    0.92920029244
  9027.95506400    0.92856761137
  9029.01873400    0.92808765070
  9030.11026600    0.93017852489
  9031.23272300    0.93301592551
  9032.36737300    0.93758086987
  9033.51421400    0.94336932963
  9034.67324800    0.95038553565
  9035.84447300    0.95791073559
  9037.02789000    0.96623816516
  9038.22349900    0.97473307661
  9039.43130000    0.98281456571
  9040.65129300    0.99108271286
  9041.88347800    0.99966533468
  9043.12785500    1.00716609365
  9044.38442300    1.01405176221
  9045.65318400    1.01949524577
  9046.93413600    1.02219492410
  9048.22728000    1.02180310508
  9049.53261700    1.01918454393
  9050.85014500    1.01677162072
  9052.17986500    1.01396624025
  9053.52177700    1.01173500865
  9054.87588100    1.01031245815
  9056.24217700    1.00945696483
  9057.62066400    1.00902064639
  9059.01134400    1.00839372962
  9060.41421500    1.00788373222
  9061.82927900    1.00664118145
  9063.25653400    1.00618312326
  9064.69598100    1.00740545335
  9066.14762000    1.00769128167
  9067.61145200    1.00770653507
  9069.08747500    1.00919855385
  9070.57568900    1.01173661579
  9072.07609600    1.01424419945
  9073.58869500    1.01610375539
  9075.11348500    1.01812198670
  9076.65046800    1.01970436717
  9078.19964200    1.02124080340
  9079.76100900    1.02210887482
  9081.33456700    1.02199852559
  9082.92031700    1.02078490149
  9084.51825900    1.01939568962
  9086.12839300    1.01688768510
  9087.75071900    1.01297710129
  9089.38523700    1.00893349819
  9091.03194600    1.00487561883
  9092.69084800    0.99992253116
  9094.36194200    0.99464091572
  9096.04522700    0.98917351834
  9097.74070400    0.98466047899
  9099.44837400    0.98081736108
  9101.16823500    0.97734643587
  9102.90028800    0.97496228705
  9104.64453300    0.97406422536
  9106.40097000    0.97380019169
  9108.16959800    0.97480206317
  9109.95041900    0.97664917161
  9111.74343200    0.97911838881
  9113.54863600    0.98290905840
  9115.36603200    0.98631087042
  9117.19562100    0.98866118861
  9119.03740100    0.99027986099
  9120.89137300    0.99198850978
  9122.75753700    0.99384100593
  9124.63589300    0.99557659396
  9126.52644100    0.99679763967
  9128.42918100    0.99815223639
  9130.34411200    0.99911365790
  9132.27123600    0.99950223376
  9134.21055200    1.00043832341
  9136.16205900    1.00259629514
  9138.12575800    1.00515263158
  9140.10164900    1.00693545781
  9142.08973300    1.00748940174
  9144.09000800    1.00736330736
  9146.10247500    1.00681798302
  9148.12713300    1.00599390473
  9150.16398400    1.00455343961
  9152.21302700    1.00349855606
  9154.27426100    1.00235799217
  9156.34768800    1.00044413327
  9158.43330600    0.99949783513
  9160.53111700    0.99826937185
  9162.64111900    0.99739970370
  9164.76331300    0.99774548197
  9166.89769900    0.99914033735
  9169.04427700    0.99976108394
  9171.20304700    1.00140209107
  9173.37400800    1.00218406070
  9175.55716200    1.00268566682
  9177.75250800    1.00312133636
  9179.96004500    1.00283978672
  9182.17977500    1.00313035762
  9184.41169600    1.00340696375
  9186.65580900    1.00331056317
  9188.91211400    1.00313083007
  9191.18061100    1.00289178975
  9193.46130000    1.00270017821
  9195.75418100    1.00273636016
  9198.05925400    1.00262410300
  9200.37651800    1.00179515638
  9202.70597500    1.00071304334
  9205.04762300    1.00007807563
  9207.40146400    0.99871090631
  9209.76749600    0.99766928774
  9212.14572000    0.99752442975
  9214.53613600    0.99801913550
  9216.93874400    0.99792086562
  9219.35354400    0.99722347461
  9221.78053600    0.99652898608
  9224.21972000    0.99655651597
  9226.67109600    0.99680754278
  9229.13466300    0.99706833204
  9231.61042300    0.99717703949
  9234.09837400    0.99767114259
  9236.59851700    0.99837517475
  9239.11085200    0.99872152293
  9241.63538000    0.99940399626
  9244.17209900    0.99995683247
  9246.72100900    1.00065866399
  9249.28211200    1.00094446528
  9251.85540700    1.00148534135
  9254.44089400    1.00259819621
  9257.03857200    1.00387045578
  9259.64844300    1.00575524808
  9262.27050500    1.00748158454
  9264.90475900    1.00833393443
  9267.55120500    1.00859546382
  9270.20984400    1.00901024718
  9272.88067400    1.00905899297
  9275.56369600    1.00924834405
  9278.25890900    1.00930875960
  9280.96631500    1.00951755760
  9283.68591300    1.00969893410
  9286.41770200    1.00942895069
  9289.16168400    1.00917304887
  9291.91785700    1.00903891117
  9294.68622200    1.00879785422
  9297.46678000    1.00804279686
  9300.25952900    1.00736698028
  9303.06447000    1.00692802634
  9305.88160200    1.00600747093
  9308.71092700    1.00530201255
  9311.55244400    1.00532606567
  9314.40615300    1.00527812413
  9317.27205300    1.00546046965
  9320.15014600    1.00607579854
  9323.04043000    1.00721718097
  9325.94290600    1.00724690934
  9328.85757400    1.00681983291
  9331.78443500    1.00710328138
  9334.72348700    1.00666551487
  9337.67473000    1.00567484142
  9340.63816600    1.00497292855
  9343.61379400    1.00440372539
  9346.60161400    1.00329577349
  9349.60162500    1.00187024539
  9352.61382900    1.00100220944
  9355.63822400    0.99964557262
  9358.67481100    0.99922615959
  9361.72359000    1.00016526071
  9364.78456100    1.00031979637
  9367.85772400    1.00048600934
  9370.94307900    1.00008227082
  9374.04062600    0.99958013736
  9377.15036500    0.99945765026
  9380.27229500    0.99984254466
  9383.40641800    0.99941202179
  9386.55273200    0.99951599160
  9389.71123900    0.99976385267
  9392.88193700    0.99974100668
  9396.06482700    0.99919534943
  9399.25990900    0.99900159278
  9402.46718300    0.99926247575
  9405.68664900    0.99939082680
  9408.91830700    0.99930287379
  9412.16215700    0.99954149968
  9415.41819800    0.99976603752
  9418.68643200    1.00056833801
  9421.96685700    1.00073618233
  9425.25947400    1.00066096419
  9428.56428400    1.00065330908
  9431.88128500    1.00072803164
  9435.21047800    1.00044908051
  9438.55186300    1.00139368792
  9441.90544000    1.00110180894
  9445.27120900    0.99976728545
  9448.64916900    0.99915546827
  9452.03932200    0.99931811945
  9455.44166600    0.99826160927
  9458.85620300    0.99798156477
  9462.28293100    0.99737049236
  9465.72185100    0.99666178089
  9469.17296400    0.99602524121
  9472.63626800    0.99392099966
  9476.11176400    0.99169724854
  9479.59945100    0.99122017842
  9483.09933100    0.99063624149
  9486.61140300    0.99054370760
  9490.13566600    0.99100922082
  9493.67212200    0.99203908413
  9497.22076900    0.99365322723
  9500.78160900    0.99497926037
  9504.35464000    0.99463588101
  9507.93986300    0.99517525500
  9511.53727800    0.99559459087
  9515.14688500    0.99530886427
  9518.76868400    0.99424163793
  9522.40267500    0.99352405121
  9526.04885700    0.99302386926
  9529.70723200    0.99344211933
  9533.37779900    0.99411752953
  9537.06055700    0.99399764780
  9540.75550700    0.99318991372
  9544.46265000    0.99326363905
  9548.18198400    0.99469375510
  9551.91351000    0.99688545127
  9555.65722800    0.99875640443
  9559.41313800    0.99953404666
  9563.18123900    1.00057423787
  9566.96153300    1.00078847004
  9570.75401900    1.00001946470
  9574.55869600    0.99793251375
  9578.37556500    0.99583187537
  9582.20462700    0.99475485532
  9586.04588000    0.99482115275
  9589.89932500    0.99448423112
  9593.76496200    0.99344437825
  9597.64279100    0.99301165976
  9601.53281200    0.99238456924
  9605.43502500    0.99287153662
  9609.34942900    0.99365223081
  9613.27602600    0.99464097615
  9617.21481400    0.99570830992
  9621.16579500    0.99649543303
  9625.12896700    0.99715668041
  9629.10433100    0.99754407217
  9633.09188800    0.99787257633
  9637.09163600    0.99696047758
  9641.10357500    0.99670452229
  9645.12770700    0.99775104763
  9649.16403100    0.99857579093
  9653.21254700    0.99924804586
  9657.27325400    1.00107517125
  9661.34615400    1.00403659271
  9665.43124500    1.00505694013
  9669.52852900    1.00575297685
  9673.63800400    1.00570158383
  9677.75967100    1.00595318123
  9681.89353000    1.00520010572
  9686.03958100    1.00485669016
  9690.19782400    1.00406902850
  9694.36825800    1.00397443609
  9698.55088500    1.00406637010
  9702.74570400    1.00448051181
  9706.95271400    1.00553547020
  9711.17191600    1.00612591199
  9715.40331100    1.00642381241
  9719.64689700    1.00689079412
  9723.90267500    1.00566411945
  9728.17064500    1.00517942367
  9732.45080700    1.00427456186
  9736.74316100    1.00311821589
  9741.04770700    1.00208340185
  9745.36444400    1.00285612498
  9749.69337400    1.00343313425
  9754.03449500    1.00334149362
  9758.38780900    1.00302098767
  9762.75331400    1.00249297788
  9767.13101100    1.00204867247
  9771.52090000    1.00158614923
  9775.92298100    1.00172743930
  9780.33725400    1.00185908531
  9784.76371900    1.00304713910
  9789.20237600    1.00372321130
  9793.65322400    1.00418006377
  9798.11626500    1.00432023711
  9802.59149700    1.00488602916
  9807.07892200    1.00481369474
  9811.57853800    1.00527625205
  9816.09034600    1.00519403842
  9820.61434600    1.00462490075
  9825.15053800    1.00460428487
  9829.69892200    1.00254714823
  9834.25949800    1.00162155743
  9838.83226600    1.00211202988
  9843.41722600    1.00108609439
  9848.01437700    1.00036764133
  9852.62372100    0.99866022334
  9857.24525600    0.99765050095
  9861.87898300    0.99663881686
  9866.52490200    0.99622163241
  9871.18301300    0.99493507704
  9875.85331600    0.99546346861
  9880.53581100    0.99583625975
  9885.23049800    0.99564628892
  9889.93737700    0.99613930281
  9894.65644800    0.99754222620
  9899.38771000    0.99970117482
  9904.13116500    1.00047457968
  9908.88681100    0.99940622516
  9913.65464900    0.99805250745
  9918.43467900    0.99701490079
  9923.22690100    0.99722440915
  9928.03131500    0.99520270784
  9932.84792100    0.99582559781
  9937.67671900    0.99655730099
