#---------------------------------
#  energy flat
  10182.0000000    0.00265006371
  10187.0000000    0.00175630259
  10192.0000000    0.00170434793
  10197.0000000    0.00194753181
  10202.0000000    0.00127089600
  10207.0000000    0.00180760753
  10212.0000000    0.00127974916
  10217.0000000    0.00132651920
  10222.0000000    0.00088070130
  10227.0000000    0.00125333190
  10232.0000000    0.00035703938
  10237.0000000    0.00054050517
  10242.0000000    0.00084191131
  10247.0000000    0.00064037377
  10252.0000000    0.00048923415
  10257.0000000   -0.00004598830
  10262.0000000   -0.00090120306
  10267.0000000   -0.00135035782
  10272.0000000   -0.00179329913
  10277.0000000   -0.00232714081
  10282.0000000   -0.00200893536
  10287.0000000   -0.00173318844
  10292.0000000   -0.00073253984
  10297.0000000    0.00001888067
  10302.0000000    0.00035215947
  10307.0000000    0.00098920659
  10312.0000000    0.00177445584
  10317.0000000    0.00275485322
  10322.0000000    0.00372224840
  10327.0000000    0.00508972027
  10332.0000000    0.00651909643
  10337.0000000    0.00752641874
  10341.0000000    0.00902226791
  10344.0000000    0.01101964617
  10346.0000000    0.01264752085
  10347.0000000    0.01321309307
  10347.2000000    0.01364152824
  10347.4000000    0.01374260701
  10347.6000000    0.01343129727
  10347.8000000    0.01391899028
  10348.0000000    0.01445328410
  10348.2000000    0.01529525842
  10348.4000000    0.01595313072
  10348.6000000    0.01634946310
  10348.8000000    0.01663360832
  10349.0000000    0.01609481753
  10349.2000000    0.01653498920
  10349.4000000    0.01533780359
  10349.6000000    0.01432115301
  10349.8000000    0.01425331819
  10350.0000000    0.01440790161
  10350.2000000    0.01547114353
  10350.4000000    0.01591062482
  10350.6000000    0.01639785757
  10350.8000000    0.01657959604
  10351.0000000    0.01754537896
  10351.2000000    0.01796495422
  10351.4000000    0.01766802745
  10351.6000000    0.01661237026
  10351.8000000    0.01685474733
  10352.0000000    0.01695502066
  10352.2000000    0.01727518083
  10352.4000000    0.01784779089
  10352.6000000    0.01875581180
  10352.8000000    0.01966774488
  10353.0000000    0.01998698454
  10353.2000000    0.02081860312
  10353.4000000    0.02117938080
  10353.6000000    0.02199166867
  10353.8000000    0.02214372069
  10354.0000000    0.02231821014
  10354.2000000    0.02254056612
  10354.4000000    0.02298085285
  10354.6000000    0.02369936375
  10354.8000000    0.02471266801
  10355.0000000    0.02607749204
  10355.2000000    0.02716466723
  10355.4000000    0.02763464042
  10355.6000000    0.02706017986
  10355.8000000    0.02734708661
  10356.0000000    0.02814176972
  10356.2000000    0.02887834563
  10356.4000000    0.02969293478
  10356.6000000    0.03085973408
  10356.8000000    0.03175624862
  10357.0000000    0.03186963922
  10357.2000000    0.03261208338
  10357.4000000    0.03334486219
  10357.6000000    0.03322110638
  10357.8000000    0.03336280266
  10358.0000000    0.03395543382
  10358.2000000    0.03501499370
  10358.4000000    0.03619525547
  10358.6000000    0.03642324957
  10358.8000000    0.03678747916
  10359.0000000    0.03825332917
  10359.2000000    0.03955774474
  10359.4000000    0.04106869975
  10359.6000000    0.04228071911
  10359.8000000    0.04356499852
  10360.0000000    0.04493730170
  10360.2000000    0.04533501484
  10360.4000000    0.04604121392
  10360.6000000    0.04703714355
  10360.8000000    0.04875279698
  10361.0000000    0.04993271356
  10361.2000000    0.05169094059
  10361.4000000    0.05370449409
  10361.6000000    0.05523466475
  10361.8000000    0.05704133362
  10362.0000000    0.05853364830
  10362.2000000    0.06044237873
  10362.4000000    0.06257122612
  10362.6000000    0.06424626205
  10362.8000000    0.06631297501
  10363.0000000    0.06807522927
  10363.2000000    0.07062336900
  10363.4000000    0.07259112713
  10363.6000000    0.07506401517
  10363.8000000    0.07733151439
  10364.0000000    0.07954056122
  10364.2000000    0.08181576972
  10364.4000000    0.08488779474
  10364.6000000    0.08874305877
  10364.8000000    0.09222620660
  10365.0000000    0.09660650656
  10365.2000000    0.09969475558
  10365.4000000    0.10258371416
  10365.6000000    0.10617053444
  10365.8000000    0.11088106739
  10366.0000000    0.11606025502
  10366.2000000    0.12290878767
  10366.4000000    0.13050868666
  10366.6000000    0.13811997697
  10366.8000000    0.14658089806
  10367.0000000    0.15568329962
  10367.2000000    0.16521201240
  10367.4000000    0.17644067715
  10367.6000000    0.18918012905
  10367.8000000    0.20281523724
  10368.0000000    0.21878533430
  10368.2000000    0.23629820623
  10368.4000000    0.25554669989
  10368.6000000    0.27701155168
  10368.8000000    0.30083221886
  10369.0000000    0.32782254740
  10369.2000000    0.35730975950
  10369.4000000    0.39012116360
  10369.6000000    0.42645674049
  10369.8000000    0.46589213504
  10370.0000000    0.50934187401
  10370.2000000    0.55664107102
  10370.4000000    0.60785197557
  10370.6000000    0.66347488489
  10370.8000000    0.72307336213
  10371.0000000    0.78664499096
  10371.2000000    0.85411693602
  10371.4000000    0.93156099678
  10371.6000000    1.01247745166
  10371.8000000    1.07879369633
  10372.0000000    1.14079435966
  10372.2000000    1.22387815549
  10372.4000000    1.30420466555
  10372.6000000    1.38267923057
  10372.8000000    1.45884619762
  10373.0000000    1.53162787911
  10373.2000000    1.59654392203
  10373.4000000    1.65591769340
  10373.6000000    1.70893039896
  10373.8000000    1.75598292060
  10374.0000000    1.79715235052
  10374.2000000    1.83356562278
  10374.4000000    1.86533941162
  10374.6000000    1.89439804283
  10374.8000000    1.92008772384
  10375.0000000    1.94211020898
  10375.2000000    1.96176525792
  10375.4000000    1.97818183762
  10375.6000000    1.99264705103
  10375.8000000    2.00567707359
  10376.0000000    2.01615693707
  10376.2000000    2.02517215267
  10376.4000000    2.03215269398
  10376.6000000    2.03680952045
  10376.8000000    2.03825526005
  10377.0000000    2.03568032369
  10377.2000000    2.02814533040
  10377.4000000    2.01665478639
  10377.6000000    2.00172072495
  10377.8000000    1.98194466085
  10378.0000000    1.95954410239
  10378.2000000    1.93535855417
  10378.4000000    1.90784201937
  10378.6000000    1.87825283471
  10378.8000000    1.84680893049
  10379.0000000    1.81394202561
  10379.2000000    1.78043639420
  10379.4000000    1.74749606300
  10379.6000000    1.71564710312
  10379.8000000    1.68329104839
  10380.0000000    1.65104118823
  10380.2000000    1.61889453064
  10380.4000000    1.58647895883
  10380.6000000    1.55380666937
  10380.8000000    1.52157840001
  10381.0000000    1.48951569600
  10381.2000000    1.45922668818
  10381.4000000    1.42963230805
  10381.6000000    1.40123791525
  10381.8000000    1.37284017272
  10382.0000000    1.34522381469
  10382.2000000    1.31936412125
  10382.4000000    1.29453250831
  10382.6000000    1.27061391166
  10382.8000000    1.24760395846
  10383.0000000    1.22597924233
  10383.2000000    1.20618298848
  10383.4000000    1.18698953743
  10383.6000000    1.16927383357
  10383.8000000    1.15340200932
  10384.0000000    1.13881646530
  10384.2000000    1.12577172212
  10384.4000000    1.11373434378
  10384.6000000    1.10325985781
  10384.8000000    1.09297371198
  10385.0000000    1.08317277039
  10385.2000000    1.07349573254
  10385.4000000    1.06430067633
  10385.6000000    1.05672351089
  10385.8000000    1.05042065532
  10386.0000000    1.04555365871
  10386.2000000    1.04065292649
  10386.4000000    1.03664426106
  10386.6000000    1.03292196647
  10386.8000000    1.02961422333
  10387.0000000    1.02729796089
  10387.2000000    1.02499099459
  10387.4000000    1.02358875011
  10387.6000000    1.02325968033
  10387.8000000    1.02494155464
  10388.0000000    1.02665642650
  10388.2000000    1.02817623909
  10388.4000000    1.02988231346
  10388.6000000    1.03111372277
  10388.8000000    1.03106317942
  10389.0000000    1.03171668350
  10389.2000000    1.03338283542
  10389.4000000    1.03535376271
  10389.6000000    1.03741383548
  10389.8000000    1.03928851112
  10390.0000000    1.04209828002
  10390.2000000    1.04539186194
  10390.4000000    1.04867770382
  10390.6000000    1.05177055286
  10390.8000000    1.05538196282
  10391.0000000    1.05877414440
  10391.2000000    1.06179429258
  10391.4000000    1.06513578127
  10391.6000000    1.06825320769
  10391.8000000    1.07074246761
  10392.0000000    1.07348218750
  10392.2000000    1.07544898983
  10392.4000000    1.07713879891
  10392.6000000    1.07891268461
  10392.8000000    1.08055478676
  10393.0000000    1.08269864605
  10393.2000000    1.08468839861
  10393.4000000    1.08631761974
  10393.6000000    1.08649297319
  10393.8000000    1.08643091249
  10394.0000000    1.08631231766
  10394.2000000    1.08655671059
  10394.4000000    1.08698090943
  10394.6000000    1.08704089238
  10394.8000000    1.08721394341
  10395.0000000    1.08703359365
  10395.2000000    1.08663906992
  10395.4000000    1.08584696010
  10395.6000000    1.08367761101
  10395.8000000    1.08032985237
  10396.0000000    1.07707997107
  10396.2000000    1.07335679009
  10396.4000000    1.06876932247
  10396.6000000    1.06429791100
  10396.8000000    1.05912928463
  10397.0000000    1.05347354940
  10397.2278600    1.04629612267
  10397.4835810    1.03802391044
  10397.7671620    1.02952777024
  10398.0786040    1.01834219564
  10398.4179050    1.00178056574
  10398.7850670    0.98668102704
  10399.1800900    0.97067665998
  10399.6029730    0.95259908134
  10400.0537160    0.93565097659
  10400.5323190    0.91828775971
  10401.0387830    0.90181638091
  10401.5731070    0.88609309992
  10402.1352920    0.87131962126
  10402.7253370    0.85929361653
  10403.3432420    0.85119788162
  10403.9890080    0.84478932888
  10404.6626340    0.84351549563
  10405.3641200    0.84437185811
  10406.0934670    0.85008294055
  10406.8506740    0.85646510021
  10407.6357410    0.86415934011
  10408.4486690    0.87333630542
  10409.2894570    0.88291776844
  10410.1581060    0.89481280595
  10411.0546140    0.91064286588
  10411.9789830    0.93056372772
  10412.9312130    0.95508145204
  10413.9113030    0.97316468096
  10414.9192530    0.99604277052
  10415.9550640    1.02159585837
  10417.0187340    1.04527143170
  10418.1102660    1.06708777858
  10419.2327230    1.08523283383
  10420.3673730    1.10006633651
  10421.5142140    1.11336139684
  10422.6732480    1.12498451015
  10423.8444730    1.13417692540
  10425.0278900    1.14099223555
  10426.2234990    1.14646345915
  10427.4313000    1.14870444753
  10428.6512930    1.14898893365
  10429.8834780    1.14828066883
  10431.1278550    1.14663094885
  10432.3844230    1.14272089256
  10433.6531840    1.13763828586
  10434.9341360    1.13063473553
  10436.2272800    1.12118736678
  10437.5326170    1.11175460627
  10438.8501450    1.10262961675
  10440.1798650    1.09448273284
  10441.5217770    1.08614557198
  10442.8758810    1.07785859108
  10444.2421770    1.06963833219
  10445.6206640    1.06119135656
  10447.0113440    1.05373247373
  10448.4142150    1.04794398503
  10449.8292790    1.04166518697
  10451.2565340    1.03491952271
  10452.6959810    1.02778174623
  10454.1476200    1.02086280887
  10455.6114520    1.01416359000
  10457.0874750    1.00814384708
  10458.5756890    1.00327598837
  10460.0760960    1.00026208372
  10461.5886950    0.99729328472
  10463.1134850    0.99397441367
  10464.6504680    0.99033901263
  10466.1996420    0.98585911667
  10467.7610090    0.98333991800
  10469.3345670    0.98264512327
  10470.9203170    0.98180454406
  10472.5182590    0.98106135732
  10474.1283930    0.98240471418
  10475.7507190    0.98333213324
  10477.3852370    0.98322564401
  10479.0319460    0.98322866982
  10480.6908480    0.98256720298
  10482.3619420    0.98138498531
  10484.0452270    0.98043006927
  10485.7407040    0.97930469548
  10487.4483740    0.97774457383
  10489.1682350    0.97702335714
  10490.9002880    0.97640038278
  10492.6445330    0.97680755187
  10494.4009700    0.97943036131
  10496.1695980    0.98358797073
  10497.9504190    0.98837147384
  10499.7434320    0.99394988105
  10501.5486360    1.00110801894
  10503.3660320    1.00857497692
  10505.1956210    1.01507776757
  10507.0374010    1.02028715553
  10508.8913730    1.02420504909
  10510.7575370    1.02681563240
  10512.6358930    1.02877390556
  10514.5264410    1.02991146637
  10516.4291810    1.03041476343
  10518.3441120    1.03069438487
  10520.2712360    1.02966277824
  10522.2105520    1.02749026599
  10524.1620590    1.02466980280
  10526.1257580    1.01985952749
  10528.1016490    1.01397673570
  10530.0897330    1.00769984234
  10532.0900080    1.00168677839
  10534.1024750    0.99531112211
  10536.1271330    0.98849115925
  10538.1639840    0.98208454540
  10540.2130270    0.97743864385
  10542.2742610    0.97406738485
  10544.3476880    0.97097012233
  10546.4333060    0.96743501779
  10548.5311170    0.96492561577
  10550.6411190    0.96340686760
  10552.7633130    0.96321813076
  10554.8976990    0.96500896806
  10557.0442770    0.96830890385
  10559.2030470    0.97227694911
  10561.3740080    0.97580884214
  10563.5571620    0.97845939501
  10565.7525080    0.98181060820
  10567.9600450    0.98516736201
  10570.1797750    0.98769069582
  10572.4116960    0.98960598424
  10574.6558090    0.99039366772
  10576.9121140    0.99052809990
  10579.1806110    0.98954286463
  10581.4613000    0.98979658233
  10583.7541810    0.99032942600
  10586.0592540    0.99021124638
  10588.3765180    0.98946990690
  10590.7059750    0.98814131418
  10593.0476230    0.98630325225
  10595.4014640    0.98430573372
  10597.7674960    0.98185141710
  10600.1457200    0.97903807783
  10602.5361360    0.97648080971
  10604.9387440    0.97473394394
  10607.3535440    0.97335419951
  10609.7805360    0.97290348332
  10612.2197200    0.97497075181
  10614.6710960    0.97792063568
  10617.1346630    0.98091768006
  10619.6104230    0.98409594580
  10622.0983740    0.98664826563
  10624.5985170    0.98821712994
  10627.1108520    0.98924586390
  10629.6353800    0.99054161442
  10632.1720990    0.99181749448
  10634.7210090    0.99240827649
  10637.2821120    0.99279061499
  10639.8554070    0.99401877681
  10642.4408940    0.99601341043
  10645.0385720    0.99727319767
  10647.6484430    0.99855320896
  10650.2705050    0.99800070278
  10652.9047590    0.99761042825
  10655.5512050    0.99774736219
  10658.2098440    0.99688735470
  10660.8806740    0.99450039917
  10663.5636960    0.99159810173
  10666.2589090    0.98846899950
  10668.9663150    0.98603815132
  10671.6859130    0.98409400837
  10674.4177020    0.98144213800
  10677.1616840    0.97965929169
  10679.9178570    0.97890439859
  10682.6862220    0.97872837982
  10685.4667800    0.97953269853
  10688.2595290    0.98094903389
  10691.0644700    0.98255819592
  10693.8816020    0.98382040009
  10696.7109270    0.98578534178
  10699.5524440    0.98795487126
  10702.4061530    0.98952429966
  10705.2720530    0.99105404628
  10708.1501460    0.99219275477
  10711.0404300    0.99281619785
  10713.9429060    0.99461538424
  10716.8575740    0.99731464488
  10719.7844350    0.99951435864
  10722.7234870    1.00041645128
  10725.6747300    1.00157059997
  10728.6381660    1.00300302871
  10731.6137940    1.00379021877
  10734.6016140    1.00410497008
  10737.6016250    1.00418750314
  10740.6138290    1.00411118643
  10743.6382240    1.00378092966
  10746.6748110    1.00193235568
  10749.7235900    1.00060156933
  10752.7845610    0.99992542580
  10755.8577240    0.99972273712
  10758.9430790    1.00053145687
  10762.0406260    1.00042601669
  10765.1503650    0.99998508935
  10768.2722950    0.99996983282
  10771.4064180    1.00003080201
  10774.5527320    1.00161446240
  10777.7112390    1.00288220182
  10780.8819370    1.00481699735
  10784.0648270    1.00581725718
  10787.2599090    1.00747900617
  10790.4671830    1.00948176211
  10793.6866490    1.01002876998
  10796.9183070    1.00993728807
  10800.1621570    1.00989477845
  10803.4181980    1.00972272910
  10806.6864320    1.01044342821
  10809.9668570    1.01044259076
  10813.2594740    1.01132633091
  10816.5642840    1.01318191803
  10819.8812850    1.01450505762
  10823.2104780    1.01334615399
  10826.5518630    1.01380520134
  10829.9054400    1.01463586908
  10833.2712090    1.01419531452
  10836.6491690    1.01384984089
  10840.0393220    1.01273972511
  10843.4416660    1.01231825592
  10846.8562030    1.01210035518
  10850.2829310    1.01217511393
  10853.7218510    1.01230391982
  10857.1729640    1.01208453939
  10860.6362680    1.01087932031
  10864.1117640    1.01034797239
  10867.5994510    1.01071329083
  10871.0993310    1.01110749597
  10874.6114030    1.01102641290
  10878.1356660    1.01244710280
  10881.6721220    1.01290355592
  10885.2207690    1.01200114455
  10888.7816090    1.01199308895
  10892.3546400    1.01327456515
  10895.9398630    1.01330478433
  10899.5372780    1.01250401259
  10903.1468850    1.01344122132
  10906.7686840    1.01319546448
  10910.4026750    1.01204112156
  10914.0488570    1.01105319201
  10917.7072320    1.01038547895
  10921.3777990    1.00989124694
  10925.0605570    1.00899964264
  10928.7555070    1.00891663297
  10932.4626500    1.00958686379
  10936.1819840    1.00904401195
  10939.9135100    1.00794958732
  10943.6572280    1.00724977693
  10947.4131380    1.00500060617
  10951.1812390    1.00409401027
  10954.9615330    1.00393619205
  10958.7540190    1.00423874620
  10962.5586960    1.00303426851
  10966.3755650    1.00266381301
  10970.2046270    1.00380071211
  10974.0458800    1.00336999625
  10977.8993250    1.00257984080
  10981.7649620    1.00219336941
  10985.6427910    1.00101119283
  10989.5328120    1.00086931923
  10993.4350250    1.00031870220
  10997.3494290    1.00007028928
  11001.2760260    1.00148377223
  11005.2148140    1.00207780534
  11009.1657950    1.00092902097
  11013.1289670    1.00089207681
  11017.1043310    0.99995399084
  11021.0918880    0.99869832932
  11025.0916360    0.99843864636
  11029.1035750    0.99721886403
  11033.1277070    0.99572639951
  11037.1640310    0.99674009390
  11041.2125470    0.99855454613
  11045.2732540    0.99708946397
  11049.3461540    0.99585510324
  11053.4312450    0.99495240958
  11057.5285290    0.99376366300
  11061.6380040    0.99379548072
  11065.7596710    0.99285175350
  11069.8935300    0.99377113092
  11074.0395810    0.99536321882
  11078.1978240    0.99462401824
  11082.3682580    0.99433128515
  11086.5508850    0.99539347846
  11090.7457040    0.99549753662
  11094.9527140    0.99497712778
  11099.1719160    0.99497922262
  11103.4033110    0.99461511808
  11107.6468970    0.99412377430
  11111.9026750    0.99374096295
  11116.1706450    0.99304709049
  11120.4508070    0.99291315643
  11124.7431610    0.99318452068
  11129.0477070    0.99316348175
  11133.3644440    0.99376649423
  11137.6933740    0.99419191886
  11142.0344950    0.99396747538
  11146.3878090    0.99342521831
  11150.7533140    0.99270532410
  11155.1310110    0.99242460519
  11159.5209000    0.99010999914
  11163.9229810    0.99077154685
  11168.3372540    0.99257994730
  11172.7637190    0.99139385753
  11177.2023760    0.99188356697
  11181.6532240    0.99202615815
  11186.1162650    0.99186070527
  11190.5914970    0.99261287702
  11195.0789220    0.99296157068
  11199.5785380    0.99180643516
  11204.0903460    0.99222306638
  11208.6143460    0.99373486994
  11213.1505380    0.99337141809
  11217.6989220    0.99379816536
  11222.2594980    0.99502012239
  11226.8322660    0.99577343843
  11231.4172260    0.99665973926
  11236.0143770    0.99641829342
  11240.6237210    0.99715519702
  11245.2452560    0.99733070637
  11249.8789830    0.99740218869
  11254.5249020    0.99738868775
  11259.1830130    0.99952383447
  11263.8533160    1.00225182079
  11268.5358110    1.00259242156
  11273.2304980    1.00346572469
  11277.9373770    1.00504969312
  11282.6564480    1.00525929213
  11287.3877100    1.00750408963
  11292.1311650    1.00887603842
  11296.8868110    1.00898292933
  11301.6546490    1.01063761721
  11306.4346790    1.01114793012
  11311.2269010    1.01143340117
  11316.0313150    1.01269026203
  11320.8479210    1.01490551081
  11325.6767190    1.01751392776
