#---------------------------------
#  energy flat
  10182.0000000    0.00186784906
  10187.0000000    0.00157264705
  10192.0000000    0.00148781659
  10197.0000000    0.00163457811
  10202.0000000    0.00147036398
  10207.0000000    0.00124779369
  10212.0000000    0.00109100671
  10217.0000000    0.00092939690
  10222.0000000    0.00056378167
  10227.0000000    0.00048927205
  10232.0000000    0.00049781145
  10237.0000000    0.00058052588
  10242.0000000    0.00043203416
  10247.0000000    0.00024196969
  10252.0000000   -0.00018113360
  10257.0000000   -0.00064580962
  10262.0000000   -0.00109418451
  10267.0000000   -0.00146674461
  10272.0000000   -0.00145888040
  10277.0000000   -0.00146915001
  10282.0000000   -0.00108992840
  10287.0000000   -0.00052454581
  10292.0000000    0.00007932292
  10297.0000000    0.00044233984
  10302.0000000    0.00076523087
  10307.0000000    0.00059735140
  10312.0000000    0.00108547236
  10317.0000000    0.00122586776
  10322.0000000    0.00219694625
  10327.0000000    0.00381958819
  10332.0000000    0.00589557553
  10337.0000000    0.00849358527
  10341.0000000    0.01115214013
  10344.0000000    0.01376822461
  10346.0000000    0.01545607896
  10347.0000000    0.01697327229
  10347.2000000    0.01798890693
  10347.4000000    0.01858321972
  10347.6000000    0.01856426228
  10347.8000000    0.01880187905
  10348.0000000    0.01906341703
  10348.2000000    0.01931492353
  10348.4000000    0.01938171590
  10348.6000000    0.01966283453
  10348.8000000    0.01973396744
  10349.0000000    0.01971925409
  10349.2000000    0.02011033310
  10349.4000000    0.02015522985
  10349.6000000    0.02051341721
  10349.8000000    0.02066075072
  10350.0000000    0.02113478230
  10350.2000000    0.02116231688
  10350.4000000    0.02136578806
  10350.6000000    0.02156896987
  10350.8000000    0.02203104084
  10351.0000000    0.02255821993
  10351.2000000    0.02274481123
  10351.4000000    0.02325694311
  10351.6000000    0.02377929937
  10351.8000000    0.02410845333
  10352.0000000    0.02477520493
  10352.2000000    0.02524132707
  10352.4000000    0.02530271787
  10352.6000000    0.02544648250
  10352.8000000    0.02607002160
  10353.0000000    0.02637023862
  10353.2000000    0.02681504388
  10353.4000000    0.02744687824
  10353.6000000    0.02789940002
  10353.8000000    0.02829848492
  10354.0000000    0.02887302413
  10354.2000000    0.02918134349
  10354.4000000    0.03008885043
  10354.6000000    0.03067255301
  10354.8000000    0.03117397822
  10355.0000000    0.03166132078
  10355.2000000    0.03239134782
  10355.4000000    0.03317153223
  10355.6000000    0.03388419710
  10355.8000000    0.03451661019
  10356.0000000    0.03489707899
  10356.2000000    0.03555910422
  10356.4000000    0.03642146954
  10356.6000000    0.03718052997
  10356.8000000    0.03810057625
  10357.0000000    0.03905293545
  10357.2000000    0.03967251984
  10357.4000000    0.04060539483
  10357.6000000    0.04158321853
  10357.8000000    0.04227003307
  10358.0000000    0.04291826503
  10358.2000000    0.04402736599
  10358.4000000    0.04495175281
  10358.6000000    0.04608313521
  10358.8000000    0.04712915364
  10359.0000000    0.04801158190
  10359.2000000    0.04896297653
  10359.4000000    0.05033955127
  10359.6000000    0.05154549453
  10359.8000000    0.05322098786
  10360.0000000    0.05459688741
  10360.2000000    0.05600027705
  10360.4000000    0.05748015667
  10360.6000000    0.05886232589
  10360.8000000    0.06030950677
  10361.0000000    0.06168993977
  10361.2000000    0.06313818167
  10361.4000000    0.06527965621
  10361.6000000    0.06725426105
  10361.8000000    0.06940451312
  10362.0000000    0.07116112635
  10362.2000000    0.07329382334
  10362.4000000    0.07570228938
  10362.6000000    0.07815261753
  10362.8000000    0.08072505956
  10363.0000000    0.08299356726
  10363.2000000    0.08568513303
  10363.4000000    0.08868478076
  10363.6000000    0.09156588349
  10363.8000000    0.09506980563
  10364.0000000    0.09850350747
  10364.2000000    0.10202093352
  10364.4000000    0.10564243609
  10364.6000000    0.10947614290
  10364.8000000    0.11352060709
  10365.0000000    0.11775769484
  10365.2000000    0.12228444137
  10365.4000000    0.12722189954
  10365.6000000    0.13258617758
  10365.8000000    0.13846013160
  10366.0000000    0.14483816711
  10366.2000000    0.15156334946
  10366.4000000    0.15879695384
  10366.6000000    0.16671819639
  10366.8000000    0.17573267654
  10367.0000000    0.18530129911
  10367.2000000    0.19616996194
  10367.4000000    0.20770263110
  10367.6000000    0.22090274322
  10367.8000000    0.23540144877
  10368.0000000    0.25194069090
  10368.2000000    0.27043211548
  10368.4000000    0.29106622404
  10368.6000000    0.31365444418
  10368.8000000    0.33868282005
  10369.0000000    0.36628590841
  10369.2000000    0.39655505355
  10369.4000000    0.42928538192
  10369.6000000    0.46555739888
  10369.8000000    0.50486075325
  10370.0000000    0.54744632832
  10370.2000000    0.59389238060
  10370.4000000    0.64377073983
  10370.6000000    0.69800516961
  10370.8000000    0.75551294608
  10371.0000000    0.81786370536
  10371.2000000    0.88801817870
  10371.4000000    0.95679725335
  10371.6000000    1.00765278457
  10371.8000000    1.06356340358
  10372.0000000    1.12855057326
  10372.2000000    1.19000781866
  10372.4000000    1.24710368486
  10372.6000000    1.30008702922
  10372.8000000    1.34628620025
  10373.0000000    1.38603474413
  10373.2000000    1.42077314146
  10373.4000000    1.45105871750
  10373.6000000    1.47698040476
  10373.8000000    1.49863678156
  10374.0000000    1.51705260106
  10374.2000000    1.53253517333
  10374.4000000    1.54548807201
  10374.6000000    1.55641904359
  10374.8000000    1.56633798707
  10375.0000000    1.57469317114
  10375.2000000    1.58272328955
  10375.4000000    1.59014302373
  10375.6000000    1.59687810202
  10375.8000000    1.60318066125
  10376.0000000    1.60881650486
  10376.2000000    1.61384717186
  10376.4000000    1.61751740782
  10376.6000000    1.61950485491
  10376.8000000    1.61920588839
  10377.0000000    1.61654739385
  10377.2000000    1.61115473418
  10377.4000000    1.60289962197
  10377.6000000    1.59243583894
  10377.8000000    1.57912792956
  10378.0000000    1.56394991093
  10378.2000000    1.54707443996
  10378.4000000    1.52859044918
  10378.6000000    1.50905680715
  10378.8000000    1.48878410333
  10379.0000000    1.46849730435
  10379.2000000    1.44794504439
  10379.4000000    1.42776914441
  10379.6000000    1.40795031291
  10379.8000000    1.38883540715
  10380.0000000    1.37082047699
  10380.2000000    1.35358644425
  10380.4000000    1.33724307612
  10380.6000000    1.32191943102
  10380.8000000    1.30787960654
  10381.0000000    1.29468221762
  10381.2000000    1.28223061459
  10381.4000000    1.27096714656
  10381.6000000    1.25980764251
  10381.8000000    1.24923264837
  10382.0000000    1.23886463323
  10382.2000000    1.22896480087
  10382.4000000    1.21918301413
  10382.6000000    1.20952872541
  10382.8000000    1.19986284430
  10383.0000000    1.18982925315
  10383.2000000    1.17978252576
  10383.4000000    1.17003595238
  10383.6000000    1.16055442265
  10383.8000000    1.15100805518
  10384.0000000    1.14193121849
  10384.2000000    1.13325311332
  10384.4000000    1.12479085792
  10384.6000000    1.11665576275
  10384.8000000    1.10872474914
  10385.0000000    1.10097505302
  10385.2000000    1.09368061059
  10385.4000000    1.08686881512
  10385.6000000    1.08002478183
  10385.8000000    1.07400639419
  10386.0000000    1.06831535784
  10386.2000000    1.06278306662
  10386.4000000    1.05836752588
  10386.6000000    1.05405709999
  10386.8000000    1.04988998530
  10387.0000000    1.04648466057
  10387.2000000    1.04328650080
  10387.4000000    1.04072589440
  10387.6000000    1.03852195993
  10387.8000000    1.03677134649
  10388.0000000    1.03528982201
  10388.2000000    1.03409243339
  10388.4000000    1.03331981386
  10388.6000000    1.03248987380
  10388.8000000    1.03194715541
  10389.0000000    1.03107395119
  10389.2000000    1.03079277054
  10389.4000000    1.03061573644
  10389.6000000    1.03038909694
  10389.8000000    1.03049038235
  10390.0000000    1.03014774785
  10390.2000000    1.02994282565
  10390.4000000    1.02956695476
  10390.6000000    1.02952228731
  10390.8000000    1.02923047003
  10391.0000000    1.02929088318
  10391.2000000    1.02936477132
  10391.4000000    1.02965025584
  10391.6000000    1.03001769891
  10391.8000000    1.02989395602
  10392.0000000    1.03000746613
  10392.2000000    1.03009779641
  10392.4000000    1.03054305606
  10392.6000000    1.03100024559
  10392.8000000    1.03158028968
  10393.0000000    1.03244195533
  10393.2000000    1.03331072728
  10393.4000000    1.03431778602
  10393.6000000    1.03546390291
  10393.8000000    1.03703883294
  10394.0000000    1.03848119922
  10394.2000000    1.03969242300
  10394.4000000    1.04106585341
  10394.6000000    1.04237192381
  10394.8000000    1.04346749260
  10395.0000000    1.04439808688
  10395.2000000    1.04521289929
  10395.4000000    1.04603616540
  10395.6000000    1.04652257088
  10395.8000000    1.04659205648
  10396.0000000    1.04616089785
  10396.2000000    1.04546194061
  10396.4000000    1.04412151207
  10396.6000000    1.04267012261
  10396.8000000    1.04023426213
  10397.0000000    1.03739537004
  10397.2278600    1.03351202297
  10397.4835810    1.02872636868
  10397.7671620    1.02271739472
  10398.0786040    1.01509793563
  10398.4179050    1.00620678263
  10398.7850670    0.99565642203
  10399.1800900    0.98406752639
  10399.6029730    0.97256911506
  10400.0537160    0.96018593044
  10400.5323190    0.94399817168
  10401.0387830    0.92815669992
  10401.5731070    0.91618601037
  10402.1352920    0.90566426474
  10402.7253370    0.89687390033
  10403.3432420    0.88968897405
  10403.9890080    0.88513505622
  10404.6626340    0.88260357287
  10405.3641200    0.88236449141
  10406.0934670    0.88440498392
  10406.8506740    0.88790007991
  10407.6357410    0.89271815258
  10408.4486690    0.89867280258
  10409.2894570    0.90633560508
  10410.1581060    0.91611339980
  10411.0546140    0.92621596193
  10411.9789830    0.93586876136
  10412.9312130    0.95150798607
  10413.9113030    0.96905762850
  10414.9192530    0.98754971392
  10415.9550640    1.00642255431
  10417.0187340    1.02473502045
  10418.1102660    1.04094602864
  10419.2327230    1.05421048208
  10420.3673730    1.06518836292
  10421.5142140    1.07389500704
  10422.6732480    1.08040747660
  10423.8444730    1.08489678951
  10425.0278900    1.08750463637
  10426.2234990    1.08896109441
  10427.4313000    1.08927223887
  10428.6512930    1.08911143120
  10429.8834780    1.08883623455
  10431.1278550    1.08902972738
  10432.3844230    1.08921300412
  10433.6531840    1.08939985409
  10434.9341360    1.08914262507
  10436.2272800    1.08787482556
  10437.5326170    1.08514339669
  10438.8501450    1.08124320742
  10440.1798650    1.07628855500
  10441.5217770    1.07020506910
  10442.8758810    1.06399078172
  10444.2421770    1.05751151841
  10445.6206640    1.05133434380
  10447.0113440    1.04552223593
  10448.4142150    1.03943713230
  10449.8292790    1.03378170853
  10451.2565340    1.02849856805
  10452.6959810    1.02297394792
  10454.1476200    1.01759935497
  10455.6114520    1.01265941956
  10457.0874750    1.00836527503
  10458.5756890    1.00441085097
  10460.0760960    1.00109697701
  10461.5886950    0.99828580113
  10463.1134850    0.99642553938
  10464.6504680    0.99503706948
  10466.1996420    0.99432630660
  10467.7610090    0.99382589267
  10469.3345670    0.99319753159
  10470.9203170    0.99264809335
  10472.5182590    0.99210125099
  10474.1283930    0.99147990385
  10475.7507190    0.99005972595
  10477.3852370    0.98832595321
  10479.0319460    0.98717974065
  10480.6908480    0.98627254726
  10482.3619420    0.98512677425
  10484.0452270    0.98457180547
  10485.7407040    0.98425639245
  10487.4483740    0.98384085875
  10489.1682350    0.98388103052
  10490.9002880    0.98404609957
  10492.6445330    0.98499297016
  10494.4009700    0.98659338778
  10496.1695980    0.98889426094
  10497.9504190    0.99169633466
  10499.7434320    0.99486748761
  10501.5486360    0.99863653539
  10503.3660320    1.00298902458
  10505.1956210    1.00700535083
  10507.0374010    1.01061742720
  10508.8913730    1.01330747985
  10510.7575370    1.01541445848
  10512.6358930    1.01648057879
  10514.5264410    1.01753695453
  10516.4291810    1.01756480263
  10518.3441120    1.01687952301
  10520.2712360    1.01637408979
  10522.2105520    1.01455630041
  10524.1620590    1.01196551428
  10526.1257580    1.00966985871
  10528.1016490    1.00745555158
  10530.0897330    1.00460318029
  10532.0900080    1.00198505546
  10534.1024750    0.99963681677
  10536.1271330    0.99691446905
  10538.1639840    0.99413259396
  10540.2130270    0.99159458234
  10542.2742610    0.98932004531
  10544.3476880    0.98764284159
  10546.4333060    0.98654128997
  10548.5311170    0.98581506352
  10550.6411190    0.98584488742
  10552.7633130    0.98624098502
  10554.8976990    0.98639056790
  10557.0442770    0.98654682877
  10559.2030470    0.98750619785
  10561.3740080    0.98820271942
  10563.5571620    0.98892815122
  10565.7525080    0.98973966587
  10567.9600450    0.99042608866
  10570.1797750    0.99106792135
  10572.4116960    0.99126241645
  10574.6558090    0.99095309717
  10576.9121140    0.99039619368
  10579.1806110    0.98991390686
  10581.4613000    0.98962297947
  10583.7541810    0.98901086652
  10586.0592540    0.98780982372
  10588.3765180    0.98630267517
  10590.7059750    0.98435400168
  10593.0476230    0.98272504029
  10595.4014640    0.98137681631
  10597.7674960    0.98046615873
  10600.1457200    0.97970946787
  10602.5361360    0.97919449625
  10604.9387440    0.97961473690
  10607.3535440    0.98059127360
  10609.7805360    0.98195391590
  10612.2197200    0.98316149552
  10614.6710960    0.98571887259
  10617.1346630    0.98818087691
  10619.6104230    0.99023376467
  10622.0983740    0.99145016236
  10624.5985170    0.99171713659
  10627.1108520    0.99195711187
  10629.6353800    0.99255640083
  10632.1720990    0.99296124664
  10634.7210090    0.99287195135
  10637.2821120    0.99279672888
  10639.8554070    0.99292413172
  10642.4408940    0.99316761151
  10645.0385720    0.99301273325
  10647.6484430    0.99310175975
  10650.2705050    0.99258881926
  10652.9047590    0.99261599986
  10655.5512050    0.99247399810
  10658.2098440    0.99204883323
  10660.8806740    0.99145878666
  10663.5636960    0.99100482042
  10666.2589090    0.99060264402
  10668.9663150    0.99024551016
  10671.6859130    0.98993033198
  10674.4177020    0.98954270556
  10677.1616840    0.98926569080
  10679.9178570    0.98892564751
  10682.6862220    0.98927278745
  10685.4667800    0.98987109477
  10688.2595290    0.99063796515
  10691.0644700    0.99117595278
  10693.8816020    0.99201551783
  10696.7109270    0.99306072468
  10699.5524440    0.99399744831
  10702.4061530    0.99519273292
  10705.2720530    0.99617984739
  10708.1501460    0.99692649304
  10711.0404300    0.99810970808
  10713.9429060    0.99936923052
  10716.8575740    1.00018236027
  10719.7844350    1.00075212962
  10722.7234870    1.00107437774
  10725.6747300    1.00150722782
  10728.6381660    1.00177006180
  10731.6137940    1.00178057198
  10734.6016140    1.00158646778
  10737.6016250    1.00133557576
  10740.6138290    1.00110896765
  10743.6382240    1.00107587303
  10746.6748110    1.00101833861
  10749.7235900    1.00107645284
  10752.7845610    1.00119584287
  10755.8577240    1.00153356346
  10758.9430790    1.00194591320
  10762.0406260    1.00249232337
  10765.1503650    1.00300168923
  10768.2722950    1.00353671273
  10771.4064180    1.00434432170
  10774.5527320    1.00491965952
  10777.7112390    1.00561497589
  10780.8819370    1.00652362875
  10784.0648270    1.00695014974
  10787.2599090    1.00753363864
  10790.4671830    1.00804199660
  10793.6866490    1.00838375444
  10796.9183070    1.00847747115
  10800.1621570    1.00797490336
  10803.4181980    1.00755236543
  10806.6864320    1.00807927328
  10809.9668570    1.00780393324
  10813.2594740    1.00757067677
  10816.5642840    1.00797825462
  10819.8812850    1.00799491578
  10823.2104780    1.00847906656
  10826.5518630    1.00906083475
  10829.9054400    1.00899763806
  10833.2712090    1.00958366697
  10836.6491690    1.00971076591
  10840.0393220    1.00923553382
  10843.4416660    1.00903932345
  10846.8562030    1.00928295454
  10850.2829310    1.00953616238
  10853.7218510    1.00963104151
  10857.1729640    1.00962211428
  10860.6362680    1.00939394763
  10864.1117640    1.00944958549
  10867.5994510    1.00936512602
  10871.0993310    1.00881968139
  10874.6114030    1.00871659103
  10878.1356660    1.00890936257
  10881.6721220    1.00878253148
  10885.2207690    1.00845486280
  10888.7816090    1.00830844676
  10892.3546400    1.00776621389
  10895.9398630    1.00688018392
  10899.5372780    1.00629307815
  10903.1468850    1.00621626679
  10906.7686840    1.00618901353
  10910.4026750    1.00611113899
  10914.0488570    1.00617897434
  10917.7072320    1.00638378570
  10921.3777990    1.00682526124
  10925.0605570    1.00676102775
  10928.7555070    1.00661236572
  10932.4626500    1.00604337640
  10936.1819840    1.00528224460
  10939.9135100    1.00437446974
  10943.6572280    1.00329032064
  10947.4131380    1.00230140159
  10951.1812390    1.00146596114
  10954.9615330    1.00084090191
  10958.7540190    1.00042969740
  10962.5586960    1.00066004335
  10966.3755650    1.00051125082
  10970.2046270    1.00071679543
  10974.0458800    1.00063739358
  10977.8993250    1.00025186092
  10981.7649620    0.99973039141
  10985.6427910    0.99913766432
  10989.5328120    0.99847933637
  10993.4350250    0.99836064700
  10997.3494290    0.99831097049
  11001.2760260    0.99821059780
  11005.2148140    0.99815936781
  11009.1657950    0.99796254940
  11013.1289670    0.99822697846
  11017.1043310    0.99836498368
  11021.0918880    0.99828121924
  11025.0916360    0.99810625496
  11029.1035750    0.99822801766
  11033.1277070    0.99858322268
  11037.1640310    0.99884160948
  11041.2125470    0.99912936279
  11045.2732540    0.99957711944
  11049.3461540    0.99931836198
  11053.4312450    0.99872065518
  11057.5285290    0.99826385201
  11061.6380040    0.99739342521
  11065.7596710    0.99647312778
  11069.8935300    0.99586923825
  11074.0395810    0.99537124304
  11078.1978240    0.99524456293
  11082.3682580    0.99506979691
  11086.5508850    0.99506070111
  11090.7457040    0.99542449435
  11094.9527140    0.99571289724
  11099.1719160    0.99580270781
  11103.4033110    0.99561511493
  11107.6468970    0.99561901134
  11111.9026750    0.99542870510
  11116.1706450    0.99490912149
  11120.4508070    0.99456838087
  11124.7431610    0.99421030208
  11129.0477070    0.99406024278
  11133.3644440    0.99421664980
  11137.6933740    0.99433969465
  11142.0344950    0.99432956158
  11146.3878090    0.99498408203
  11150.7533140    0.99504620944
  11155.1310110    0.99495289065
  11159.5209000    0.99454770163
  11163.9229810    0.99620275713
  11168.3372540    0.99610579829
  11172.7637190    0.99535751034
  11177.2023760    0.99724797810
  11181.6532240    0.99712027027
  11186.1162650    0.99681016271
  11190.5914970    0.99665491974
  11195.0789220    0.99662935229
  11199.5785380    0.99659757654
  11204.0903460    0.99652328398
  11208.6143460    0.99731914086
  11213.1505380    0.99776018143
  11217.6989220    0.99835981502
  11222.2594980    0.99928328050
  11226.8322660    0.99998034087
  11231.4172260    1.00046776914
  11236.0143770    1.00047725329
  11240.6237210    1.00058046201
  11245.2452560    0.99999061566
  11249.8789830    0.99968458375
  11254.5249020    0.99965195082
  11259.1830130    0.99970853019
  11263.8533160    1.00025837068
  11268.5358110    1.00069894649
  11273.2304980    1.00131305462
  11277.9373770    1.00177335511
  11282.6564480    1.00204057408
  11287.3877100    1.00251880071
  11292.1311650    1.00267808573
  11296.8868110    1.00311225099
  11301.6546490    1.00397995470
  11306.4346790    1.00553289133
  11311.2269010    1.00752509209
  11316.0313150    1.00836063660
  11320.8479210    1.01053283392
  11325.6767190    1.01281800151
