#---------------------------------
#  energy flat
  10182.0000000    0.00411286165
  10187.0000000    0.00380547925
  10192.0000000    0.00366963050
  10197.0000000    0.00337701762
  10202.0000000    0.00314672171
  10207.0000000    0.00259149650
  10212.0000000    0.00220106798
  10217.0000000    0.00173731011
  10222.0000000    0.00098995166
  10227.0000000    0.00049445229
  10232.0000000    0.00008186949
  10237.0000000   -0.00025518149
  10242.0000000   -0.00015355200
  10247.0000000   -0.00041079579
  10252.0000000   -0.00030061552
  10257.0000000   -0.00030159529
  10262.0000000   -0.00010448218
  10267.0000000   -0.00032700466
  10272.0000000   -0.00042955722
  10277.0000000   -0.00032132031
  10282.0000000   -0.00020893758
  10287.0000000   -0.00007388235
  10292.0000000    0.00020264928
  10297.0000000    0.00041129297
  10302.0000000    0.00024098203
  10307.0000000   -0.00003634312
  10312.0000000    0.00001657289
  10317.0000000    0.00048549687
  10322.0000000    0.00154455363
  10327.0000000    0.00303076028
  10332.0000000    0.00434323080
  10337.0000000    0.00593075114
  10341.0000000    0.00762213905
  10344.0000000    0.00937515890
  10346.0000000    0.01091009684
  10347.0000000    0.01206319264
  10347.2000000    0.01299777348
  10347.4000000    0.01355314056
  10347.6000000    0.01374665456
  10347.8000000    0.01393278380
  10348.0000000    0.01432387243
  10348.2000000    0.01449367747
  10348.4000000    0.01475015623
  10348.6000000    0.01513671037
  10348.8000000    0.01533540665
  10349.0000000    0.01536464219
  10349.2000000    0.01572761692
  10349.4000000    0.01601415294
  10349.6000000    0.01637505476
  10349.8000000    0.01673258810
  10350.0000000    0.01708934409
  10350.2000000    0.01728013738
  10350.4000000    0.01757561285
  10350.6000000    0.01755717136
  10350.8000000    0.01765766333
  10351.0000000    0.01776463315
  10351.2000000    0.01822296194
  10351.4000000    0.01857712679
  10351.6000000    0.01895513015
  10351.8000000    0.01957048220
  10352.0000000    0.02025151971
  10352.2000000    0.02079729957
  10352.4000000    0.02109782776
  10352.6000000    0.02151158889
  10352.8000000    0.02178594654
  10353.0000000    0.02215565825
  10353.2000000    0.02271102534
  10353.4000000    0.02302386146
  10353.6000000    0.02351082237
  10353.8000000    0.02382314027
  10354.0000000    0.02417043859
  10354.2000000    0.02466024976
  10354.4000000    0.02493888280
  10354.6000000    0.02551446080
  10354.8000000    0.02580488353
  10355.0000000    0.02618418247
  10355.2000000    0.02659820271
  10355.4000000    0.02703087919
  10355.6000000    0.02758870786
  10355.8000000    0.02821053776
  10356.0000000    0.02874245501
  10356.2000000    0.02930119058
  10356.4000000    0.02988713315
  10356.6000000    0.03040920405
  10356.8000000    0.03109866278
  10357.0000000    0.03165700968
  10357.2000000    0.03232535060
  10357.4000000    0.03304188677
  10357.6000000    0.03366695559
  10357.8000000    0.03411841785
  10358.0000000    0.03462792171
  10358.2000000    0.03514597635
  10358.4000000    0.03599647460
  10358.6000000    0.03684412259
  10358.8000000    0.03780383751
  10359.0000000    0.03861274793
  10359.2000000    0.03919713581
  10359.4000000    0.04016643796
  10359.6000000    0.04084928928
  10359.8000000    0.04187067340
  10360.0000000    0.04298896626
  10360.2000000    0.04406035943
  10360.4000000    0.04532699522
  10360.6000000    0.04625263661
  10360.8000000    0.04734955255
  10361.0000000    0.04825394657
  10361.2000000    0.04960311026
  10361.4000000    0.05091832997
  10361.6000000    0.05242425780
  10361.8000000    0.05403797716
  10362.0000000    0.05545438100
  10362.2000000    0.05718107419
  10362.4000000    0.05880761972
  10362.6000000    0.06060194173
  10362.8000000    0.06234755027
  10363.0000000    0.06441368317
  10363.2000000    0.06648629392
  10363.4000000    0.06892166467
  10363.6000000    0.07090254897
  10363.8000000    0.07347499118
  10364.0000000    0.07603123874
  10364.2000000    0.07839366882
  10364.4000000    0.08113570131
  10364.6000000    0.08431693252
  10364.8000000    0.08752860965
  10365.0000000    0.09094187770
  10365.2000000    0.09456451008
  10365.4000000    0.09825528951
  10365.6000000    0.10210969962
  10365.8000000    0.10635653830
  10366.0000000    0.11094514872
  10366.2000000    0.11614824866
  10366.4000000    0.12204033346
  10366.6000000    0.12842097824
  10366.8000000    0.13515596180
  10367.0000000    0.14249325651
  10367.2000000    0.15083643285
  10367.4000000    0.15993635245
  10367.6000000    0.17035801399
  10367.8000000    0.18224185742
  10368.0000000    0.19548060941
  10368.2000000    0.21028946439
  10368.4000000    0.22721942887
  10368.6000000    0.24640265114
  10368.8000000    0.26771980905
  10369.0000000    0.29180923066
  10369.2000000    0.31853967457
  10369.4000000    0.34787875149
  10369.6000000    0.38043240018
  10369.8000000    0.41596210593
  10370.0000000    0.45444791696
  10370.2000000    0.49616384660
  10370.4000000    0.54096284751
  10370.6000000    0.58904482635
  10370.8000000    0.64185641815
  10371.0000000    0.69914135888
  10371.2000000    0.76155663282
  10371.4000000    0.82961930249
  10371.6000000    0.91178569200
  10371.8000000    1.00220513046
  10372.0000000    1.08145467052
  10372.2000000    1.15265948951
  10372.4000000    1.25531404517
  10372.6000000    1.35675465043
  10372.8000000    1.45833599725
  10373.0000000    1.55809874596
  10373.2000000    1.65357301874
  10373.4000000    1.73983512568
  10373.6000000    1.81559519532
  10373.8000000    1.88258644252
  10374.0000000    1.94204354647
  10374.2000000    1.99342754891
  10374.4000000    2.03655421918
  10374.6000000    2.07266134565
  10374.8000000    2.10271386937
  10375.0000000    2.12782261281
  10375.2000000    2.14958942004
  10375.4000000    2.16859574296
  10375.6000000    2.18593789368
  10375.8000000    2.20128912843
  10376.0000000    2.21483575009
  10376.2000000    2.22597557652
  10376.4000000    2.23351305389
  10376.6000000    2.23800475923
  10376.8000000    2.23875548851
  10377.0000000    2.23541906449
  10377.2000000    2.22737646272
  10377.4000000    2.21429472081
  10377.6000000    2.19636739672
  10377.8000000    2.17325168176
  10378.0000000    2.14544403829
  10378.2000000    2.11331836787
  10378.4000000    2.07806892767
  10378.6000000    2.04165721250
  10378.8000000    2.00341600221
  10379.0000000    1.96329088272
  10379.2000000    1.92189180838
  10379.4000000    1.88008111109
  10379.6000000    1.83792926928
  10379.8000000    1.79452368222
  10380.0000000    1.75085908905
  10380.2000000    1.70653982178
  10380.4000000    1.66044883826
  10380.6000000    1.61421285749
  10380.8000000    1.56752275559
  10381.0000000    1.52073947840
  10381.2000000    1.47587530687
  10381.4000000    1.43300149688
  10381.6000000    1.39141507097
  10381.8000000    1.35144717678
  10382.0000000    1.31340564151
  10382.2000000    1.27662428189
  10382.4000000    1.24137801768
  10382.6000000    1.20835065100
  10382.8000000    1.17746703833
  10383.0000000    1.14955116237
  10383.2000000    1.12390496901
  10383.4000000    1.10155532745
  10383.6000000    1.08197390342
  10383.8000000    1.06391202460
  10384.0000000    1.04220917051
  10384.2000000    1.02738097556
  10384.4000000    1.01577833280
  10384.6000000    1.00492151815
  10384.8000000    0.99622399946
  10385.0000000    0.98764991542
  10385.2000000    0.97972034437
  10385.4000000    0.97378708509
  10385.6000000    0.96876729830
  10385.8000000    0.96487242102
  10386.0000000    0.96064700772
  10386.2000000    0.95719488491
  10386.4000000    0.95472230689
  10386.6000000    0.95312770058
  10386.8000000    0.95226932980
  10387.0000000    0.95240371743
  10387.2000000    0.95289810578
  10387.4000000    0.95409297057
  10387.6000000    0.95626115854
  10387.8000000    0.95940007833
  10388.0000000    0.96296118434
  10388.2000000    0.96691338244
  10388.4000000    0.97094314394
  10388.6000000    0.97530362294
  10388.8000000    0.97996683465
  10389.0000000    0.98511959995
  10389.2000000    0.99012449730
  10389.4000000    0.99511989323
  10389.6000000    1.00021150603
  10389.8000000    1.00562113671
  10390.0000000    1.01123658865
  10390.2000000    1.01712263984
  10390.4000000    1.02367184781
  10390.6000000    1.02889913783
  10390.8000000    1.03254565407
  10391.0000000    1.03873753194
  10391.2000000    1.04453563766
  10391.4000000    1.05034315264
  10391.6000000    1.05584862096
  10391.8000000    1.06065430173
  10392.0000000    1.06487860980
  10392.2000000    1.06926753469
  10392.4000000    1.07311162097
  10392.6000000    1.07572136516
  10392.8000000    1.07818789693
  10393.0000000    1.08010129698
  10393.2000000    1.08190257749
  10393.4000000    1.08378711007
  10393.6000000    1.08532502366
  10393.8000000    1.08633364232
  10394.0000000    1.08711120600
  10394.2000000    1.08808473467
  10394.4000000    1.08855099150
  10394.6000000    1.08850634869
  10394.8000000    1.08841695214
  10395.0000000    1.08810789949
  10395.2000000    1.08714880119
  10395.4000000    1.08551478196
  10395.6000000    1.08316697413
  10395.8000000    1.08004500363
  10396.0000000    1.07641912617
  10396.2000000    1.07269226402
  10396.4000000    1.06830965297
  10396.6000000    1.06283546249
  10396.8000000    1.05660498589
  10397.0000000    1.04956354950
  10397.2278600    1.04110915469
  10397.4835810    1.03207176068
  10397.7671620    1.02148622200
  10398.0786040    1.00493005906
  10398.4179050    0.98808862269
  10398.7850670    0.97154558465
  10399.1800900    0.95323935712
  10399.6029730    0.93391278125
  10400.0537160    0.91419290378
  10400.5323190    0.89313320212
  10401.0387830    0.87252394773
  10401.5731070    0.85203822585
  10402.1352920    0.83412348400
  10402.7253370    0.82012052845
  10403.3432420    0.81089368184
  10403.9890080    0.80750499845
  10404.6626340    0.80885037147
  10405.3641200    0.81447817055
  10406.0934670    0.82348489566
  10406.8506740    0.83394357917
  10407.6357410    0.84491035742
  10408.4486690    0.85782861154
  10409.2894570    0.87251892170
  10410.1581060    0.88951808070
  10411.0546140    0.91271507619
  10411.9789830    0.94145249141
  10412.9312130    0.96896431988
  10413.9113030    0.99246690890
  10414.9192530    1.02690341188
  10415.9550640    1.05947907743
  10417.0187340    1.08882664187
  10418.1102660    1.11355371640
  10419.2327230    1.13314359040
  10420.3673730    1.14877961136
  10421.5142140    1.16143911699
  10422.6732480    1.17140086436
  10423.8444730    1.17926181269
  10425.0278900    1.18534399491
  10426.2234990    1.18878192547
  10427.4313000    1.18952840232
  10428.6512930    1.18807492229
  10429.8834780    1.18468755236
  10431.1278550    1.17862518273
  10432.3844230    1.16951024271
  10433.6531840    1.15867997279
  10434.9341360    1.14616128124
  10436.2272800    1.13275737534
  10437.5326170    1.11996977448
  10438.8501450    1.10878643969
  10440.1798650    1.09756868250
  10441.5217770    1.08705518948
  10442.8758810    1.07801625751
  10444.2421770    1.07017795186
  10445.6206640    1.06250039650
  10447.0113440    1.05488066449
  10448.4142150    1.04789782461
  10449.8292790    1.04080323362
  10451.2565340    1.03259665465
  10452.6959810    1.02345629415
  10454.1476200    1.01433796045
  10455.6114520    1.00649777081
  10457.0874750    1.00017611797
  10458.5756890    0.99505085069
  10460.0760960    0.99098196870
  10461.5886950    0.98740504527
  10463.1134850    0.98395983252
  10464.6504680    0.98095588411
  10466.1996420    0.97796842823
  10467.7610090    0.97607528559
  10469.3345670    0.97559740800
  10470.9203170    0.97483879241
  10472.5182590    0.97497675207
  10474.1283930    0.97573522428
  10475.7507190    0.97713690074
  10477.3852370    0.97936926576
  10479.0319460    0.98204871319
  10480.6908480    0.98484111799
  10482.3619420    0.98634920946
  10484.0452270    0.98771192309
  10485.7407040    0.98786726929
  10487.4483740    0.98757145830
  10489.1682350    0.98757240850
  10490.9002880    0.98792282456
  10492.6445330    0.98889643184
  10494.4009700    0.99069310256
  10496.1695980    0.99458932476
  10497.9504190    1.00086605908
  10499.7434320    1.00777928666
  10501.5486360    1.01473545005
  10503.3660320    1.02138610491
  10505.1956210    1.02716358992
  10507.0374010    1.03126574317
  10508.8913730    1.03325703915
  10510.7575370    1.03441935605
  10512.6358930    1.03564304426
  10514.5264410    1.03588001290
  10516.4291810    1.03637636225
  10518.3441120    1.03756741846
  10520.2712360    1.03760880887
  10522.2105520    1.03464682946
  10524.1620590    1.02991148796
  10526.1257580    1.02394949764
  10528.1016490    1.01660018355
  10530.0897330    1.00692603703
  10532.0900080    0.99704476218
  10534.1024750    0.98846409620
  10536.1271330    0.98038876316
  10538.1639840    0.97280289118
  10540.2130270    0.96777517824
  10542.2742610    0.96466009185
  10544.3476880    0.96172588060
  10546.4333060    0.95962412267
  10548.5311170    0.95832154363
  10550.6411190    0.95787711026
  10552.7633130    0.95838320226
  10554.8976990    0.95948003784
  10557.0442770    0.96121748578
  10559.2030470    0.96416259799
  10561.3740080    0.96776744987
  10563.5571620    0.97158800899
  10565.7525080    0.97558937876
  10567.9600450    0.97969778587
  10570.1797750    0.98301053823
  10572.4116960    0.98508201602
  10574.6558090    0.98719021499
  10576.9121140    0.98905195882
  10579.1806110    0.98946938855
  10581.4613000    0.98981893555
  10583.7541810    0.99020347509
  10586.0592540    0.98967905091
  10588.3765180    0.98905486516
  10590.7059750    0.98759345415
  10593.0476230    0.98513206349
  10595.4014640    0.98188726862
  10597.7674960    0.97817798862
  10600.1457200    0.97355019211
  10602.5361360    0.96923874539
  10604.9387440    0.96622535005
  10607.3535440    0.96385798202
  10609.7805360    0.96314967553
  10612.2197200    0.96444571719
  10614.6710960    0.96741716792
  10617.1346630    0.97080693200
  10619.6104230    0.97419432221
  10622.0983740    0.97682853238
  10624.5985170    0.97892834962
  10627.1108520    0.98102374776
  10629.6353800    0.98259268585
  10632.1720990    0.98527671887
  10634.7210090    0.98810577750
  10637.2821120    0.99005148021
  10639.8554070    0.99179636867
  10642.4408940    0.99305310925
  10645.0385720    0.99418033045
  10647.6484430    0.99500572380
  10650.2705050    0.99563033855
  10652.9047590    0.99575669462
  10655.5512050    0.99556510881
  10658.2098440    0.99480886740
  10660.8806740    0.99306712346
  10663.5636960    0.99071786780
  10666.2589090    0.98770040191
  10668.9663150    0.98357881848
  10671.6859130    0.97921951052
  10674.4177020    0.97496700511
  10677.1616840    0.97097355519
  10679.9178570    0.96795731208
  10682.6862220    0.96723445176
  10685.4667800    0.96829568082
  10688.2595290    0.97085324049
  10691.0644700    0.97438175375
  10693.8816020    0.97739296669
  10696.7109270    0.98051376485
  10699.5524440    0.98319905218
  10702.4061530    0.98538334420
  10705.2720530    0.98716931329
  10708.1501460    0.98880394828
  10711.0404300    0.99035855214
  10713.9429060    0.99321657276
  10716.8575740    0.99715779203
  10719.7844350    1.00015621581
  10722.7234870    1.00264380161
  10725.6747300    1.00504990699
  10728.6381660    1.00746858718
  10731.6137940    1.00935621106
  10734.6016140    1.01037228511
  10737.6016250    1.01039085621
  10740.6138290    1.00967981627
  10743.6382240    1.00838760051
  10746.6748110    1.00644446234
  10749.7235900    1.00366249269
  10752.7845610    1.00148075502
  10755.8577240    1.00033035217
  10758.9430790    0.99956705698
  10762.0406260    0.99909880930
  10765.1503650    0.99893045218
  10768.2722950    0.99923939402
  10771.4064180    0.99988950900
  10774.5527320    1.00002044363
  10777.7112390    1.00102069132
  10780.8819370    1.00361903786
  10784.0648270    1.00566317234
  10787.2599090    1.00713743689
  10790.4671830    1.00870427204
  10793.6866490    1.01054986356
  10796.9183070    1.01240564860
  10800.1621570    1.01400280262
  10803.4181980    1.01595841101
  10806.6864320    1.01784040213
  10809.9668570    1.01993807880
  10813.2594740    1.02090909808
  10816.5642840    1.02071446136
  10819.8812850    1.02027337499
  10823.2104780    1.01942557348
  10826.5518630    1.01861634212
  10829.9054400    1.01752036048
  10833.2712090    1.01668422831
  10836.6491690    1.01598240443
  10840.0393220    1.01532562395
  10843.4416660    1.01511564701
  10846.8562030    1.01546428517
  10850.2829310    1.01614780147
  10853.7218510    1.01611951374
  10857.1729640    1.01507666000
  10860.6362680    1.01392991590
  10864.1117640    1.01281028501
  10867.5994510    1.01253465207
  10871.0993310    1.01255359561
  10874.6114030    1.01287661115
  10878.1356660    1.01386585416
  10881.6721220    1.01427749526
  10885.2207690    1.01475587974
  10888.7816090    1.01475420967
  10892.3546400    1.01452765612
  10895.9398630    1.01423215616
  10899.5372780    1.01393685273
  10903.1468850    1.01458722322
  10906.7686840    1.01495141716
  10910.4026750    1.01449746263
  10914.0488570    1.01420273993
  10917.7072320    1.01365086347
  10921.3777990    1.01374772148
  10925.0605570    1.01437260459
  10928.7555070    1.01480004258
  10932.4626500    1.01473444943
  10936.1819840    1.01374862586
  10939.9135100    1.01221319834
  10943.6572280    1.01031820712
  10947.4131380    1.00826588697
  10951.1812390    1.00683372433
  10954.9615330    1.00504035315
  10958.7540190    1.00339925813
  10962.5586960    1.00299813993
  10966.3755650    1.00277277339
  10970.2046270    1.00263244597
  10974.0458800    1.00295106017
  10977.8993250    1.00279660191
  10981.7649620    1.00339757500
  10985.6427910    1.00379687738
  10989.5328120    1.00382462021
  10993.4350250    1.00398644991
  10997.3494290    1.00341991560
  11001.2760260    1.00260842962
  11005.2148140    1.00223858014
  11009.1657950    1.00185117623
  11013.1289670    1.00068285840
  11017.1043310    1.00058346159
  11021.0918880    1.00002555499
  11025.0916360    0.99908151300
  11029.1035750    0.99933359875
  11033.1277070    0.99882875116
  11037.1640310    0.99770033309
  11041.2125470    0.99566767641
  11045.2732540    0.99511902588
  11049.3461540    0.99471219149
  11053.4312450    0.99451097786
  11057.5285290    0.99494794359
  11061.6380040    0.99485436304
  11065.7596710    0.99470873757
  11069.8935300    0.99378135997
  11074.0395810    0.99295917876
  11078.1978240    0.99285866977
  11082.3682580    0.99277279759
  11086.5508850    0.99251331542
  11090.7457040    0.99280151614
  11094.9527140    0.99255167608
  11099.1719160    0.99165446019
  11103.4033110    0.99070770498
  11107.6468970    0.99025022128
  11111.9026750    0.98955276315
  11116.1706450    0.98900965660
  11120.4508070    0.98854783880
  11124.7431610    0.98825210160
  11129.0477070    0.98855813285
  11133.3644440    0.98893569983
  11137.6933740    0.98912876739
  11142.0344950    0.99004452702
  11146.3878090    0.99101377478
  11150.7533140    0.99125724844
  11155.1310110    0.99068447076
  11159.5209000    0.98966055185
  11163.9229810    0.99065830241
  11168.3372540    0.98936672781
  11172.7637190    0.98891666310
  11177.2023760    0.99022177085
  11181.6532240    0.98916533976
  11186.1162650    0.98974359492
  11190.5914970    0.99031606565
  11195.0789220    0.99176767899
  11199.5785380    0.99259233430
  11204.0903460    0.99394199889
  11208.6143460    0.99563453919
  11213.1505380    0.99567798798
  11217.6989220    0.99503332475
  11222.2594980    0.99423666366
  11226.8322660    0.99267813991
  11231.4172260    0.99219919466
  11236.0143770    0.99311595055
  11240.6237210    0.99277127908
  11245.2452560    0.99396871893
  11249.8789830    0.99567648739
  11254.5249020    0.99751612219
  11259.1830130    0.99918102951
  11263.8533160    1.00015327365
  11268.5358110    1.00085430552
  11273.2304980    1.00161550249
  11277.9373770    1.00327827910
  11282.6564480    1.00556529643
  11287.3877100    1.00750903919
  11292.1311650    1.00906816928
  11296.8868110    1.01075440836
  11301.6546490    1.01292929779
  11306.4346790    1.01630947670
  11311.2269010    1.01886793461
  11316.0313150    1.02109170156
  11320.8479210    1.02504385570
  11325.6767190    1.02939760054
