#---------------------------------
#  energy flat
  8794.00000000    0.00603269699
  8799.00000000    0.00475935900
  8804.00000000    0.00353885749
  8809.00000000    0.00131615892
  8814.00000000   -0.00044679707
  8819.00000000   -0.00201001814
  8824.00000000   -0.00262296541
  8829.00000000   -0.00299338672
  8834.00000000   -0.00325004654
  8839.00000000   -0.00273203229
  8844.00000000   -0.00244088874
  8849.00000000   -0.00065884334
  8854.00000000    0.00096965012
  8859.00000000    0.00221472037
  8864.00000000    0.00259444656
  8869.00000000    0.00250960314
  8874.00000000    0.00317738596
  8879.00000000    0.00327701359
  8884.00000000    0.00427981881
  8889.00000000    0.00321012957
  8894.00000000    0.00255269530
  8899.00000000    0.00039666201
  8904.00000000   -0.00179159500
  8909.00000000   -0.00298365614
  8914.00000000   -0.00320926637
  8919.00000000   -0.00308889553
  8924.00000000   -0.00203351475
  8929.00000000   -0.00076274380
  8934.00000000    0.00169025962
  8939.00000000    0.00301008370
  8944.00000000    0.00446258604
  8949.00000000    0.00523839010
  8953.00000000    0.00693629735
  8956.00000000    0.00821113023
  8958.00000000    0.00928036630
  8959.00000000    0.00989521750
  8959.20000000    0.01070349641
  8959.40000000    0.01105607701
  8959.60000000    0.01121531525
  8959.80000000    0.01150853636
  8960.00000000    0.01096694115
  8960.20000000    0.01109043323
  8960.40000000    0.01151724582
  8960.60000000    0.01165613223
  8960.80000000    0.01210238343
  8961.00000000    0.01191146587
  8961.20000000    0.01172589718
  8961.40000000    0.01176302445
  8961.60000000    0.01213399998
  8961.80000000    0.01195821582
  8962.00000000    0.01226343929
  8962.20000000    0.01237062382
  8962.40000000    0.01262248897
  8962.60000000    0.01307748101
  8962.80000000    0.01338844474
  8963.00000000    0.01368858025
  8963.20000000    0.01386790940
  8963.40000000    0.01414860631
  8963.60000000    0.01376030210
  8963.80000000    0.01383761119
  8964.00000000    0.01427903535
  8964.20000000    0.01478829894
  8964.40000000    0.01534152769
  8964.60000000    0.01591680426
  8964.80000000    0.01541212935
  8965.00000000    0.01573105116
  8965.20000000    0.01597078349
  8965.40000000    0.01598429743
  8965.60000000    0.01647412241
  8965.80000000    0.01694294326
  8966.00000000    0.01727973816
  8966.20000000    0.01726572494
  8966.40000000    0.01778712135
  8966.60000000    0.01765021440
  8966.80000000    0.01785563564
  8967.00000000    0.01859490097
  8967.20000000    0.01862694029
  8967.40000000    0.01893320744
  8967.60000000    0.01900751594
  8967.80000000    0.01965532851
  8968.00000000    0.01950981117
  8968.20000000    0.01997132624
  8968.40000000    0.01995953085
  8968.60000000    0.02090087940
  8968.80000000    0.02109703795
  8969.00000000    0.02145575019
  8969.20000000    0.02190487152
  8969.40000000    0.02161389080
  8969.60000000    0.02228349026
  8969.80000000    0.02245968836
  8970.00000000    0.02382072813
  8970.20000000    0.02396665940
  8970.40000000    0.02426092419
  8970.60000000    0.02462929051
  8970.80000000    0.02510006827
  8971.00000000    0.02576210103
  8971.20000000    0.02596191247
  8971.40000000    0.02634554265
  8971.60000000    0.02717586937
  8971.80000000    0.02776340922
  8972.00000000    0.02822779442
  8972.20000000    0.02877332601
  8972.40000000    0.02958043077
  8972.60000000    0.03107806261
  8972.80000000    0.03147304286
  8973.00000000    0.03205445107
  8973.20000000    0.03254362375
  8973.40000000    0.03379625089
  8973.60000000    0.03501613247
  8973.80000000    0.03608441902
  8974.00000000    0.03760396821
  8974.20000000    0.03869064969
  8974.40000000    0.03975345690
  8974.60000000    0.04065736330
  8974.80000000    0.04255603052
  8975.00000000    0.04446617826
  8975.20000000    0.04650339446
  8975.40000000    0.04834218034
  8975.60000000    0.05023458546
  8975.80000000    0.05249906373
  8976.00000000    0.05507455969
  8976.20000000    0.05828578934
  8976.40000000    0.06075913478
  8976.60000000    0.06451438444
  8976.80000000    0.06783546178
  8977.00000000    0.07227014939
  8977.20000000    0.07759457717
  8977.40000000    0.08300471745
  8977.60000000    0.08951059493
  8977.80000000    0.09701514703
  8978.00000000    0.10600042507
  8978.20000000    0.11712160135
  8978.40000000    0.12983295987
  8978.60000000    0.14598247268
  8978.80000000    0.16627371292
  8979.00000000    0.19072651058
  8979.20000000    0.22080815415
  8979.40000000    0.25652699311
  8979.60000000    0.30023679463
  8979.80000000    0.35197500085
  8980.00000000    0.41036642832
  8980.20000000    0.47383537591
  8980.40000000    0.53847779165
  8980.60000000    0.59995384804
  8980.80000000    0.65241108989
  8981.00000000    0.69173349031
  8981.20000000    0.71402523969
  8981.40000000    0.71783483509
  8981.60000000    0.70504808198
  8981.80000000    0.67848762219
  8982.00000000    0.64306581281
  8982.20000000    0.60417667086
  8982.40000000    0.56569408834
  8982.60000000    0.53090984283
  8982.80000000    0.50147295409
  8983.00000000    0.47890928724
  8983.20000000    0.46351094307
  8983.40000000    0.45603720117
  8983.60000000    0.45387232971
  8983.80000000    0.45679819871
  8984.00000000    0.46463946921
  8984.20000000    0.47500688868
  8984.40000000    0.48756152079
  8984.60000000    0.50081716013
  8984.80000000    0.51437551087
  8985.00000000    0.52671683927
  8985.20000000    0.53811145923
  8985.40000000    0.54764327745
  8985.60000000    0.55703945949
  8985.80000000    0.56637371538
  8986.00000000    0.57759134053
  8986.20000000    0.58912641820
  8986.40000000    0.60027511425
  8986.60000000    0.61136344914
  8986.80000000    0.62373164282
  8987.00000000    0.63931820675
  8987.20000000    0.65581490433
  8987.40000000    0.67511354219
  8987.60000000    0.69635099398
  8987.80000000    0.71891422599
  8988.00000000    0.74147997788
  8988.20000000    0.76425842131
  8988.40000000    0.78761654134
  8988.60000000    0.81209026932
  8988.80000000    0.83734771377
  8989.00000000    0.86221316512
  8989.20000000    0.88669523364
  8989.40000000    0.90955819796
  8989.60000000    0.93321166218
  8989.80000000    0.95675127445
  8990.00000000    0.97924920002
  8990.20000000    1.00149889913
  8990.40000000    1.02183517467
  8990.60000000    1.03896751187
  8990.80000000    1.05410710533
  8991.00000000    1.06708696551
  8991.20000000    1.07750083851
  8991.40000000    1.08574375842
  8991.60000000    1.09218284075
  8991.80000000    1.09606872064
  8992.00000000    1.09791906498
  8992.20000000    1.09790582049
  8992.40000000    1.09618240852
  8992.60000000    1.09284458689
  8992.80000000    1.08988996567
  8993.00000000    1.08605438309
  8993.20000000    1.08366447046
  8993.40000000    1.08146545916
  8993.60000000    1.08235591901
  8993.80000000    1.08561544738
  8994.00000000    1.09072089779
  8994.20000000    1.09896408932
  8994.40000000    1.11052296991
  8994.60000000    1.11977521651
  8994.80000000    1.12995833516
  8995.00000000    1.14391766779
  8995.20000000    1.15768591250
  8995.40000000    1.17343236523
  8995.60000000    1.18960272026
  8995.80000000    1.20548779452
  8996.00000000    1.22103749109
  8996.20000000    1.23473664235
  8996.40000000    1.24627970984
  8996.60000000    1.25467284584
  8996.80000000    1.25988917538
  8997.00000000    1.26313467458
  8997.20000000    1.26450510128
  8997.40000000    1.26290850152
  8997.60000000    1.25801846316
  8997.80000000    1.25058748187
  8998.00000000    1.24103746656
  8998.20000000    1.22996723051
  8998.40000000    1.21714298849
  8998.60000000    1.20228190216
  8998.80000000    1.18668126995
  8999.00000000    1.17131641395
  8999.20000000    1.15633344972
  8999.40000000    1.14200999694
  8999.60000000    1.13018267749
  8999.80000000    1.11889771576
  9000.00000000    1.10584100444
  9000.20000000    1.09158787392
  9000.40000000    1.08172437900
  9000.60000000    1.07426699906
  9000.80000000    1.06743808013
  9001.00000000    1.06275383323
  9001.20000000    1.05867456419
  9001.40000000    1.05775573190
  9001.60000000    1.05621659281
  9001.80000000    1.05356061439
  9002.00000000    1.05225297690
  9002.20000000    1.05222010052
  9002.40000000    1.05079824397
  9002.60000000    1.04877225710
  9002.80000000    1.04637357660
  9003.00000000    1.04369482923
  9003.20000000    1.04033497954
  9003.40000000    1.03775257502
  9003.60000000    1.03548030630
  9003.80000000    1.03304460186
  9004.00000000    1.03090416046
  9004.20000000    1.02827569754
  9004.40000000    1.02482940899
  9004.60000000    1.02209142084
  9004.80000000    1.01896560442
  9005.00000000    1.01665845769
  9005.20000000    1.01556162274
  9005.40000000    1.01433657541
  9005.60000000    1.01241763910
  9005.80000000    1.01062827998
  9006.00000000    1.00883020986
  9006.20000000    1.00637817130
  9006.40000000    1.00306134010
  9006.60000000    1.00045254715
  9006.80000000    0.99801507811
  9007.00000000    0.99646646524
  9007.20000000    0.99525851366
  9007.40000000    0.99435991275
  9007.60000000    0.99256416427
  9007.80000000    0.99019872381
  9008.00000000    0.98839677057
  9008.20000000    0.98652348396
  9008.40000000    0.98525621442
  9008.60000000    0.98319825244
  9008.80000000    0.98092362376
  9009.00000000    0.97932206847
  9009.22786000    0.97755435380
  9009.48358100    0.97426350322
  9009.76716200    0.97290158631
  9010.07860400    0.97151230935
  9010.41790500    0.97304288028
  9010.78506700    0.97693112123
  9011.18009000    0.98087661280
  9011.60297300    0.98651154603
  9012.05371600    0.99687683016
  9012.53231900    1.01023252997
  9013.03878300    1.02926393450
  9013.57310700    1.05023325673
  9014.13529200    1.06660094517
  9014.72533700    1.07626389873
  9015.34324200    1.08766309545
  9015.98900800    1.09121719296
  9016.66263400    1.08824900538
  9017.36412000    1.07954516007
  9018.09346700    1.06075736720
  9018.85067400    1.03502603889
  9019.63574100    1.01340480065
  9020.44866900    0.98972989776
  9021.28945700    0.96709792969
  9022.15810600    0.94789709844
  9023.05461400    0.93281545920
  9023.97898300    0.92237668497
  9024.93121300    0.91741234644
  9025.91130300    0.91485873530
  9026.91925300    0.91565728279
  9027.95506400    0.91760428383
  9029.01873400    0.91955799398
  9030.11026600    0.92478048601
  9031.23272300    0.93089728513
  9032.36737300    0.93754660110
  9033.51421400    0.94569580011
  9034.67324800    0.95595530020
  9035.84447300    0.96904198398
  9037.02789000    0.98164671869
  9038.22349900    0.99465232856
  9039.43130000    1.00567151670
  9040.65129300    1.01247797441
  9041.88347800    1.01559758638
  9043.12785500    1.01994075157
  9044.38442300    1.02358122242
  9045.65318400    1.02723169858
  9046.93413600    1.03136562365
  9048.22728000    1.03549494129
  9049.53261700    1.03911880990
  9050.85014500    1.04298542220
  9052.17986500    1.04597137888
  9053.52177700    1.04582010318
  9054.87588100    1.04365994440
  9056.24217700    1.04170442141
  9057.62066400    1.03940599011
  9059.01134400    1.03561906911
  9060.41421500    1.03133763595
  9061.82927900    1.02722011516
  9063.25653400    1.02383857422
  9064.69598100    1.02046151312
  9066.14762000    1.01674333531
  9067.61145200    1.01412809773
  9069.08747500    1.01219427863
  9070.57568900    1.01172684948
  9072.07609600    1.01164806282
  9073.58869500    1.01083373264
  9075.11348500    1.01047038728
  9076.65046800    1.00986617875
  9078.19964200    1.00924379397
  9079.76100900    1.00857516580
  9081.33456700    1.00814847035
  9082.92031700    1.00824796279
  9084.51825900    1.00829920870
  9086.12839300    1.00779952579
  9087.75071900    1.00813660235
  9089.38523700    1.00931602764
  9091.03194600    1.00914095866
  9092.69084800    1.00694249782
  9094.36194200    1.00564097967
  9096.04522700    1.00438460445
  9097.74070400    1.00147122596
  9099.44837400    0.99838636691
  9101.16823500    0.99536991824
  9102.90028800    0.99167313436
  9104.64453300    0.98785709291
  9106.40097000    0.98471065391
  9108.16959800    0.98275027640
  9109.95041900    0.98162015350
  9111.74343200    0.98002908118
  9113.54863600    0.98042380613
  9115.36603200    0.98063042177
  9117.19562100    0.98109701364
  9119.03740100    0.98195491327
  9120.89137300    0.98335344820
  9122.75753700    0.98560189051
  9124.63589300    0.98852524126
  9126.52644100    0.99140865433
  9128.42918100    0.99480170418
  9130.34411200    0.99843937018
  9132.27123600    1.00198356622
  9134.21055200    1.00479849909
  9136.16205900    1.00736668026
  9138.12575800    1.00930253169
  9140.10164900    1.01064029667
  9142.08973300    1.01138473040
  9144.09000800    1.01178794448
  9146.10247500    1.01202585373
  9148.12713300    1.01174783610
  9150.16398400    1.01183898294
  9152.21302700    1.01117660270
  9154.27426100    1.01035903550
  9156.34768800    1.00897693716
  9158.43330600    1.00945352533
  9160.53111700    1.00884434380
  9162.64111900    1.00737095497
  9164.76331300    1.00569012929
  9166.89769900    1.00389687382
  9169.04427700    1.00180831233
  9171.20304700    1.00057721993
  9173.37400800    0.99955158124
  9175.55716200    0.99830037277
  9177.75250800    0.99806325013
  9179.96004500    0.99776862909
  9182.17977500    0.99828825601
  9184.41169600    0.99817977439
  9186.65580900    0.99738500484
  9188.91211400    0.99657243156
  9191.18061100    0.99578354307
  9193.46130000    0.99498180969
  9195.75418100    0.99477047682
  9198.05925400    0.99608024268
  9200.37651800    0.99638799478
  9202.70597500    0.99690960844
  9205.04762300    0.99747990890
  9207.40146400    0.99711702907
  9209.76749600    0.99723279395
  9212.14572000    0.99765157768
  9214.53613600    0.99728218177
  9216.93874400    0.99588792052
  9219.35354400    0.99374142274
  9221.78053600    0.99235834111
  9224.21972000    0.99079984262
  9226.67109600    0.99029508265
  9229.13466300    0.99042054236
  9231.61042300    0.99051943135
  9234.09837400    0.99068250123
  9236.59851700    0.99121862512
  9239.11085200    0.99191979046
  9241.63538000    0.99220460197
  9244.17209900    0.99313807702
  9246.72100900    0.99411089710
  9249.28211200    0.99497347967
  9251.85540700    0.99544239165
  9254.44089400    0.99570672267
  9257.03857200    0.99684425738
  9259.64844300    0.99765649833
  9262.27050500    0.99876122185
  9264.90475900    0.99976851947
  9267.55120500    0.99991432065
  9270.20984400    1.00014358158
  9272.88067400    0.99986939385
  9275.56369600    0.99917071073
  9278.25890900    0.99879235570
  9280.96631500    0.99797702244
  9283.68591300    0.99717416547
  9286.41770200    0.99576893979
  9289.16168400    0.99484665252
  9291.91785700    0.99431794844
  9294.68622200    0.99357631894
  9297.46678000    0.99300335949
  9300.25952900    0.99314269918
  9303.06447000    0.99354411130
  9305.88160200    0.99356950621
  9308.71092700    0.99391774463
  9311.55244400    0.99410650031
  9314.40615300    0.99416771715
  9317.27205300    0.99469770943
  9320.15014600    0.99482849537
  9323.04043000    0.99417845317
  9325.94290600    0.99459447811
  9328.85757400    0.99542853867
  9331.78443500    0.99588439552
  9334.72348700    0.99684066234
  9337.67473000    0.99716998674
  9340.63816600    0.99661648582
  9343.61379400    0.99753740106
  9346.60161400    0.99938070169
  9349.60162500    1.00010188822
  9352.61382900    0.99986175652
  9355.63822400    0.99965448746
  9358.67481100    0.99990388101
  9361.72359000    1.00003519185
  9364.78456100    0.99955847117
  9367.85772400    0.99882941188
  9370.94307900    0.99846018942
  9374.04062600    0.99907184785
  9377.15036500    0.99930216906
  9380.27229500    0.99958433046
  9383.40641800    0.99981739692
  9386.55273200    1.00005177152
  9389.71123900    1.00095570881
  9392.88193700    1.00179736620
  9396.06482700    1.00285100457
  9399.25990900    1.00458318277
  9402.46718300    1.00541118484
  9405.68664900    1.00648778703
  9408.91830700    1.00703233972
  9412.16215700    1.00796304686
  9415.41819800    1.00917843329
  9418.68643200    1.00926249745
  9421.96685700    1.00898028002
  9425.25947400    1.00813662596
  9428.56428400    1.00780810669
  9431.88128500    1.00659907159
  9435.21047800    1.00645782518
  9438.55186300    1.00780993776
  9441.90544000    1.00841854151
  9445.27120900    1.00842532169
  9448.64916900    1.00859530376
  9452.03932200    1.00837794373
  9455.44166600    1.00743196149
  9458.85620300    1.00753448560
  9462.28293100    1.00741718172
  9465.72185100    1.00761101971
  9469.17296400    1.00658230157
  9472.63626800    1.00506734503
  9476.11176400    1.00455913240
  9479.59945100    1.00410425457
  9483.09933100    1.00286905934
  9486.61140300    1.00190870520
  9490.13566600    1.00148906451
  9493.67212200    1.00074152021
  9497.22076900    1.00026174963
  9500.78160900    1.00005078448
  9504.35464000    0.99947197252
  9507.93986300    1.00015266678
  9511.53727800    1.00063144086
  9515.14688500    1.00116111863
  9518.76868400    0.99895688355
  9522.40267500    1.00272226536
  9526.04885700    1.00259288419
  9529.70723200    0.99858725542
  9533.37779900    0.99906997618
  9537.06055700    0.99909868019
  9540.75550700    0.99901829913
  9544.46265000    1.00028215763
  9548.18198400    1.00081254467
  9551.91351000    1.00106319961
  9555.65722800    1.00175791810
  9559.41313800    1.00165498054
  9563.18123900    1.00130284885
  9566.96153300    1.00038763812
  9570.75401900    0.99942885193
  9574.55869600    0.99755241767
  9578.37556500    0.99663671569
  9582.20462700    0.99652651154
  9586.04588000    0.99683383724
  9589.89932500    0.99732075164
  9593.76496200    0.99838361688
  9597.64279100    0.99950609694
  9601.53281200    1.00054706313
  9605.43502500    0.99977194633
  9609.34942900    0.99955881748
  9613.27602600    0.99970732565
  9617.21481400    0.99860137435
  9621.16579500    0.99780627192
  9625.12896700    0.99754203011
  9629.10433100    0.99659724763
  9633.09188800    0.99612525348
  9637.09163600    0.99441447562
  9641.10357500    0.99335065926
  9645.12770700    0.99387240814
  9649.16403100    0.99487010786
  9653.21254700    0.99480441088
  9657.27325400    0.99690274045
  9661.34615400    1.00015046851
  9665.43124500    1.00172688607
  9669.52852900    1.00084150814
  9673.63800400    1.00090521137
  9677.75967100    1.00112282888
  9681.89353000    1.00152188592
  9686.03958100    1.00140037993
  9690.19782400    1.00114305091
  9694.36825800    1.00128389484
  9698.55088500    1.00232038070
  9702.74570400    1.00218774794
  9706.95271400    1.00257563447
  9711.17191600    1.00245514809
  9715.40331100    1.00238015098
  9719.64689700    1.00198399097
  9723.90267500    1.00123660698
  9728.17064500    1.00063318266
  9732.45080700    0.99959939643
  9736.74316100    0.99901817938
  9741.04770700    0.99855971228
  9745.36444400    0.99732564135
  9749.69337400    0.99664144593
  9754.03449500    0.99727086111
  9758.38780900    0.99739450844
  9762.75331400    0.99471528229
  9767.13101100    0.99535495533
  9771.52090000    0.99650686258
  9775.92298100    0.99604900737
  9780.33725400    0.99647405165
  9784.76371900    0.99843204670
  9789.20237600    0.99874273813
  9793.65322400    0.99821432298
  9798.11626500    0.99718795723
  9802.59149700    0.99819185719
  9807.07892200    1.00005047323
  9811.57853800    1.00180014570
  9816.09034600    1.00353760573
  9820.61434600    1.00409622244
  9825.15053800    1.00417861706
  9829.69892200    1.00309671794
  9834.25949800    1.00107177837
  9838.83226600    1.00113153244
  9843.41722600    1.00086248675
  9848.01437700    0.99930919238
  9852.62372100    1.00012381285
  9857.24525600    0.99995907387
  9861.87898300    0.99807170285
  9866.52490200    0.99835970767
  9871.18301300    0.99817121779
  9875.85331600    0.99714317920
  9880.53581100    0.99829983158
  9885.23049800    0.99934082162
  9889.93737700    0.99969076362
  9894.65644800    0.99953200601
  9899.38771000    0.99951448987
  9904.13116500    1.00036722981
  9908.88681100    1.00081122276
  9913.65464900    1.00129321157
  9918.43467900    1.00299575977
  9923.22690100    1.00433621373
  9928.03131500    1.00510360344
  9932.84792100    1.00592766885
  9937.67671900    1.00594048748
