#---------------------------------
#  energy flat
  8794.00000000    0.00291446434
  8799.00000000    0.00250950606
  8804.00000000    0.00200179345
  8809.00000000    0.00075728561
  8814.00000000   -0.00035714460
  8819.00000000   -0.00145254190
  8824.00000000   -0.00211683809
  8829.00000000   -0.00243001808
  8834.00000000   -0.00177894211
  8839.00000000   -0.00105301896
  8844.00000000   -0.00018849423
  8849.00000000    0.00031195324
  8854.00000000    0.00051382932
  8859.00000000    0.00081904356
  8864.00000000    0.00062122866
  8869.00000000    0.00057462610
  8874.00000000    0.00091650495
  8879.00000000    0.00143376676
  8884.00000000    0.00242299788
  8889.00000000    0.00224199732
  8894.00000000    0.00228390360
  8899.00000000    0.00105737776
  8904.00000000   -0.00036905195
  8909.00000000   -0.00165045794
  8914.00000000   -0.00235760735
  8919.00000000   -0.00218200368
  8924.00000000   -0.00118763485
  8929.00000000    0.00020000282
  8934.00000000    0.00154735612
  8939.00000000    0.00298485299
  8944.00000000    0.00434691884
  8949.00000000    0.00521237770
  8953.00000000    0.00637907278
  8956.00000000    0.00762689963
  8958.00000000    0.00890646612
  8959.00000000    0.00953842602
  8959.20000000    0.01037893722
  8959.40000000    0.01082150894
  8959.60000000    0.01122578132
  8959.80000000    0.01093926438
  8960.00000000    0.01121544414
  8960.20000000    0.01097481635
  8960.40000000    0.01130879542
  8960.60000000    0.01162362483
  8960.80000000    0.01162797269
  8961.00000000    0.01158993440
  8961.20000000    0.01153344703
  8961.40000000    0.01136194487
  8961.60000000    0.01139688550
  8961.80000000    0.01123962883
  8962.00000000    0.01123218330
  8962.20000000    0.01131184541
  8962.40000000    0.01145222600
  8962.60000000    0.01155664256
  8962.80000000    0.01153203239
  8963.00000000    0.01156090117
  8963.20000000    0.01143248577
  8963.40000000    0.01182391386
  8963.60000000    0.01175434867
  8963.80000000    0.01215651925
  8964.00000000    0.01271737521
  8964.20000000    0.01305158782
  8964.40000000    0.01350396790
  8964.60000000    0.01365719278
  8964.80000000    0.01426603968
  8965.00000000    0.01479268312
  8965.20000000    0.01524284464
  8965.40000000    0.01540167430
  8965.60000000    0.01562822839
  8965.80000000    0.01573521382
  8966.00000000    0.01609312998
  8966.20000000    0.01650615983
  8966.40000000    0.01703980925
  8966.60000000    0.01706739360
  8966.80000000    0.01722482206
  8967.00000000    0.01715432274
  8967.20000000    0.01729668834
  8967.40000000    0.01764829913
  8967.60000000    0.01823554427
  8967.80000000    0.01924384862
  8968.00000000    0.01984802487
  8968.20000000    0.02023186315
  8968.40000000    0.02037329462
  8968.60000000    0.02068905816
  8968.80000000    0.02067040307
  8969.00000000    0.02121981593
  8969.20000000    0.02168142055
  8969.40000000    0.02225874056
  8969.60000000    0.02299568007
  8969.80000000    0.02312648582
  8970.00000000    0.02374584168
  8970.20000000    0.02415887153
  8970.40000000    0.02472054485
  8970.60000000    0.02528093375
  8970.80000000    0.02563920021
  8971.00000000    0.02600131996
  8971.20000000    0.02628894282
  8971.40000000    0.02706698407
  8971.60000000    0.02778022002
  8971.80000000    0.02828315991
  8972.00000000    0.02880828539
  8972.20000000    0.02927280916
  8972.40000000    0.02978987777
  8972.60000000    0.03066308353
  8972.80000000    0.03157225331
  8973.00000000    0.03263485398
  8973.20000000    0.03397944522
  8973.40000000    0.03536735675
  8973.60000000    0.03696930087
  8973.80000000    0.03806237754
  8974.00000000    0.03922551398
  8974.20000000    0.04054897053
  8974.40000000    0.04204512440
  8974.60000000    0.04405143016
  8974.80000000    0.04592123613
  8975.00000000    0.04748861743
  8975.20000000    0.04948896811
  8975.40000000    0.05158518390
  8975.60000000    0.05429769213
  8975.80000000    0.05709158645
  8976.00000000    0.06058841379
  8976.20000000    0.06418799545
  8976.40000000    0.06883403653
  8976.60000000    0.07375844842
  8976.80000000    0.07995187625
  8977.00000000    0.08698905724
  8977.20000000    0.09552843643
  8977.40000000    0.10596118088
  8977.60000000    0.11814086565
  8977.80000000    0.13278922315
  8978.00000000    0.14989212465
  8978.20000000    0.16942890251
  8978.40000000    0.19223373505
  8978.60000000    0.21767608436
  8978.80000000    0.24649683248
  8979.00000000    0.27738667910
  8979.20000000    0.31176666987
  8979.40000000    0.34892990172
  8979.60000000    0.38894246437
  8979.80000000    0.43135609206
  8980.00000000    0.47592394087
  8980.20000000    0.52258447408
  8980.40000000    0.56883968556
  8980.60000000    0.61166054108
  8980.80000000    0.64920703738
  8981.00000000    0.67875198102
  8981.20000000    0.69847265018
  8981.40000000    0.70683917287
  8981.60000000    0.70441576360
  8981.80000000    0.69135048183
  8982.00000000    0.67018462875
  8982.20000000    0.64470913828
  8982.40000000    0.61827847192
  8982.60000000    0.59277910561
  8982.80000000    0.57062272992
  8983.00000000    0.55329309380
  8983.20000000    0.54029674282
  8983.40000000    0.53247637900
  8983.60000000    0.52851172588
  8983.80000000    0.52918908738
  8984.00000000    0.53388364701
  8984.20000000    0.54170984908
  8984.40000000    0.55144258161
  8984.60000000    0.56236735154
  8984.80000000    0.57429137760
  8985.00000000    0.58541786005
  8985.20000000    0.59611134307
  8985.40000000    0.60570987843
  8985.60000000    0.61465589340
  8985.80000000    0.62290770226
  8986.00000000    0.63096739984
  8986.20000000    0.63944520654
  8986.40000000    0.64759078209
  8986.60000000    0.65752845526
  8986.80000000    0.66869039146
  8987.00000000    0.68116801852
  8987.20000000    0.69486722265
  8987.40000000    0.71000262007
  8987.60000000    0.72609079826
  8987.80000000    0.74342005297
  8988.00000000    0.76172999520
  8988.20000000    0.78086053825
  8988.40000000    0.80029207197
  8988.60000000    0.82024224857
  8988.80000000    0.83938717174
  8989.00000000    0.85890723168
  8989.20000000    0.87905919725
  8989.40000000    0.90023376830
  8989.60000000    0.91970235014
  8989.80000000    0.93913073041
  8990.00000000    0.95789841292
  8990.20000000    0.97594117600
  8990.40000000    0.99301427744
  8990.60000000    1.00939515367
  8990.80000000    1.02334865764
  8991.00000000    1.03622764327
  8991.20000000    1.04779647607
  8991.40000000    1.05554608202
  8991.60000000    1.06114808700
  8991.80000000    1.06445303003
  8992.00000000    1.06636655021
  8992.20000000    1.06764249049
  8992.40000000    1.06846814380
  8992.60000000    1.06850815723
  8992.80000000    1.06672307716
  8993.00000000    1.06300127485
  8993.20000000    1.06121985777
  8993.40000000    1.05906638628
  8993.60000000    1.05816741455
  8993.80000000    1.05787605715
  8994.00000000    1.05826681089
  8994.20000000    1.06074811041
  8994.40000000    1.06390451469
  8994.60000000    1.06920961404
  8994.80000000    1.07516156040
  8995.00000000    1.08311320774
  8995.20000000    1.09091722394
  8995.40000000    1.09673640821
  8995.60000000    1.10564332112
  8995.80000000    1.11498316439
  8996.00000000    1.12366207129
  8996.20000000    1.13180147860
  8996.40000000    1.13871339921
  8996.60000000    1.14492188004
  8996.80000000    1.14963828142
  8997.00000000    1.15235817293
  8997.20000000    1.15401451691
  8997.40000000    1.15406154761
  8997.60000000    1.15153967959
  8997.80000000    1.14747622241
  8998.00000000    1.14073737530
  8998.20000000    1.13332100920
  8998.40000000    1.12443871796
  8998.60000000    1.11558604401
  8998.80000000    1.10705863935
  8999.00000000    1.09843404343
  8999.20000000    1.09082340402
  8999.40000000    1.08041056533
  8999.60000000    1.07068917435
  8999.80000000    1.06290232475
  9000.00000000    1.05704020793
  9000.20000000    1.05264393232
  9000.40000000    1.04859394264
  9000.60000000    1.04623772157
  9000.80000000    1.04274018366
  9001.00000000    1.04053987574
  9001.20000000    1.03884231988
  9001.40000000    1.03890929237
  9001.60000000    1.03926813666
  9001.80000000    1.03999054712
  9002.00000000    1.04123462511
  9002.20000000    1.04154733086
  9002.40000000    1.04123646014
  9002.60000000    1.03924808030
  9002.80000000    1.03862932407
  9003.00000000    1.03868192891
  9003.20000000    1.03802898669
  9003.40000000    1.03629474331
  9003.60000000    1.03384187473
  9003.80000000    1.03060078802
  9004.00000000    1.02637087859
  9004.20000000    1.02169581008
  9004.40000000    1.01866569872
  9004.60000000    1.01497184145
  9004.80000000    1.01270832461
  9005.00000000    1.01051552143
  9005.20000000    1.00836167135
  9005.40000000    1.00512138076
  9005.60000000    1.00156483988
  9005.80000000    0.99853720291
  9006.00000000    0.99566575172
  9006.20000000    0.99421553203
  9006.40000000    0.99193318793
  9006.60000000    0.99102373380
  9006.80000000    0.98994865688
  9007.00000000    0.98896671114
  9007.20000000    0.98696184426
  9007.40000000    0.98373368512
  9007.60000000    0.98018366931
  9007.80000000    0.97730757947
  9008.00000000    0.97518201413
  9008.20000000    0.97433242138
  9008.40000000    0.97266354691
  9008.60000000    0.97144043647
  9008.80000000    0.97052413796
  9009.00000000    0.96865007246
  9009.22786000    0.96742838033
  9009.48358100    0.96550886113
  9009.76716200    0.96441891751
  9010.07860400    0.96289991464
  9010.41790500    0.96238843387
  9010.78506700    0.96225686388
  9011.18009000    0.96466692073
  9011.60297300    0.97108650747
  9012.05371600    0.97840115908
  9012.53231900    0.98932399203
  9013.03878300    1.00399156567
  9013.57310700    1.02226068128
  9014.13529200    1.03917970999
  9014.72533700    1.04917093587
  9015.34324200    1.06025641885
  9015.98900800    1.06788600053
  9016.66263400    1.07077315325
  9017.36412000    1.06751108690
  9018.09346700    1.06067077806
  9018.85067400    1.05068359085
  9019.63574100    1.03402555456
  9020.44866900    1.01905484147
  9021.28945700    1.00725560509
  9022.15810600    0.99748803074
  9023.05461400    0.98884888613
  9023.97898300    0.98229946214
  9024.93121300    0.97657549576
  9025.91130300    0.97267309473
  9026.91925300    0.97023598464
  9027.95506400    0.96852046498
  9029.01873400    0.96709484745
  9030.11026600    0.96597862452
  9031.23272300    0.96489008864
  9032.36737300    0.96484634401
  9033.51421400    0.96650679972
  9034.67324800    0.97136269983
  9035.84447300    0.97849197096
  9037.02789000    0.98763483197
  9038.22349900    0.99429732472
  9039.43130000    0.99752467698
  9040.65129300    1.00179104773
  9041.88347800    1.00494551052
  9043.12785500    1.00811523519
  9044.38442300    1.01170671174
  9045.65318400    1.01382682876
  9046.93413600    1.01682693666
  9048.22728000    1.02072749091
  9049.53261700    1.02483386984
  9050.85014500    1.02829872685
  9052.17986500    1.03038446911
  9053.52177700    1.03195460444
  9054.87588100    1.03204104403
  9056.24217700    1.03079852293
  9057.62066400    1.02922366229
  9059.01134400    1.02794713106
  9060.41421500    1.02614633191
  9061.82927900    1.02423007618
  9063.25653400    1.02419847276
  9064.69598100    1.02497109577
  9066.14762000    1.02510017352
  9067.61145200    1.02476168318
  9069.08747500    1.02483664134
  9070.57568900    1.02654071179
  9072.07609600    1.02832569534
  9073.58869500    1.02934703096
  9075.11348500    1.02982272933
  9076.65046800    1.02800982127
  9078.19964200    1.02487408791
  9079.76100900    1.02136472059
  9081.33456700    1.01721140956
  9082.92031700    1.01331593794
  9084.51825900    1.01007939529
  9086.12839300    1.00785569594
  9087.75071900    1.00620731073
  9089.38523700    1.00437279907
  9091.03194600    1.00241976107
  9092.69084800    0.99948796470
  9094.36194200    0.99565831773
  9096.04522700    0.99165417415
  9097.74070400    0.98825983437
  9099.44837400    0.98482430572
  9101.16823500    0.98241376380
  9102.90028800    0.98130340206
  9104.64453300    0.98098981592
  9106.40097000    0.98090911385
  9108.16959800    0.98096540310
  9109.95041900    0.98178416549
  9111.74343200    0.98338743771
  9113.54863600    0.98528815316
  9115.36603200    0.98696934717
  9117.19562100    0.98920175127
  9119.03740100    0.99186680779
  9120.89137300    0.99585200962
  9122.75753700    1.00052151600
  9124.63589300    1.00510917242
  9126.52644100    1.00997678408
  9128.42918100    1.01427201775
  9130.34411200    1.01756243080
  9132.27123600    1.01927918974
  9134.21055200    1.01906784640
  9136.16205900    1.01781610952
  9138.12575800    1.01634979544
  9140.10164900    1.01410683543
  9142.08973300    1.01131683150
  9144.09000800    1.00876729718
  9146.10247500    1.00557995018
  9148.12713300    1.00170157920
  9150.16398400    0.99792808916
  9152.21302700    0.99477257920
  9154.27426100    0.99130397993
  9156.34768800    0.98865657584
  9158.43330600    0.98767600876
  9160.53111700    0.98659911836
  9162.64111900    0.98604524707
  9164.76331300    0.98617647231
  9166.89769900    0.98645053572
  9169.04427700    0.98749750914
  9171.20304700    0.98932556392
  9173.37400800    0.99047675227
  9175.55716200    0.99109538505
  9177.75250800    0.99275335931
  9179.96004500    0.99319964054
  9182.17977500    0.99310771432
  9184.41169600    0.99294672821
  9186.65580900    0.99325588134
  9188.91211400    0.99342072002
  9191.18061100    0.99427819202
  9193.46130000    0.99573998559
  9195.75418100    0.99657417649
  9198.05925400    0.99771018080
  9200.37651800    0.99974673056
  9202.70597500    1.00246004777
  9205.04762300    1.00385267741
  9207.40146400    1.00320481117
  9209.76749600    1.00392222976
  9212.14572000    1.00411395343
  9214.53613600    1.00208960489
  9216.93874400    1.00032455714
  9219.35354400    0.99897029693
  9221.78053600    0.99613583161
  9224.21972000    0.99277412450
  9226.67109600    0.99087969043
  9229.13466300    0.98947113672
  9231.61042300    0.98728565569
  9234.09837400    0.98636072434
  9236.59851700    0.98631347992
  9239.11085200    0.98671878822
  9241.63538000    0.98730283890
  9244.17209900    0.98756062546
  9246.72100900    0.98796657019
  9249.28211200    0.98747595939
  9251.85540700    0.98707090949
  9254.44089400    0.98734213120
  9257.03857200    0.98759286818
  9259.64844300    0.98668684759
  9262.27050500    0.98711339229
  9264.90475900    0.98957669399
  9267.55120500    0.99239330557
  9270.20984400    0.99476906679
  9272.88067400    0.99665758989
  9275.56369600    0.99729623459
  9278.25890900    0.99740062140
  9280.96631500    0.99754811154
  9283.68591300    0.99828313935
  9286.41770200    0.99972253765
  9289.16168400    1.00025312216
  9291.91785700    1.00051880362
  9294.68622200    1.00093672477
  9297.46678000    1.00089134415
  9300.25952900    1.00108261059
  9303.06447000    1.00133635281
  9305.88160200    1.00112016051
  9308.71092700    1.00042052509
  9311.55244400    1.00032668019
  9314.40615300    1.00046407289
  9317.27205300    1.00173557199
  9320.15014600    1.00271805437
  9323.04043000    1.00293771012
  9325.94290600    1.00225654177
  9328.85757400    1.00086092729
  9331.78443500    1.00054301042
  9334.72348700    1.00024910896
  9337.67473000    0.99969339018
  9340.63816600    0.99950779875
  9343.61379400    0.99943078586
  9346.60161400    0.99991610905
  9349.60162500    1.00019941915
  9352.61382900    1.00019967652
  9355.63822400    1.00029613809
  9358.67481100    1.00071065309
  9361.72359000    0.99988812105
  9364.78456100    0.99963607487
  9367.85772400    1.00001171900
  9370.94307900    1.00022850296
  9374.04062600    1.00030065769
  9377.15036500    1.00061092690
  9380.27229500    1.00142809036
  9383.40641800    1.00183200755
  9386.55273200    1.00307135959
  9389.71123900    1.00312489729
  9392.88193700    1.00286064125
  9396.06482700    1.00406018577
  9399.25990900    1.00519853822
  9402.46718300    1.00600594251
  9405.68664900    1.00665752144
  9408.91830700    1.00657665574
  9412.16215700    1.00667012449
  9415.41819800    1.00745447491
  9418.68643200    1.00806093415
  9421.96685700    1.00841311133
  9425.25947400    1.00802943183
  9428.56428400    1.00748108586
  9431.88128500    1.00718210103
  9435.21047800    1.00618150281
  9438.55186300    1.00364368370
  9441.90544000    1.00220006115
  9445.27120900    1.00141086666
  9448.64916900    1.00104884869
  9452.03932200    1.00072187803
  9455.44166600    0.99915741507
  9458.85620300    0.99836334712
  9462.28293100    0.99807272849
  9465.72185100    0.99918557257
  9469.17296400    0.99890927753
  9472.63626800    0.99959783888
  9476.11176400    0.99951866306
  9479.59945100    0.99859327301
  9483.09933100    0.99974735220
  9486.61140300    1.00058485137
  9490.13566600    0.99851542485
  9493.67212200    0.99752616976
  9497.22076900    0.99827962309
  9500.78160900    0.99836736547
  9504.35464000    0.99707363144
  9507.93986300    0.99585030358
  9511.53727800    0.99709904677
  9515.14688500    0.99911345865
  9518.76868400    1.00127166629
  9522.40267500    1.00161809668
  9526.04885700    1.00277231952
  9529.70723200    1.00455735194
  9533.37779900    1.00314517295
  9537.06055700    1.00147250458
  9540.75550700    1.00071336721
  9544.46265000    1.00077323801
  9548.18198400    1.00081590562
  9551.91351000    1.00073821858
  9555.65722800    1.00166541465
  9559.41313800    1.00371270993
  9563.18123900    1.00546569071
  9566.96153300    1.00593941170
  9570.75401900    1.00480469942
  9574.55869600    1.00278421861
  9578.37556500    1.00244881514
  9582.20462700    1.00178463173
  9586.04588000    1.00151155661
  9589.89932500    1.00327730647
  9593.76496200    1.00561895476
  9597.64279100    1.00692155442
  9601.53281200    1.00659210623
  9605.43502500    1.00632203621
  9609.34942900    1.00669793950
  9613.27602600    1.00625576690
  9617.21481400    1.00568886045
  9621.16579500    1.00472771133
  9625.12896700    1.00451126370
  9629.10433100    1.00344496926
  9633.09188800    1.00192749188
  9637.09163600    1.00083812267
  9641.10357500    1.00097185643
  9645.12770700    0.99934117016
  9649.16403100    0.99782701239
  9653.21254700    0.99660205260
  9657.27325400    0.99860703709
  9661.34615400    0.99882252996
  9665.43124500    0.99914588405
  9669.52852900    0.99910317020
  9673.63800400    0.99866302554
  9677.75967100    0.99888702962
  9681.89353000    0.99848860952
  9686.03958100    0.99913516179
  9690.19782400    1.00219260891
  9694.36825800    1.00302136851
  9698.55088500    1.00340214723
  9702.74570400    1.00362503629
  9706.95271400    1.00203248331
  9711.17191600    1.00106287819
  9715.40331100    0.99940106063
  9719.64689700    0.99645677996
  9723.90267500    0.99568785302
  9728.17064500    0.99515938439
  9732.45080700    0.99530895629
  9736.74316100    0.99834598318
  9741.04770700    0.99765283689
  9745.36444400    0.99559847916
  9749.69337400    0.99495846844
  9754.03449500    0.99412101663
  9758.38780900    0.99304836069
  9762.75331400    0.99408760266
  9767.13101100    0.99352942942
  9771.52090000    0.99204515768
  9775.92298100    0.99509938462
  9780.33725400    0.99652961332
  9784.76371900    0.99613312346
  9789.20237600    0.99509720658
  9793.65322400    0.99613718611
  9798.11626500    0.99705207956
  9802.59149700    0.99698421851
  9807.07892200    0.99811888452
  9811.57853800    0.99842286277
  9816.09034600    0.99907450170
  9820.61434600    0.99951703420
  9825.15053800    0.99972384209
  9829.69892200    0.99938949978
  9834.25949800    0.99934918586
  9838.83226600    0.99872911917
  9843.41722600    0.99852521239
  9848.01437700    0.99798425381
  9852.62372100    0.99792753596
  9857.24525600    0.99806898106
  9861.87898300    1.00028388400
  9866.52490200    0.99979516788
  9871.18301300    0.99752351861
  9875.85331600    0.99611312858
  9880.53581100    0.99461462760
  9885.23049800    0.99362279997
  9889.93737700    0.99670066676
  9894.65644800    1.00072805246
  9899.38771000    1.00182117088
  9904.13116500    1.00304853442
  9908.88681100    1.00340589500
  9913.65464900    1.00532757346
  9918.43467900    1.00672604281
  9923.22690100    1.00736853383
  9928.03131500    1.00942723837
  9932.84792100    1.01209358198
  9937.67671900    1.01310109047
