#---------------------------------
#  energy flat
  8794.00000000    0.00354310525
  8799.00000000    0.00301230520
  8804.00000000    0.00212100609
  8809.00000000    0.00055884098
  8814.00000000   -0.00118536885
  8819.00000000   -0.00233982828
  8824.00000000   -0.00257768129
  8829.00000000   -0.00295821799
  8834.00000000   -0.00231683096
  8839.00000000   -0.00180270235
  8844.00000000   -0.00083858156
  8849.00000000    0.00015399619
  8854.00000000    0.00068328410
  8859.00000000    0.00128092190
  8864.00000000    0.00153933686
  8869.00000000    0.00170639703
  8874.00000000    0.00165670564
  8879.00000000    0.00203400152
  8884.00000000    0.00290517180
  8889.00000000    0.00230987819
  8894.00000000    0.00209276950
  8899.00000000    0.00102687236
  8904.00000000   -0.00055005314
  8909.00000000   -0.00193070544
  8914.00000000   -0.00248211684
  8919.00000000   -0.00281597882
  8924.00000000   -0.00169414800
  8929.00000000    0.00002780537
  8934.00000000    0.00142476438
  8939.00000000    0.00263635428
  8944.00000000    0.00374980758
  8949.00000000    0.00469823716
  8953.00000000    0.00608500182
  8956.00000000    0.00743298221
  8958.00000000    0.00855787300
  8959.00000000    0.00919611495
  8959.20000000    0.01010271258
  8959.40000000    0.01054003644
  8959.60000000    0.01057258010
  8959.80000000    0.01094288385
  8960.00000000    0.01061599226
  8960.20000000    0.01126235505
  8960.40000000    0.01145021516
  8960.60000000    0.01130417150
  8960.80000000    0.01188404607
  8961.00000000    0.01214092094
  8961.20000000    0.01270310966
  8961.40000000    0.01264190494
  8961.60000000    0.01307271296
  8961.80000000    0.01254369723
  8962.00000000    0.01314524696
  8962.20000000    0.01328137925
  8962.40000000    0.01370872988
  8962.60000000    0.01396493987
  8962.80000000    0.01379974760
  8963.00000000    0.01428454404
  8963.20000000    0.01415937767
  8963.40000000    0.01434404635
  8963.60000000    0.01499772284
  8963.80000000    0.01484808881
  8964.00000000    0.01494672175
  8964.20000000    0.01498711102
  8964.40000000    0.01511167435
  8964.60000000    0.01518916404
  8964.80000000    0.01586252104
  8965.00000000    0.01607378500
  8965.20000000    0.01649222621
  8965.40000000    0.01662117777
  8965.60000000    0.01658337690
  8965.80000000    0.01679477384
  8966.00000000    0.01718994418
  8966.20000000    0.01776769113
  8966.40000000    0.01794996624
  8966.60000000    0.01816402270
  8966.80000000    0.01877222125
  8967.00000000    0.01892883191
  8967.20000000    0.01946402641
  8967.40000000    0.02016996263
  8967.60000000    0.02054718115
  8967.80000000    0.02043398266
  8968.00000000    0.02098859172
  8968.20000000    0.02089108445
  8968.40000000    0.02103280174
  8968.60000000    0.02171666387
  8968.80000000    0.02199401711
  8969.00000000    0.02223254124
  8969.20000000    0.02215936865
  8969.40000000    0.02266929763
  8969.60000000    0.02277019117
  8969.80000000    0.02304927310
  8970.00000000    0.02386850522
  8970.20000000    0.02437697146
  8970.40000000    0.02501508971
  8970.60000000    0.02569190409
  8970.80000000    0.02661751735
  8971.00000000    0.02672386291
  8971.20000000    0.02708525724
  8971.40000000    0.02797802532
  8971.60000000    0.02823436829
  8971.80000000    0.02860281037
  8972.00000000    0.02924013076
  8972.20000000    0.03039978250
  8972.40000000    0.03121555723
  8972.60000000    0.03217175506
  8972.80000000    0.03351584508
  8973.00000000    0.03469132102
  8973.20000000    0.03569658714
  8973.40000000    0.03620066516
  8973.60000000    0.03755127103
  8973.80000000    0.03817848522
  8974.00000000    0.03942191210
  8974.20000000    0.04086972373
  8974.40000000    0.04210583690
  8974.60000000    0.04404619317
  8974.80000000    0.04585556766
  8975.00000000    0.04786959286
  8975.20000000    0.04943960981
  8975.40000000    0.05175083730
  8975.60000000    0.05423493411
  8975.80000000    0.05672581273
  8976.00000000    0.05947533047
  8976.20000000    0.06278933309
  8976.40000000    0.06590214239
  8976.60000000    0.06971254596
  8976.80000000    0.07409980121
  8977.00000000    0.08035391232
  8977.20000000    0.08640722906
  8977.40000000    0.09479574459
  8977.60000000    0.10368159191
  8977.80000000    0.11433137135
  8978.00000000    0.12708071539
  8978.20000000    0.14219517791
  8978.40000000    0.16060652466
  8978.60000000    0.18141969139
  8978.80000000    0.20625220319
  8979.00000000    0.23463678095
  8979.20000000    0.26889732047
  8979.40000000    0.30833170628
  8979.60000000    0.35466570629
  8979.80000000    0.40824532512
  8980.00000000    0.46728921073
  8980.20000000    0.53105601962
  8980.40000000    0.59533815646
  8980.60000000    0.65679393617
  8980.80000000    0.71034020226
  8981.00000000    0.75047226297
  8981.20000000    0.77382913933
  8981.40000000    0.77778667464
  8981.60000000    0.76482009175
  8981.80000000    0.73777162839
  8982.00000000    0.70045292033
  8982.20000000    0.65915002847
  8982.40000000    0.61726874458
  8982.60000000    0.57960898513
  8982.80000000    0.54785210378
  8983.00000000    0.52339581548
  8983.20000000    0.50628453421
  8983.40000000    0.49647690417
  8983.60000000    0.49254648726
  8983.80000000    0.49486654812
  8984.00000000    0.50023089232
  8984.20000000    0.50928059902
  8984.40000000    0.52072872237
  8984.60000000    0.53315387732
  8984.80000000    0.54646244837
  8985.00000000    0.55855819519
  8985.20000000    0.56939484188
  8985.40000000    0.57968673758
  8985.60000000    0.58879812192
  8985.80000000    0.59757086847
  8986.00000000    0.60651440971
  8986.20000000    0.61525082656
  8986.40000000    0.62529392237
  8986.60000000    0.63613718986
  8986.80000000    0.64849457925
  8987.00000000    0.66232167629
  8987.20000000    0.67829825628
  8987.40000000    0.69556316383
  8987.60000000    0.71490880525
  8987.80000000    0.73528001258
  8988.00000000    0.75755482894
  8988.20000000    0.78061572043
  8988.40000000    0.80443343208
  8988.60000000    0.82791383387
  8988.80000000    0.85114096673
  8989.00000000    0.87493396524
  8989.20000000    0.89862901102
  8989.40000000    0.92232583626
  8989.60000000    0.94510796737
  8989.80000000    0.96764188199
  8990.00000000    0.98954966106
  8990.20000000    1.00982360915
  8990.40000000    1.02858101137
  8990.60000000    1.04558197810
  8990.80000000    1.06033423054
  8991.00000000    1.07268351591
  8991.20000000    1.08195192034
  8991.40000000    1.08841417296
  8991.60000000    1.09225617467
  8991.80000000    1.09338085255
  8992.00000000    1.09298313253
  8992.20000000    1.09100929201
  8992.40000000    1.08759549867
  8992.60000000    1.08396300782
  8992.80000000    1.07949321303
  8993.00000000    1.07536428518
  8993.20000000    1.07192754783
  8993.40000000    1.06901438677
  8993.60000000    1.06791999213
  8993.80000000    1.06831883750
  8994.00000000    1.07072075436
  8994.20000000    1.07581456037
  8994.40000000    1.08341541818
  8994.60000000    1.09443607779
  8994.80000000    1.10884489067
  8995.00000000    1.12228900677
  8995.20000000    1.13219958759
  8995.40000000    1.14776876060
  8995.60000000    1.16369661769
  8995.80000000    1.17911402491
  8996.00000000    1.19323163414
  8996.20000000    1.20641326872
  8996.40000000    1.21733634511
  8996.60000000    1.22570964482
  8996.80000000    1.23184459850
  8997.00000000    1.23542312644
  8997.20000000    1.23657261989
  8997.40000000    1.23488430926
  8997.60000000    1.23023505824
  8997.80000000    1.22261609026
  8998.00000000    1.21292685765
  8998.20000000    1.20117400910
  8998.40000000    1.18731180060
  8998.60000000    1.17263356062
  8998.80000000    1.15775443791
  8999.00000000    1.14316059412
  8999.20000000    1.12855309815
  8999.40000000    1.11025249248
  8999.60000000    1.09588178289
  8999.80000000    1.08483964989
  9000.00000000    1.07479395302
  9000.20000000    1.06546756931
  9000.40000000    1.05798840455
  9000.60000000    1.05101313091
  9000.80000000    1.04579013082
  9001.00000000    1.04200318622
  9001.20000000    1.03889778884
  9001.40000000    1.03766833268
  9001.60000000    1.03712308301
  9001.80000000    1.03688491856
  9002.00000000    1.03679878874
  9002.20000000    1.03639289309
  9002.40000000    1.03550952145
  9002.60000000    1.03449786977
  9002.80000000    1.03347655286
  9003.00000000    1.03165542475
  9003.20000000    1.02995388425
  9003.40000000    1.02818735994
  9003.60000000    1.02605186766
  9003.80000000    1.02396814459
  9004.00000000    1.02199629599
  9004.20000000    1.01971053123
  9004.40000000    1.01705553200
  9004.60000000    1.01461187321
  9004.80000000    1.01243992600
  9005.00000000    1.01033410870
  9005.20000000    1.00818272103
  9005.40000000    1.00648070106
  9005.60000000    1.00423391697
  9005.80000000    1.00260006130
  9006.00000000    1.00057622583
  9006.20000000    0.99881000555
  9006.40000000    0.99671125101
  9006.60000000    0.99457197829
  9006.80000000    0.99255042919
  9007.00000000    0.99002453994
  9007.20000000    0.98800652684
  9007.40000000    0.98619852261
  9007.60000000    0.98433989334
  9007.80000000    0.98261334853
  9008.00000000    0.98064708596
  9008.20000000    0.97852594448
  9008.40000000    0.97646481383
  9008.60000000    0.97417141175
  9008.80000000    0.97223562144
  9009.00000000    0.97092977852
  9009.22786000    0.96928543472
  9009.48358100    0.96787233983
  9009.76716200    0.96688260509
  9010.07860400    0.96637909368
  9010.41790500    0.96721190593
  9010.78506700    0.97019523878
  9011.18009000    0.97522762777
  9011.60297300    0.98243740360
  9012.05371600    0.99250156472
  9012.53231900    1.00702316666
  9013.03878300    1.02847919288
  9013.57310700    1.05350711447
  9014.13529200    1.07433411119
  9014.72533700    1.08596631755
  9015.34324200    1.10009282954
  9015.98900800    1.10717732038
  9016.66263400    1.10516260202
  9017.36412000    1.09706427691
  9018.09346700    1.08224110217
  9018.85067400    1.05525379294
  9019.63574100    1.03089250604
  9020.44866900    1.00740540417
  9021.28945700    0.98523796473
  9022.15810600    0.96646462941
  9023.05461400    0.95121095200
  9023.97898300    0.93925568215
  9024.93121300    0.93249456584
  9025.91130300    0.92953777726
  9026.91925300    0.92919575775
  9027.95506400    0.93107947117
  9029.01873400    0.93353129987
  9030.11026600    0.93615423762
  9031.23272300    0.93937174139
  9032.36737300    0.94359643116
  9033.51421400    0.94973242517
  9034.67324800    0.95858649423
  9035.84447300    0.96975559908
  9037.02789000    0.98166038451
  9038.22349900    0.99282442159
  9039.43130000    1.00193377875
  9040.65129300    1.00833993851
  9041.88347800    1.01256989497
  9043.12785500    1.01449001553
  9044.38442300    1.01606237808
  9045.65318400    1.01942644441
  9046.93413600    1.02315472581
  9048.22728000    1.02773086388
  9049.53261700    1.03230288500
  9050.85014500    1.03652014312
  9052.17986500    1.03938093283
  9053.52177700    1.04014578025
  9054.87588100    1.03928529651
  9056.24217700    1.03688472689
  9057.62066400    1.03370297694
  9059.01134400    1.03026916215
  9060.41421500    1.02647757680
  9061.82927900    1.02280042162
  9063.25653400    1.01944102713
  9064.69598100    1.01684287228
  9066.14762000    1.01470211018
  9067.61145200    1.01373747980
  9069.08747500    1.01401534359
  9070.57568900    1.01516536449
  9072.07609600    1.01684140220
  9073.58869500    1.01783882633
  9075.11348500    1.01836574705
  9076.65046800    1.01809889366
  9078.19964200    1.01675622567
  9079.76100900    1.01477669141
  9081.33456700    1.01271280847
  9082.92031700    1.01089448468
  9084.51825900    1.01035720176
  9086.12839300    1.01041492774
  9087.75071900    1.00988110631
  9089.38523700    1.00955664548
  9091.03194600    1.00885364848
  9092.69084800    1.00724059314
  9094.36194200    1.00458143405
  9096.04522700    1.00085607996
  9097.74070400    0.99689388742
  9099.44837400    0.99247635759
  9101.16823500    0.98795759268
  9102.90028800    0.98364753922
  9104.64453300    0.98014284137
  9106.40097000    0.97763855305
  9108.16959800    0.97602601045
  9109.95041900    0.97522154173
  9111.74343200    0.97536993288
  9113.54863600    0.97619257128
  9115.36603200    0.97736828620
  9117.19562100    0.97906977950
  9119.03740100    0.98131444080
  9120.89137300    0.98380955091
  9122.75753700    0.98663632044
  9124.63589300    0.98986372427
  9126.52644100    0.99377934853
  9128.42918100    0.99715218676
  9130.34411200    1.00071848549
  9132.27123600    1.00398019628
  9134.21055200    1.00669618489
  9136.16205900    1.00908168995
  9138.12575800    1.01031898334
  9140.10164900    1.01074935907
  9142.08973300    1.01060825777
  9144.09000800    1.00987447913
  9146.10247500    1.00892733968
  9148.12713300    1.00752249813
  9150.16398400    1.00619617660
  9152.21302700    1.00479631466
  9154.27426100    1.00334425063
  9156.34768800    1.00159881930
  9158.43330600    1.00061724218
  9160.53111700    0.99959107163
  9162.64111900    0.99846238390
  9164.76331300    0.99762589867
  9166.89769900    0.99677155992
  9169.04427700    0.99598105746
  9171.20304700    0.99626797712
  9173.37400800    0.99616695758
  9175.55716200    0.99565329569
  9177.75250800    0.99626502991
  9179.96004500    0.99656205606
  9182.17977500    0.99651062024
  9184.41169600    0.99649345510
  9186.65580900    0.99649541953
  9188.91211400    0.99669737851
  9191.18061100    0.99693791286
  9193.46130000    0.99747500797
  9195.75418100    0.99792144474
  9198.05925400    0.99817244295
  9200.37651800    0.99880299651
  9202.70597500    0.99924662138
  9205.04762300    0.99920544996
  9207.40146400    0.99912308085
  9209.76749600    0.99866680038
  9212.14572000    0.99776319033
  9214.53613600    0.99654866791
  9216.93874400    0.99481523822
  9219.35354400    0.99303840186
  9221.78053600    0.99135961948
  9224.21972000    0.99017672700
  9226.67109600    0.98929129079
  9229.13466300    0.98901444135
  9231.61042300    0.98886289945
  9234.09837400    0.98952544371
  9236.59851700    0.99040921740
  9239.11085200    0.99135433350
  9241.63538000    0.99228760039
  9244.17209900    0.99323316708
  9246.72100900    0.99402448749
  9249.28211200    0.99480590753
  9251.85540700    0.99583533674
  9254.44089400    0.99637894142
  9257.03857200    0.99747865314
  9259.64844300    0.99862615584
  9262.27050500    1.00015700521
  9264.90475900    1.00116740810
  9267.55120500    1.00176950944
  9270.20984400    1.00212597999
  9272.88067400    1.00199923314
  9275.56369600    1.00174793991
  9278.25890900    1.00168103804
  9280.96631500    1.00138911807
  9283.68591300    1.00111542043
  9286.41770200    1.00069627415
  9289.16168400    1.00084670784
  9291.91785700    1.00104055158
  9294.68622200    1.00113513079
  9297.46678000    1.00131941060
  9300.25952900    1.00167198727
  9303.06447000    1.00213554662
  9305.88160200    1.00278654864
  9308.71092700    1.00337778019
  9311.55244400    1.00332320582
  9314.40615300    1.00243624605
  9317.27205300    1.00189279601
  9320.15014600    1.00164509336
  9323.04043000    1.00130442750
  9325.94290600    1.00105813326
  9328.85757400    1.00069621018
  9331.78443500    0.99997806816
  9334.72348700    0.99949555112
  9337.67473000    0.99956337340
  9340.63816600    0.99957072686
  9343.61379400    0.99955865541
  9346.60161400    0.99959825066
  9349.60162500    0.99945794831
  9352.61382900    0.99957158975
  9355.63822400    0.99918314688
  9358.67481100    0.99858949064
  9361.72359000    0.99875450014
  9364.78456100    0.99868942568
  9367.85772400    0.99837650821
  9370.94307900    0.99810702280
  9374.04062600    0.99842117326
  9377.15036500    0.99877886003
  9380.27229500    0.99889210546
  9383.40641800    0.99952742695
  9386.55273200    1.00045668203
  9389.71123900    1.00136953930
  9392.88193700    1.00198173449
  9396.06482700    1.00262520830
  9399.25990900    1.00353589133
  9402.46718300    1.00386356009
  9405.68664900    1.00409094403
  9408.91830700    1.00407285533
  9412.16215700    1.00461807638
  9415.41819800    1.00485217326
  9418.68643200    1.00488712360
  9421.96685700    1.00505219276
  9425.25947400    1.00498276774
  9428.56428400    1.00515278255
  9431.88128500    1.00565213801
  9435.21047800    1.00628270085
  9438.55186300    1.00647293954
  9441.90544000    1.00690714970
  9445.27120900    1.00713108088
  9448.64916900    1.00733142871
  9452.03932200    1.00722893249
  9455.44166600    1.00700150935
  9458.85620300    1.00644170228
  9462.28293100    1.00610534394
  9465.72185100    1.00624161673
  9469.17296400    1.00583376602
  9472.63626800    1.00564532907
  9476.11176400    1.00500448920
  9479.59945100    1.00479259641
  9483.09933100    1.00372800001
  9486.61140300    1.00225269349
  9490.13566600    1.00101265520
  9493.67212200    0.99987514748
  9497.22076900    0.99856036669
  9500.78160900    0.99752545689
  9504.35464000    0.99646508152
  9507.93986300    0.99596404239
  9511.53727800    0.99521674111
  9515.14688500    0.99439282795
  9518.76868400    0.99390264016
  9522.40267500    0.99388524288
  9526.04885700    0.99365764271
  9529.70723200    0.99341395350
  9533.37779900    0.99420386460
  9537.06055700    0.99463322508
  9540.75550700    0.99448046692
  9544.46265000    0.99440804966
  9548.18198400    0.99484785759
  9551.91351000    0.99474216864
  9555.65722800    0.99534146786
  9559.41313800    0.99567925846
  9563.18123900    0.99593796267
  9566.96153300    0.99680743659
  9570.75401900    0.99713901101
  9574.55869600    0.99730021523
  9578.37556500    0.99792506129
  9582.20462700    0.99872204709
  9586.04588000    0.99966350289
  9589.89932500    1.00064675689
  9593.76496200    1.00150797201
  9597.64279100    1.00177773366
  9601.53281200    1.00233660620
  9605.43502500    1.00253566178
  9609.34942900    1.00261904669
  9613.27602600    1.00246708120
  9617.21481400    1.00212897582
  9621.16579500    1.00177680720
  9625.12896700    1.00108107557
  9629.10433100    1.00044152180
  9633.09188800    0.99984805712
  9637.09163600    0.99935576052
  9641.10357500    0.99926438790
  9645.12770700    0.99903594423
  9649.16403100    0.99931540251
  9653.21254700    1.00011264308
  9657.27325400    1.00096575248
  9661.34615400    1.00221120696
  9665.43124500    1.00309402486
  9669.52852900    1.00413021084
  9673.63800400    1.00456346418
  9677.75967100    1.00392684085
  9681.89353000    1.00338821649
  9686.03958100    1.00292134461
  9690.19782400    1.00207126898
  9694.36825800    1.00134525900
  9698.55088500    1.00075564680
  9702.74570400    1.00085865057
  9706.95271400    1.00074828691
  9711.17191600    1.00071908695
  9715.40331100    1.00108846117
  9719.64689700    1.00091241933
  9723.90267500    1.00115598267
  9728.17064500    1.00090602368
  9732.45080700    1.00038504175
  9736.74316100    0.99966847298
  9741.04770700    0.99923760633
  9745.36444400    0.99861258827
  9749.69337400    0.99804121565
  9754.03449500    0.99711971826
  9758.38780900    0.99649750105
  9762.75331400    0.99585272718
  9767.13101100    0.99558615801
  9771.52090000    0.99567304291
  9775.92298100    0.99566152184
  9780.33725400    0.99540372990
  9784.76371900    0.99567493577
  9789.20237600    0.99634644611
  9793.65322400    0.99637683133
  9798.11626500    0.99723818817
  9802.59149700    0.99840054092
  9807.07892200    0.99884270365
  9811.57853800    0.99899481606
  9816.09034600    1.00000456582
  9820.61434600    1.00041757370
  9825.15053800    1.00085762970
  9829.69892200    1.00052861584
  9834.25949800    0.99996578844
  9838.83226600    0.99993420181
  9843.41722600    0.99978299245
  9848.01437700    0.99910572499
  9852.62372100    1.00023581949
  9857.24525600    1.00170598849
  9861.87898300    1.00272952787
  9866.52490200    1.00362904149
  9871.18301300    1.00407237426
  9875.85331600    1.00323085454
  9880.53581100    1.00207606292
  9885.23049800    1.00067535834
  9889.93737700    1.00067906933
  9894.65644800    1.00060036347
  9899.38771000    1.00059814552
  9904.13116500    1.00025368376
  9908.88681100    0.99937752591
  9913.65464900    0.99925175043
  9918.43467900    0.99885211537
  9923.22690100    1.00004397704
  9928.03131500    1.00175021082
  9932.84792100    1.00316312385
  9937.67671900    1.00421226636
