#---------------------------------
#  energy flat
  10182.0000000    0.00282991823
  10187.0000000    0.00262900745
  10192.0000000    0.00280936485
  10197.0000000    0.00252924831
  10202.0000000    0.00220668290
  10207.0000000    0.00208218012
  10212.0000000    0.00129508883
  10217.0000000    0.00081555902
  10222.0000000    0.00035493825
  10227.0000000   -0.00008465103
  10232.0000000   -0.00025874182
  10237.0000000   -0.00039578632
  10242.0000000   -0.00027678686
  10247.0000000   -0.00007838869
  10252.0000000    0.00004967940
  10257.0000000    0.00015198873
  10262.0000000    0.00020885845
  10267.0000000    0.00002434839
  10272.0000000   -0.00022759752
  10277.0000000   -0.00010763332
  10282.0000000   -0.00009649261
  10287.0000000   -0.00035731420
  10292.0000000   -0.00058446610
  10297.0000000   -0.00044453162
  10302.0000000   -0.00023764368
  10307.0000000    0.00006330714
  10312.0000000    0.00045407594
  10317.0000000    0.00102727847
  10322.0000000    0.00194971955
  10327.0000000    0.00355124632
  10332.0000000    0.00548512855
  10337.0000000    0.00773882455
  10341.0000000    0.01024336494
  10344.0000000    0.01207268871
  10346.0000000    0.01387857920
  10347.0000000    0.01512454037
  10347.2000000    0.01617891077
  10347.4000000    0.01668954955
  10347.6000000    0.01708654108
  10347.8000000    0.01689194952
  10348.0000000    0.01681804785
  10348.2000000    0.01690410131
  10348.4000000    0.01706598390
  10348.6000000    0.01727311315
  10348.8000000    0.01789884629
  10349.0000000    0.01839800457
  10349.2000000    0.01848926766
  10349.4000000    0.01875910549
  10349.6000000    0.01898292487
  10349.8000000    0.01956138538
  10350.0000000    0.01997284813
  10350.2000000    0.02039588784
  10350.4000000    0.02060562191
  10350.6000000    0.02066022460
  10350.8000000    0.02110400638
  10351.0000000    0.02156833728
  10351.2000000    0.02209576266
  10351.4000000    0.02231774902
  10351.6000000    0.02273577205
  10351.8000000    0.02300281211
  10352.0000000    0.02339517285
  10352.2000000    0.02358300715
  10352.4000000    0.02392365744
  10352.6000000    0.02441596602
  10352.8000000    0.02528336838
  10353.0000000    0.02568827084
  10353.2000000    0.02616543288
  10353.4000000    0.02645919644
  10353.6000000    0.02689246248
  10353.8000000    0.02698333967
  10354.0000000    0.02776188879
  10354.2000000    0.02837932510
  10354.4000000    0.02884462075
  10354.6000000    0.02945163779
  10354.8000000    0.03002054731
  10355.0000000    0.03072992405
  10355.2000000    0.03143640654
  10355.4000000    0.03229155661
  10355.6000000    0.03265757975
  10355.8000000    0.03348822524
  10356.0000000    0.03430546073
  10356.2000000    0.03496061867
  10356.4000000    0.03551737237
  10356.6000000    0.03575884662
  10356.8000000    0.03676739152
  10357.0000000    0.03757150645
  10357.2000000    0.03869456687
  10357.4000000    0.03961464443
  10357.6000000    0.04044837711
  10357.8000000    0.04116730485
  10358.0000000    0.04180172071
  10358.2000000    0.04264625856
  10358.4000000    0.04361949370
  10358.6000000    0.04463363414
  10358.8000000    0.04574878363
  10359.0000000    0.04680469762
  10359.2000000    0.04804439600
  10359.4000000    0.04934091799
  10359.6000000    0.05074201861
  10359.8000000    0.05224094460
  10360.0000000    0.05414072314
  10360.2000000    0.05560848779
  10360.4000000    0.05715333576
  10360.6000000    0.05844271863
  10360.8000000    0.05980590467
  10361.0000000    0.06156483009
  10361.2000000    0.06315212694
  10361.4000000    0.06508962710
  10361.6000000    0.06727390964
  10361.8000000    0.06882927336
  10362.0000000    0.07091901065
  10362.2000000    0.07300874795
  10362.4000000    0.07509452978
  10362.6000000    0.07752627002
  10362.8000000    0.08023450686
  10363.0000000    0.08290704805
  10363.2000000    0.08533222801
  10363.4000000    0.08801432020
  10363.6000000    0.09106851546
  10363.8000000    0.09412888510
  10364.0000000    0.09781942773
  10364.2000000    0.10135628610
  10364.4000000    0.10495363413
  10364.6000000    0.10868874809
  10364.8000000    0.11322161166
  10365.0000000    0.11755747382
  10365.2000000    0.12252051825
  10365.4000000    0.12763743988
  10365.6000000    0.13331034544
  10365.8000000    0.13939838179
  10366.0000000    0.14596937069
  10366.2000000    0.15308631013
  10366.4000000    0.16086458390
  10366.6000000    0.16924225523
  10366.8000000    0.17840561682
  10367.0000000    0.18867650841
  10367.2000000    0.19977795102
  10367.4000000    0.21218151318
  10367.6000000    0.22588922085
  10367.8000000    0.24146844198
  10368.0000000    0.25893953272
  10368.2000000    0.27851821060
  10368.4000000    0.30032622674
  10368.6000000    0.32457891275
  10368.8000000    0.35163698767
  10369.0000000    0.38065620109
  10369.2000000    0.41267684009
  10369.4000000    0.44759693087
  10369.6000000    0.48518059272
  10369.8000000    0.52568541316
  10370.0000000    0.56974185463
  10370.2000000    0.61776929281
  10370.4000000    0.66922177715
  10370.6000000    0.72369604325
  10370.8000000    0.78165160029
  10371.0000000    0.84728365227
  10371.2000000    0.91663128956
  10371.4000000    0.97929049810
  10371.6000000    1.02219396722
  10371.8000000    1.08794359053
  10372.0000000    1.15000997245
  10372.2000000    1.20846006617
  10372.4000000    1.26303165308
  10372.6000000    1.31254330331
  10372.8000000    1.35395625526
  10373.0000000    1.39064731755
  10373.2000000    1.42201718877
  10373.4000000    1.44890944385
  10373.6000000    1.47203548724
  10373.8000000    1.49102601334
  10374.0000000    1.50749079945
  10374.2000000    1.52091293366
  10374.4000000    1.53189924179
  10374.6000000    1.54135253423
  10374.8000000    1.54939514069
  10375.0000000    1.55713709923
  10375.2000000    1.56412729378
  10375.4000000    1.57113018986
  10375.6000000    1.57766997388
  10375.8000000    1.58372657872
  10376.0000000    1.58909952977
  10376.2000000    1.59354551741
  10376.4000000    1.59639423493
  10376.6000000    1.59741877347
  10376.8000000    1.59658420897
  10377.0000000    1.59359899449
  10377.2000000    1.58834079984
  10377.4000000    1.58016826065
  10377.6000000    1.56919405922
  10377.8000000    1.55615603413
  10378.0000000    1.54083904635
  10378.2000000    1.52401084171
  10378.4000000    1.50584623214
  10378.6000000    1.48742978643
  10378.8000000    1.46866888853
  10379.0000000    1.44931810652
  10379.2000000    1.42964583284
  10379.4000000    1.41019579884
  10379.6000000    1.39199931927
  10379.8000000    1.37421378349
  10380.0000000    1.35708674550
  10380.2000000    1.34066316217
  10380.4000000    1.32538218636
  10380.6000000    1.31140801774
  10380.8000000    1.29820965920
  10381.0000000    1.28611956233
  10381.2000000    1.27503816506
  10381.4000000    1.26472138599
  10381.6000000    1.25433471838
  10381.8000000    1.24459709176
  10382.0000000    1.23530031339
  10382.2000000    1.22606600910
  10382.4000000    1.21701091307
  10382.6000000    1.20744291529
  10382.8000000    1.19816796549
  10383.0000000    1.18887676537
  10383.2000000    1.17979931050
  10383.4000000    1.17055819144
  10383.6000000    1.16159506930
  10383.8000000    1.15309575418
  10384.0000000    1.14430581336
  10384.2000000    1.13615179001
  10384.4000000    1.12825473108
  10384.6000000    1.12065708528
  10384.8000000    1.11337563888
  10385.0000000    1.10634826193
  10385.2000000    1.09962685761
  10385.4000000    1.09285427618
  10385.6000000    1.08624816442
  10385.8000000    1.08030594580
  10386.0000000    1.07513181283
  10386.2000000    1.07010659038
  10386.4000000    1.06540586224
  10386.6000000    1.06130052923
  10386.8000000    1.05743093323
  10387.0000000    1.05415345175
  10387.2000000    1.05135752445
  10387.4000000    1.04881875086
  10387.6000000    1.04667258124
  10387.8000000    1.04477989880
  10388.0000000    1.04285301564
  10388.2000000    1.04164964407
  10388.4000000    1.04064457541
  10388.6000000    1.03937878257
  10388.8000000    1.03912534596
  10389.0000000    1.03842846157
  10389.2000000    1.03807806426
  10389.4000000    1.03767706384
  10389.6000000    1.03693101910
  10389.8000000    1.03636861138
  10390.0000000    1.03586114312
  10390.2000000    1.03570865055
  10390.4000000    1.03517946895
  10390.6000000    1.03510443857
  10390.8000000    1.03514705526
  10391.0000000    1.03524248776
  10391.2000000    1.03536661717
  10391.4000000    1.03513373719
  10391.6000000    1.03514565702
  10391.8000000    1.03512665158
  10392.0000000    1.03494551509
  10392.2000000    1.03507825356
  10392.4000000    1.03529544983
  10392.6000000    1.03563395703
  10392.8000000    1.03593092559
  10393.0000000    1.03633589105
  10393.2000000    1.03702096414
  10393.4000000    1.03780110603
  10393.6000000    1.03838284035
  10393.8000000    1.03898805878
  10394.0000000    1.03963567010
  10394.2000000    1.04044974059
  10394.4000000    1.04169634731
  10394.6000000    1.04265096473
  10394.8000000    1.04379615928
  10395.0000000    1.04444734597
  10395.2000000    1.04502573328
  10395.4000000    1.04519462409
  10395.6000000    1.04529592464
  10395.8000000    1.04555442085
  10396.0000000    1.04509006992
  10396.2000000    1.04411222175
  10396.4000000    1.04259617860
  10396.6000000    1.04055371014
  10396.8000000    1.03783624503
  10397.0000000    1.03458675857
  10397.2278600    1.03077929552
  10397.4835810    1.02584114182
  10397.7671620    1.01959110029
  10398.0786040    1.01184856755
  10398.4179050    1.00288388683
  10398.7850670    0.99272391063
  10399.1800900    0.98157437723
  10399.6029730    0.97074220750
  10400.0537160    0.95888842246
  10400.5323190    0.94425825474
  10401.0387830    0.92901614266
  10401.5731070    0.91786576074
  10402.1352920    0.90797959336
  10402.7253370    0.89980623465
  10403.3432420    0.89368238335
  10403.9890080    0.88966767776
  10404.6626340    0.88787753849
  10405.3641200    0.88807816236
  10406.0934670    0.89013551530
  10406.8506740    0.89346639628
  10407.6357410    0.89812666672
  10408.4486690    0.90340812181
  10409.2894570    0.91069877844
  10410.1581060    0.91968832343
  10411.0546140    0.92773698434
  10411.9789830    0.93819106078
  10412.9312130    0.95272419063
  10413.9113030    0.96893049622
  10414.9192530    0.98646461916
  10415.9550640    1.00422388556
  10417.0187340    1.02124340512
  10418.1102660    1.03644618808
  10419.2327230    1.04909109588
  10420.3673730    1.05966142302
  10421.5142140    1.06820471307
  10422.6732480    1.07462745775
  10423.8444730    1.07905573231
  10425.0278900    1.08196175893
  10426.2234990    1.08329158878
  10427.4313000    1.08368878561
  10428.6512930    1.08374250189
  10429.8834780    1.08396374564
  10431.1278550    1.08408632466
  10432.3844230    1.08466543422
  10433.6531840    1.08506267968
  10434.9341360    1.08485867003
  10436.2272800    1.08377061791
  10437.5326170    1.08125409626
  10438.8501450    1.07737864750
  10440.1798650    1.07279902511
  10441.5217770    1.06749099437
  10442.8758810    1.06178920622
  10444.2421770    1.05627798764
  10445.6206640    1.05079090010
  10447.0113440    1.04547253464
  10448.4142150    1.04003180732
  10449.8292790    1.03474335569
  10451.2565340    1.02946620882
  10452.6959810    1.02421182068
  10454.1476200    1.01899917083
  10455.6114520    1.01418952858
  10457.0874750    1.00987403693
  10458.5756890    1.00612454005
  10460.0760960    1.00310028415
  10461.5886950    1.00061745407
  10463.1134850    0.99863694507
  10464.6504680    0.99716035955
  10466.1996420    0.99594309978
  10467.7610090    0.99506452357
  10469.3345670    0.99415306908
  10470.9203170    0.99315920154
  10472.5182590    0.99193652495
  10474.1283930    0.99051673382
  10475.7507190    0.98929889630
  10477.3852370    0.98820761578
  10479.0319460    0.98746772409
  10480.6908480    0.98655019359
  10482.3619420    0.98567599257
  10484.0452270    0.98506917412
  10485.7407040    0.98489879592
  10487.4483740    0.98476702762
  10489.1682350    0.98502796384
  10490.9002880    0.98557300026
  10492.6445330    0.98649014656
  10494.4009700    0.98767291643
  10496.1695980    0.98970596697
  10497.9504190    0.99236819195
  10499.7434320    0.99542555781
  10501.5486360    0.99905578216
  10503.3660320    1.00277360288
  10505.1956210    1.00676193868
  10507.0374010    1.00994587058
  10508.8913730    1.01250425881
  10510.7575370    1.01444828805
  10512.6358930    1.01560159278
  10514.5264410    1.01644248138
  10516.4291810    1.01665951647
  10518.3441120    1.01611838565
  10520.2712360    1.01466277359
  10522.2105520    1.01264652245
  10524.1620590    1.01064767791
  10526.1257580    1.00868434030
  10528.1016490    1.00670746064
  10530.0897330    1.00420066124
  10532.0900080    1.00160034778
  10534.1024750    0.99961034675
  10536.1271330    0.99770230701
  10538.1639840    0.99558809243
  10540.2130270    0.99402708806
  10542.2742610    0.99259782374
  10544.3476880    0.99077675176
  10546.4333060    0.98909151235
  10548.5311170    0.98814846093
  10550.6411190    0.98753112666
  10552.7633130    0.98701694564
  10554.8976990    0.98699461399
  10557.0442770    0.98751574040
  10559.2030470    0.98788289869
  10561.3740080    0.98821792227
  10563.5571620    0.98825037071
  10565.7525080    0.98870310497
  10567.9600450    0.98924123206
  10570.1797750    0.98955377710
  10572.4116960    0.98984551719
  10574.6558090    0.98975067040
  10576.9121140    0.98917647370
  10579.1806110    0.98839695587
  10581.4613000    0.98758715721
  10583.7541810    0.98677740071
  10586.0592540    0.98559821246
  10588.3765180    0.98461765542
  10590.7059750    0.98390501052
  10593.0476230    0.98324341194
  10595.4014640    0.98217711401
  10597.7674960    0.98177177499
  10600.1457200    0.98152050713
  10602.5361360    0.98136116619
  10604.9387440    0.98055859467
  10607.3535440    0.98009198519
  10609.7805360    0.98091486256
  10612.2197200    0.98217165145
  10614.6710960    0.98328789815
  10617.1346630    0.98475017283
  10619.6104230    0.98636566288
  10622.0983740    0.98757880733
  10624.5985170    0.98840246657
  10627.1108520    0.98917963225
  10629.6353800    0.99029245824
  10632.1720990    0.99095189099
  10634.7210090    0.99181618366
  10637.2821120    0.99218290273
  10639.8554070    0.99211947876
  10642.4408940    0.99249909274
  10645.0385720    0.99281648918
  10647.6484430    0.99295500514
  10650.2705050    0.99278138019
  10652.9047590    0.99291967295
  10655.5512050    0.99294313364
  10658.2098440    0.99270323916
  10660.8806740    0.99244160574
  10663.5636960    0.99229622816
  10666.2589090    0.99203328259
  10668.9663150    0.99193391966
  10671.6859130    0.99203771295
  10674.4177020    0.99199813809
  10677.1616840    0.99225975594
  10679.9178570    0.99275580746
  10682.6862220    0.99327963762
  10685.4667800    0.99394237335
  10688.2595290    0.99490202376
  10691.0644700    0.99618422733
  10693.8816020    0.99695772893
  10696.7109270    0.99750979429
  10699.5524440    0.99820949529
  10702.4061530    0.99920458452
  10705.2720530    0.99972282618
  10708.1501460    0.99967810557
  10711.0404300    0.99966695952
  10713.9429060    0.99986586673
  10716.8575740    1.00012039240
  10719.7844350    1.00041675586
  10722.7234870    1.00077455254
  10725.6747300    1.00114564618
  10728.6381660    1.00126289654
  10731.6137940    1.00130795992
  10734.6016140    1.00148062383
  10737.6016250    1.00157952927
  10740.6138290    1.00149592628
  10743.6382240    1.00151101241
  10746.6748110    1.00156445832
  10749.7235900    1.00112590502
  10752.7845610    1.00103821008
  10755.8577240    1.00104422116
  10758.9430790    1.00179808155
  10762.0406260    1.00224439740
  10765.1503650    1.00346372082
  10768.2722950    1.00421097986
  10771.4064180    1.00482521201
  10774.5527320    1.00533538210
  10777.7112390    1.00592114261
  10780.8819370    1.00636003675
  10784.0648270    1.00679794289
  10787.2599090    1.00725416092
  10790.4671830    1.00756912259
  10793.6866490    1.00764017603
  10796.9183070    1.00740267664
  10800.1621570    1.00738278751
  10803.4181980    1.00741648832
  10806.6864320    1.00761605786
  10809.9668570    1.00728299967
  10813.2594740    1.00708643858
  10816.5642840    1.00751701839
  10819.8812850    1.00772380337
  10823.2104780    1.00825049270
  10826.5518630    1.00878601709
  10829.9054400    1.00993928807
  10833.2712090    1.01040245444
  10836.6491690    1.00992502661
  10840.0393220    1.00969031909
  10843.4416660    1.00916034396
  10846.8562030    1.00883575694
  10850.2829310    1.00819805460
  10853.7218510    1.00783220897
  10857.1729640    1.00784255362
  10860.6362680    1.00778448111
  10864.1117640    1.00737758176
  10867.5994510    1.00706288415
  10871.0993310    1.00667497464
  10874.6114030    1.00600271173
  10878.1356660    1.00541997626
  10881.6721220    1.00517407306
  10885.2207690    1.00541969324
  10888.7816090    1.00562887102
  10892.3546400    1.00563310813
  10895.9398630    1.00592147733
  10899.5372780    1.00604609035
  10903.1468850    1.00609160057
  10906.7686840    1.00621559773
  10910.4026750    1.00656081615
  10914.0488570    1.00640808714
  10917.7072320    1.00636766456
  10921.3777990    1.00691763568
  10925.0605570    1.00723001538
  10928.7555070    1.00733505957
  10932.4626500    1.00731377282
  10936.1819840    1.00681052013
  10939.9135100    1.00543551620
  10943.6572280    1.00413959317
  10947.4131380    1.00282818691
  10951.1812390    1.00189354976
  10954.9615330    1.00124131843
  10958.7540190    1.00082749595
  10962.5586960    1.00079737398
  10966.3755650    1.00058137071
  10970.2046270    1.00061942166
  10974.0458800    1.00070528239
  10977.8993250    1.00056016388
  10981.7649620    1.00037357290
  10985.6427910    1.00034698591
  10989.5328120    0.99967797046
  10993.4350250    0.99880013606
  10997.3494290    0.99855075100
  11001.2760260    0.99820805811
  11005.2148140    0.99767045091
  11009.1657950    0.99751165237
  11013.1289670    0.99744792981
  11017.1043310    0.99735184722
  11021.0918880    0.99736572181
  11025.0916360    0.99721163905
  11029.1035750    0.99718629730
  11033.1277070    0.99712486938
  11037.1640310    0.99657234540
  11041.2125470    0.99621386501
  11045.2732540    0.99615611822
  11049.3461540    0.99637054759
  11053.4312450    0.99675914986
  11057.5285290    0.99734201700
  11061.6380040    0.99765476144
  11065.7596710    0.99782227538
  11069.8935300    0.99755867663
  11074.0395810    0.99680326992
  11078.1978240    0.99602540765
  11082.3682580    0.99543609923
  11086.5508850    0.99450524907
  11090.7457040    0.99408159751
  11094.9527140    0.99420718006
  11099.1719160    0.99456940720
  11103.4033110    0.99483641232
  11107.6468970    0.99503446377
  11111.9026750    0.99513292657
  11116.1706450    0.99566768523
  11120.4508070    0.99551257754
  11124.7431610    0.99528533895
  11129.0477070    0.99522612341
  11133.3644440    0.99553535970
  11137.6933740    0.99526197330
  11142.0344950    0.99533829510
  11146.3878090    0.99567288572
  11150.7533140    0.99575833329
  11155.1310110    0.99589261845
  11159.5209000    0.99590893176
  11163.9229810    0.99816195271
  11168.3372540    0.99821880923
  11172.7637190    0.99764969967
  11177.2023760    0.99946753215
  11181.6532240    0.99920285493
  11186.1162650    0.99884869851
  11190.5914970    0.99861816599
  11195.0789220    0.99870721346
  11199.5785380    0.99855604693
  11204.0903460    0.99882781363
  11208.6143460    0.99901043695
  11213.1505380    0.99913811170
  11217.6989220    0.99909514276
  11222.2594980    0.99875294000
  11226.8322660    0.99851510097
  11231.4172260    0.99845897956
  11236.0143770    0.99824172093
  11240.6237210    0.99838337280
  11245.2452560    0.99829900049
  11249.8789830    0.99837964148
  11254.5249020    0.99859651323
  11259.1830130    0.99890292654
  11263.8533160    0.99965009249
  11268.5358110    1.00034414266
  11273.2304980    1.00110077579
  11277.9373770    1.00162802888
  11282.6564480    1.00217520349
  11287.3877100    1.00276685789
  11292.1311650    1.00306021456
  11296.8868110    1.00356113480
  11301.6546490    1.00440602309
  11306.4346790    1.00569949310
  11311.2269010    1.00689577149
  11316.0313150    1.00703506183
  11320.8479210    1.00878795917
  11325.6767190    1.01072473736
