#---------------------------------
#  energy flat
  8794.00000000    0.00440697196
  8799.00000000    0.00300171316
  8804.00000000    0.00153141954
  8809.00000000   -0.00034451718
  8814.00000000   -0.00185557299
  8819.00000000   -0.00327864051
  8824.00000000   -0.00361537602
  8829.00000000   -0.00310639511
  8834.00000000   -0.00259306097
  8839.00000000   -0.00170547983
  8844.00000000   -0.00067661617
  8849.00000000    0.00007271652
  8854.00000000    0.00103997519
  8859.00000000    0.00175817560
  8864.00000000    0.00176402713
  8869.00000000    0.00156474858
  8874.00000000    0.00138433408
  8879.00000000    0.00179873088
  8884.00000000    0.00259265133
  8889.00000000    0.00200105323
  8894.00000000    0.00220583479
  8899.00000000    0.00076509046
  8904.00000000   -0.00030285797
  8909.00000000   -0.00152989764
  8914.00000000   -0.00243849098
  8919.00000000   -0.00253447895
  8924.00000000   -0.00206006016
  8929.00000000   -0.00094650613
  8934.00000000    0.00054604387
  8939.00000000    0.00180035276
  8944.00000000    0.00311098997
  8949.00000000    0.00364793716
  8953.00000000    0.00481153085
  8956.00000000    0.00594931224
  8958.00000000    0.00697289729
  8959.00000000    0.00805681150
  8959.20000000    0.00877202748
  8959.40000000    0.00868492757
  8959.60000000    0.00903961587
  8959.80000000    0.00936778897
  8960.00000000    0.00943687815
  8960.20000000    0.00975832350
  8960.40000000    0.01009427967
  8960.60000000    0.01046598520
  8960.80000000    0.01032968045
  8961.00000000    0.01024324012
  8961.20000000    0.01015350189
  8961.40000000    0.01039223562
  8961.60000000    0.01064640359
  8961.80000000    0.01074332714
  8962.00000000    0.01132807774
  8962.20000000    0.01145085692
  8962.40000000    0.01157601059
  8962.60000000    0.01192225624
  8962.80000000    0.01183357333
  8963.00000000    0.01185662366
  8963.20000000    0.01199351790
  8963.40000000    0.01225995409
  8963.60000000    0.01242732103
  8963.80000000    0.01302394411
  8964.00000000    0.01297852980
  8964.20000000    0.01334852042
  8964.40000000    0.01339821787
  8964.60000000    0.01348142211
  8964.80000000    0.01356832001
  8965.00000000    0.01425055688
  8965.20000000    0.01474270213
  8965.40000000    0.01518801704
  8965.60000000    0.01554824583
  8965.80000000    0.01560915619
  8966.00000000    0.01601858982
  8966.20000000    0.01619400366
  8966.40000000    0.01661174804
  8966.60000000    0.01653520144
  8966.80000000    0.01665956361
  8967.00000000    0.01752648352
  8967.20000000    0.01798129642
  8967.40000000    0.01810170109
  8967.60000000    0.01856258215
  8967.80000000    0.01880184355
  8968.00000000    0.01901129184
  8968.20000000    0.01920636123
  8968.40000000    0.01916727891
  8968.60000000    0.01924085324
  8968.80000000    0.01984130191
  8969.00000000    0.02061245047
  8969.20000000    0.02134837733
  8969.40000000    0.02085906415
  8969.60000000    0.02151161981
  8969.80000000    0.02152372108
  8970.00000000    0.02217337458
  8970.20000000    0.02301404311
  8970.40000000    0.02306848956
  8970.60000000    0.02382750181
  8970.80000000    0.02415976431
  8971.00000000    0.02477287696
  8971.20000000    0.02497335492
  8971.40000000    0.02553752656
  8971.60000000    0.02601859083
  8971.80000000    0.02694447740
  8972.00000000    0.02806599607
  8972.20000000    0.02875205851
  8972.40000000    0.02907812094
  8972.60000000    0.02951182721
  8972.80000000    0.03059139644
  8973.00000000    0.03117390447
  8973.20000000    0.03210862943
  8973.40000000    0.03337525621
  8973.60000000    0.03427264882
  8973.80000000    0.03507611691
  8974.00000000    0.03659351686
  8974.20000000    0.03761649394
  8974.40000000    0.03850834606
  8974.60000000    0.03981098602
  8974.80000000    0.04118763112
  8975.00000000    0.04292599114
  8975.20000000    0.04467384915
  8975.40000000    0.04671772769
  8975.60000000    0.04923294372
  8975.80000000    0.05141876437
  8976.00000000    0.05402909217
  8976.20000000    0.05682515835
  8976.40000000    0.06004243377
  8976.60000000    0.06337764250
  8976.80000000    0.06793888279
  8977.00000000    0.07246582480
  8977.20000000    0.07748072578
  8977.40000000    0.08354713284
  8977.60000000    0.09038195326
  8977.80000000    0.09896862423
  8978.00000000    0.10868713840
  8978.20000000    0.12007439576
  8978.40000000    0.13434402770
  8978.60000000    0.15119539662
  8978.80000000    0.17154756447
  8979.00000000    0.19701175887
  8979.20000000    0.22820930632
  8979.40000000    0.26606863485
  8979.60000000    0.31202288485
  8979.80000000    0.36627151400
  8980.00000000    0.42764943615
  8980.20000000    0.49485727421
  8980.40000000    0.56332824899
  8980.60000000    0.62923030954
  8980.80000000    0.68679197889
  8981.00000000    0.73016605993
  8981.20000000    0.75507991045
  8981.40000000    0.76006107884
  8981.60000000    0.74595132390
  8981.80000000    0.71724464348
  8982.00000000    0.67864293573
  8982.20000000    0.63518079215
  8982.40000000    0.59227826406
  8982.60000000    0.55378190335
  8982.80000000    0.52139409179
  8983.00000000    0.49639639764
  8983.20000000    0.47941858997
  8983.40000000    0.46926154808
  8983.60000000    0.46592764634
  8983.80000000    0.46854082746
  8984.00000000    0.47502433056
  8984.20000000    0.48503029182
  8984.40000000    0.49672296173
  8984.60000000    0.51025523134
  8984.80000000    0.52380454279
  8985.00000000    0.53717051487
  8985.20000000    0.54829934014
  8985.40000000    0.55863708671
  8985.60000000    0.56729054813
  8985.80000000    0.57582319815
  8986.00000000    0.58418095091
  8986.20000000    0.59305280596
  8986.40000000    0.60313989917
  8986.60000000    0.61436980828
  8986.80000000    0.62711295460
  8987.00000000    0.64167459271
  8987.20000000    0.65778495335
  8987.40000000    0.67564230684
  8987.60000000    0.69569793927
  8987.80000000    0.71605330890
  8988.00000000    0.73960305841
  8988.20000000    0.76375700809
  8988.40000000    0.78803273933
  8988.60000000    0.81285871669
  8988.80000000    0.83811674290
  8989.00000000    0.86244649537
  8989.20000000    0.88705210739
  8989.40000000    0.91106504092
  8989.60000000    0.93497549740
  8989.80000000    0.95885523926
  8990.00000000    0.98234703664
  8990.20000000    1.00434068055
  8990.40000000    1.02512058274
  8990.60000000    1.04482208938
  8990.80000000    1.06117465434
  8991.00000000    1.07550324638
  8991.20000000    1.08685569241
  8991.40000000    1.09431411763
  8991.60000000    1.09902751426
  8991.80000000    1.10047217386
  8992.00000000    1.10004482777
  8992.20000000    1.09812935279
  8992.40000000    1.09566314713
  8992.60000000    1.09167556941
  8992.80000000    1.08773563386
  8993.00000000    1.08374941586
  8993.20000000    1.08168563650
  8993.40000000    1.08103641732
  8993.60000000    1.08032429388
  8993.80000000    1.08148448053
  8994.00000000    1.08625458071
  8994.20000000    1.09344998454
  8994.40000000    1.10407378465
  8994.60000000    1.11585992002
  8994.80000000    1.12598405923
  8995.00000000    1.13922711839
  8995.20000000    1.15468546966
  8995.40000000    1.17049012058
  8995.60000000    1.18690569546
  8995.80000000    1.20264732789
  8996.00000000    1.21841259199
  8996.20000000    1.23264302666
  8996.40000000    1.24472231807
  8996.60000000    1.25485994945
  8996.80000000    1.26147951905
  8997.00000000    1.26557594069
  8997.20000000    1.26692680310
  8997.40000000    1.26498359754
  8997.60000000    1.26013125615
  8997.80000000    1.25249905693
  8998.00000000    1.24177594078
  8998.20000000    1.22885128834
  8998.40000000    1.21433903871
  8998.60000000    1.19836345708
  8998.80000000    1.18190125277
  8999.00000000    1.16486799918
  8999.20000000    1.14842456101
  8999.40000000    1.13375792242
  8999.60000000    1.11824743099
  8999.80000000    1.10040586046
  9000.00000000    1.08923123228
  9000.20000000    1.07876778212
  9000.40000000    1.06934371804
  9000.60000000    1.06272566512
  9000.80000000    1.05733247260
  9001.00000000    1.05336702788
  9001.20000000    1.05116149649
  9001.40000000    1.04953469839
  9001.60000000    1.04878898597
  9001.80000000    1.04812943057
  9002.00000000    1.04643078471
  9002.20000000    1.04459271851
  9002.40000000    1.04295346566
  9002.60000000    1.04060913451
  9002.80000000    1.03858735413
  9003.00000000    1.03685778365
  9003.20000000    1.03450782490
  9003.40000000    1.03196884461
  9003.60000000    1.02911235602
  9003.80000000    1.02688420004
  9004.00000000    1.02423801523
  9004.20000000    1.02221013716
  9004.40000000    1.02007159539
  9004.60000000    1.01739023149
  9004.80000000    1.01566910149
  9005.00000000    1.01341702164
  9005.20000000    1.01176873720
  9005.40000000    1.00963092448
  9005.60000000    1.00745552913
  9005.80000000    1.00564410477
  9006.00000000    1.00348219175
  9006.20000000    1.00184307692
  9006.40000000    0.99989726948
  9006.60000000    0.99748620577
  9006.80000000    0.99516182410
  9007.00000000    0.99304997271
  9007.20000000    0.99026760270
  9007.40000000    0.98776530397
  9007.60000000    0.98575598958
  9007.80000000    0.98455652275
  9008.00000000    0.98268495389
  9008.20000000    0.98044653759
  9008.40000000    0.97767769733
  9008.60000000    0.97567174196
  9008.80000000    0.97415956180
  9009.00000000    0.97318178701
  9009.22786000    0.97178612384
  9009.48358100    0.97003252825
  9009.76716200    0.96870307973
  9010.07860400    0.96804559969
  9010.41790500    0.96947406604
  9010.78506700    0.97273424014
  9011.18009000    0.97772201689
  9011.60297300    0.98575852685
  9012.05371600    0.99519150931
  9012.53231900    1.01031682446
  9013.03878300    1.03297669192
  9013.57310700    1.05768142693
  9014.13529200    1.07730400074
  9014.72533700    1.09018216788
  9015.34324200    1.10543733081
  9015.98900800    1.11143832775
  9016.66263400    1.10851170794
  9017.36412000    1.09909152290
  9018.09346700    1.08115806555
  9018.85067400    1.04922144607
  9019.63574100    1.02402231139
  9020.44866900    0.99757993435
  9021.28945700    0.97246322182
  9022.15810600    0.95108753201
  9023.05461400    0.93369214243
  9023.97898300    0.92081155696
  9024.93121300    0.91289401680
  9025.91130300    0.90995983443
  9026.91925300    0.91031335676
  9027.95506400    0.91198006284
  9029.01873400    0.91693027377
  9030.11026600    0.92086563501
  9031.23272300    0.92578534907
  9032.36737300    0.93230025752
  9033.51421400    0.94050071414
  9034.67324800    0.95276132961
  9035.84447300    0.96484322399
  9037.02789000    0.97935925178
  9038.22349900    0.99469777729
  9039.43130000    1.00699482341
  9040.65129300    1.01448203804
  9041.88347800    1.01785896226
  9043.12785500    1.02170717478
  9044.38442300    1.02591282214
  9045.65318400    1.03025703896
  9046.93413600    1.03464417845
  9048.22728000    1.03926563755
  9049.53261700    1.04446768308
  9050.85014500    1.04839437488
  9052.17986500    1.05014695206
  9053.52177700    1.04969466601
  9054.87588100    1.04766054589
  9056.24217700    1.04379908272
  9057.62066400    1.03910293728
  9059.01134400    1.03378249911
  9060.41421500    1.02819591234
  9061.82927900    1.02356140766
  9063.25653400    1.01947728969
  9064.69598100    1.01621040899
  9066.14762000    1.01349889659
  9067.61145200    1.01173386747
  9069.08747500    1.01178925662
  9070.57568900    1.01345516869
  9072.07609600    1.01493079115
  9073.58869500    1.01689006990
  9075.11348500    1.01881284240
  9076.65046800    1.01912228845
  9078.19964200    1.01760587544
  9079.76100900    1.01568893651
  9081.33456700    1.01333755244
  9082.92031700    1.01187970259
  9084.51825900    1.01232597654
  9086.12839300    1.01321062733
  9087.75071900    1.01321143219
  9089.38523700    1.01377008108
  9091.03194600    1.01370708505
  9092.69084800    1.01152925072
  9094.36194200    1.00881097515
  9096.04522700    1.00523233398
  9097.74070400    1.00151949524
  9099.44837400    0.99687525466
  9101.16823500    0.99190890612
  9102.90028800    0.98717063776
  9104.64453300    0.98338292136
  9106.40097000    0.98007359208
  9108.16959800    0.97727678119
  9109.95041900    0.97536088899
  9111.74343200    0.97474154650
  9113.54863600    0.97516240094
  9115.36603200    0.97642988645
  9117.19562100    0.97840610450
  9119.03740100    0.98020413934
  9120.89137300    0.98219185722
  9122.75753700    0.98448067924
  9124.63589300    0.98708150461
  9126.52644100    0.99026325958
  9128.42918100    0.99384054848
  9130.34411200    0.99807068760
  9132.27123600    1.00212874316
  9134.21055200    1.00580952899
  9136.16205900    1.00818732947
  9138.12575800    1.00952340771
  9140.10164900    1.01062252274
  9142.08973300    1.01149397362
  9144.09000800    1.01183125531
  9146.10247500    1.01092550999
  9148.12713300    1.00957753366
  9150.16398400    1.00858785087
  9152.21302700    1.00682098402
  9154.27426100    1.00580722121
  9156.34768800    1.00419684282
  9158.43330600    1.00332832828
  9160.53111700    1.00129289194
  9162.64111900    0.99898893573
  9164.76331300    0.99748502610
  9166.89769900    0.99553670604
  9169.04427700    0.99392443400
  9171.20304700    0.99391411878
  9173.37400800    0.99383283396
  9175.55716200    0.99335820603
  9177.75250800    0.99459829354
  9179.96004500    0.99484804888
  9182.17977500    0.99414232141
  9184.41169600    0.99339083539
  9186.65580900    0.99294767517
  9188.91211400    0.99208309882
  9191.18061100    0.99076862995
  9193.46130000    0.99122733977
  9195.75418100    0.99303499757
  9198.05925400    0.99443290329
  9200.37651800    0.99442351410
  9202.70597500    0.99559503235
  9205.04762300    0.99649400866
  9207.40146400    0.99736738699
  9209.76749600    0.99807058786
  9212.14572000    0.99767280168
  9214.53613600    0.99676896378
  9216.93874400    0.99582525641
  9219.35354400    0.99420002466
  9221.78053600    0.99213861724
  9224.21972000    0.99021247766
  9226.67109600    0.98835694548
  9229.13466300    0.98745056203
  9231.61042300    0.98747509244
  9234.09837400    0.98854606947
  9236.59851700    0.98960337829
  9239.11085200    0.99039502330
  9241.63538000    0.99164413073
  9244.17209900    0.99279819714
  9246.72100900    0.99328017626
  9249.28211200    0.99423980189
  9251.85540700    0.99566489008
  9254.44089400    0.99799282351
  9257.03857200    0.99970967549
  9259.64844300    1.00128606242
  9262.27050500    1.00333375534
  9264.90475900    1.00483165522
  9267.55120500    1.00515573043
  9270.20984400    1.00461802384
  9272.88067400    1.00446982575
  9275.56369600    1.00355916431
  9278.25890900    1.00288087658
  9280.96631500    1.00269607217
  9283.68591300    1.00190554043
  9286.41770200    1.00069889147
  9289.16168400    1.00032185048
  9291.91785700    1.00061022344
  9294.68622200    1.00024501154
  9297.46678000    0.99928890600
  9300.25952900    0.99934248223
  9303.06447000    0.99943736650
  9305.88160200    0.99949509387
  9308.71092700    0.99946251937
  9311.55244400    0.99962104026
  9314.40615300    0.99941042215
  9317.27205300    0.99869520040
  9320.15014600    0.99842768543
  9323.04043000    0.99798510899
  9325.94290600    0.99703754937
  9328.85757400    0.99764620131
  9331.78443500    0.99875876271
  9334.72348700    0.99926489043
  9337.67473000    0.99956467847
  9340.63816600    0.99910076488
  9343.61379400    0.99898374164
  9346.60161400    0.99972793376
  9349.60162500    0.99986970975
  9352.61382900    1.00016584801
  9355.63822400    1.00090403599
  9358.67481100    1.00102614152
  9361.72359000    1.00111454446
  9364.78456100    1.00147037598
  9367.85772400    1.00105976998
  9370.94307900    1.00061653813
  9374.04062600    1.00063572066
  9377.15036500    1.00040030668
  9380.27229500    1.00034333198
  9383.40641800    1.00006305738
  9386.55273200    1.00117343126
  9389.71123900    1.00295452673
  9392.88193700    1.00375060575
  9396.06482700    1.00387095022
  9399.25990900    1.00439866322
  9402.46718300    1.00540346309
  9405.68664900    1.00611027278
  9408.91830700    1.00682361715
  9412.16215700    1.00721719413
  9415.41819800    1.00692433465
  9418.68643200    1.00694765507
  9421.96685700    1.00715951605
  9425.25947400    1.00650885577
  9428.56428400    1.00515903318
  9431.88128500    1.00494241712
  9435.21047800    1.00525540001
  9438.55186300    1.00533581032
  9441.90544000    1.00560423749
  9445.27120900    1.00615622685
  9448.64916900    1.00721686545
  9452.03932200    1.00745092559
  9455.44166600    1.00709219882
  9458.85620300    1.00613042278
  9462.28293100    1.00564655307
  9465.72185100    1.00569522853
  9469.17296400    1.00480138314
  9472.63626800    1.00457759107
  9476.11176400    1.00439410397
  9479.59945100    1.00432402631
  9483.09933100    1.00340121829
  9486.61140300    1.00260346481
  9490.13566600    1.00212997860
  9493.67212200    1.00139638233
  9497.22076900    1.00111636239
  9500.78160900    1.00110841214
  9504.35464000    1.00078921334
  9507.93986300    1.00080859675
  9511.53727800    1.00093888570
  9515.14688500    1.00013689527
  9518.76868400    0.99919782761
  9522.40267500    0.99918124483
  9526.04885700    0.99803321800
  9529.70723200    0.99664840928
  9533.37779900    0.99689687584
  9537.06055700    0.99646322930
  9540.75550700    0.99566407474
  9544.46265000    0.99580829271
  9548.18198400    0.99493746213
  9551.91351000    0.99594926542
  9555.65722800    0.99741690156
  9559.41313800    0.99532879875
  9563.18123900    0.99330607347
  9566.96153300    0.99350820302
  9570.75401900    0.99315941203
  9574.55869600    0.99280004166
  9578.37556500    0.99244751342
  9582.20462700    0.99298251098
  9586.04588000    0.99427999317
  9589.89932500    0.99627295778
  9593.76496200    0.99774937070
  9597.64279100    0.99862165493
  9601.53281200    0.99901857788
  9605.43502500    1.00047355482
  9609.34942900    1.00066962692
  9613.27602600    1.00065765878
  9617.21481400    1.00083369078
  9621.16579500    1.00031918120
  9625.12896700    0.99983891024
  9629.10433100    0.99915387329
  9633.09188800    0.99794644577
  9637.09163600    0.99773001148
  9641.10357500    0.99701421546
  9645.12770700    0.99661935043
  9649.16403100    0.99682670679
  9653.21254700    0.99789251201
  9657.27325400    0.99907333556
  9661.34615400    0.99964975348
  9665.43124500    1.00095497265
  9669.52852900    1.00138336125
  9673.63800400    1.00227024407
  9677.75967100    1.00203242448
  9681.89353000    1.00141319032
  9686.03958100    1.00213676434
  9690.19782400    1.00276559995
  9694.36825800    1.00210831299
  9698.55088500    1.00229886830
  9702.74570400    1.00243188599
  9706.95271400    1.00110598520
  9711.17191600    1.00017390156
  9715.40331100    0.99950435242
  9719.64689700    0.99952196221
  9723.90267500    1.00000997746
  9728.17064500    1.00088567948
  9732.45080700    1.00162285238
  9736.74316100    1.00177047880
  9741.04770700    1.00211967305
  9745.36444400    1.00272968531
  9749.69337400    1.00294055816
  9754.03449500    1.00252767306
  9758.38780900    1.00140070171
  9762.75331400    1.00050381969
  9767.13101100    0.99907869036
  9771.52090000    0.99788349827
  9775.92298100    0.99679628919
  9780.33725400    0.99533129130
  9784.76371900    0.99551469421
  9789.20237600    0.99713301838
  9793.65322400    0.99765080134
  9798.11626500    0.99860695534
  9802.59149700    1.00020541498
  9807.07892200    0.99988593883
  9811.57853800    0.99956633891
  9816.09034600    0.99935902242
  9820.61434600    1.00007978701
  9825.15053800    1.00076699816
  9829.69892200    1.00044584011
  9834.25949800    1.00068169104
  9838.83226600    1.00045041994
  9843.41722600    0.99991066984
  9848.01437700    0.99993582050
  9852.62372100    1.00007534366
  9857.24525600    0.99967531577
  9861.87898300    0.99971336204
  9866.52490200    1.00073628287
  9871.18301300    1.00049742833
  9875.85331600    1.00065013949
  9880.53581100    1.00124999834
  9885.23049800    1.00087619125
  9889.93737700    1.00032068486
  9894.65644800    1.00114717095
  9899.38771000    1.00014952226
  9904.13116500    0.99968321759
  9908.88681100    0.99966383189
  9913.65464900    0.99912337248
  9918.43467900    0.99967019239
  9923.22690100    1.00075397926
  9928.03131500    1.00238297087
  9932.84792100    1.00384990621
  9937.67671900    1.00378584775
