#---------------------------------
#  energy flat
  8794.00000000    0.01168611984
  8799.00000000    0.00914244095
  8804.00000000    0.00834590215
  8809.00000000    0.00559303894
  8814.00000000    0.00191173238
  8819.00000000   -0.00094615253
  8824.00000000   -0.00267091990
  8829.00000000   -0.00342858564
  8834.00000000   -0.00265667156
  8839.00000000   -0.00102826152
  8844.00000000   -0.00044319586
  8849.00000000    0.00031497305
  8854.00000000    0.00108753143
  8859.00000000    0.00196210475
  8864.00000000    0.00294771328
  8869.00000000    0.00257040220
  8874.00000000    0.00206981412
  8879.00000000    0.00273455882
  8884.00000000    0.00293626307
  8889.00000000    0.00275482067
  8894.00000000    0.00243055736
  8899.00000000    0.00006255894
  8904.00000000   -0.00104346097
  8909.00000000   -0.00224226079
  8914.00000000   -0.00343375848
  8919.00000000   -0.00336220382
  8924.00000000   -0.00156197914
  8929.00000000   -0.00092085896
  8934.00000000    0.00105654957
  8939.00000000    0.00275325593
  8944.00000000    0.00463917316
  8949.00000000    0.00621432067
  8953.00000000    0.00868414259
  8956.00000000    0.00996817842
  8958.00000000    0.01080651971
  8959.00000000    0.01162011234
  8959.20000000    0.01248228825
  8959.40000000    0.01280110038
  8959.60000000    0.01298632662
  8959.80000000    0.01288032705
  8960.00000000    0.01251059202
  8960.20000000    0.01280663870
  8960.40000000    0.01278225109
  8960.60000000    0.01236655563
  8960.80000000    0.01256767473
  8961.00000000    0.01341954177
  8961.20000000    0.01339773137
  8961.40000000    0.01323932834
  8961.60000000    0.01366638368
  8961.80000000    0.01374186333
  8962.00000000    0.01436586120
  8962.20000000    0.01458673898
  8962.40000000    0.01490812832
  8962.60000000    0.01545674252
  8962.80000000    0.01554339012
  8963.00000000    0.01568652177
  8963.20000000    0.01590245988
  8963.40000000    0.01618390232
  8963.60000000    0.01704457486
  8963.80000000    0.01717417611
  8964.00000000    0.01732396559
  8964.20000000    0.01763225406
  8964.40000000    0.01758037611
  8964.60000000    0.01737558312
  8964.80000000    0.01788296181
  8965.00000000    0.01770179334
  8965.20000000    0.01781356882
  8965.40000000    0.01824234232
  8965.60000000    0.01892883776
  8965.80000000    0.02028755798
  8966.00000000    0.02073222433
  8966.20000000    0.02133324199
  8966.40000000    0.02193769595
  8966.60000000    0.02274145489
  8966.80000000    0.02302848130
  8967.00000000    0.02410413690
  8967.20000000    0.02499079640
  8967.40000000    0.02512555210
  8967.60000000    0.02523045500
  8967.80000000    0.02479263841
  8968.00000000    0.02450859592
  8968.20000000    0.02493930233
  8968.40000000    0.02513311931
  8968.60000000    0.02615572714
  8968.80000000    0.02646122363
  8969.00000000    0.02701241505
  8969.20000000    0.02782025458
  8969.40000000    0.02835254639
  8969.60000000    0.02946728983
  8969.80000000    0.03047894447
  8970.00000000    0.03179385196
  8970.20000000    0.03168012073
  8970.40000000    0.03222250665
  8970.60000000    0.03285767248
  8970.80000000    0.03334572202
  8971.00000000    0.03444672028
  8971.20000000    0.03520516311
  8971.40000000    0.03569407172
  8971.60000000    0.03676693534
  8971.80000000    0.03720043373
  8972.00000000    0.03806948223
  8972.20000000    0.03943722271
  8972.40000000    0.04105108767
  8972.60000000    0.04228738996
  8972.80000000    0.04362678103
  8973.00000000    0.04493180917
  8973.20000000    0.04622717274
  8973.40000000    0.04697294424
  8973.60000000    0.04843926337
  8973.80000000    0.04978982239
  8974.00000000    0.05113737466
  8974.20000000    0.05308026464
  8974.40000000    0.05548662461
  8974.60000000    0.05770291464
  8974.80000000    0.05997955456
  8975.00000000    0.06256868235
  8975.20000000    0.06573832884
  8975.40000000    0.06912059596
  8975.60000000    0.07325584071
  8975.80000000    0.07756912839
  8976.00000000    0.08276253655
  8976.20000000    0.08850682539
  8976.40000000    0.09559792622
  8976.60000000    0.10356571124
  8976.80000000    0.11329738828
  8977.00000000    0.12462393470
  8977.20000000    0.13862993038
  8977.40000000    0.15642486836
  8977.60000000    0.17777722841
  8977.80000000    0.20368868987
  8978.00000000    0.23378555590
  8978.20000000    0.26686813079
  8978.40000000    0.30438738916
  8978.60000000    0.34339542137
  8978.80000000    0.38300901863
  8979.00000000    0.42200808465
  8979.20000000    0.45739123235
  8979.40000000    0.48943873425
  8979.60000000    0.51635362389
  8979.80000000    0.53893161770
  8980.00000000    0.55703053895
  8980.20000000    0.57124336279
  8980.40000000    0.58176896457
  8980.60000000    0.58925229334
  8980.80000000    0.59379751164
  8981.00000000    0.59435010701
  8981.20000000    0.59317588486
  8981.40000000    0.59195132640
  8981.60000000    0.59047390502
  8981.80000000    0.58774559234
  8982.00000000    0.58616298765
  8982.20000000    0.58429917029
  8982.40000000    0.58207811216
  8982.60000000    0.58228922379
  8982.80000000    0.58267829704
  8983.00000000    0.58563806535
  8983.20000000    0.59020121223
  8983.40000000    0.59689069836
  8983.60000000    0.60367116448
  8983.80000000    0.61162268024
  8984.00000000    0.61820668426
  8984.20000000    0.62405545430
  8984.40000000    0.63008562131
  8984.60000000    0.63763519169
  8984.80000000    0.64474955905
  8985.00000000    0.65309897633
  8985.20000000    0.66237868719
  8985.40000000    0.67013045361
  8985.60000000    0.67690601521
  8985.80000000    0.68400192811
  8986.00000000    0.69181035907
  8986.20000000    0.70064035959
  8986.40000000    0.71043587502
  8986.60000000    0.72017203094
  8986.80000000    0.73038188214
  8987.00000000    0.74120051778
  8987.20000000    0.75292324415
  8987.40000000    0.76462440976
  8987.60000000    0.77825389589
  8987.80000000    0.79060950711
  8988.00000000    0.80285228071
  8988.20000000    0.81445560474
  8988.40000000    0.82839337567
  8988.60000000    0.84200976865
  8988.80000000    0.85709015239
  8989.00000000    0.87051286960
  8989.20000000    0.88372502896
  8989.40000000    0.89700754729
  8989.60000000    0.91240222666
  8989.80000000    0.92693302267
  8990.00000000    0.94064847285
  8990.20000000    0.95295774950
  8990.40000000    0.96493340539
  8990.60000000    0.97646139843
  8990.80000000    0.98860461683
  8991.00000000    1.00037877735
  8991.20000000    1.01123085152
  8991.40000000    1.01960033279
  8991.60000000    1.02735613475
  8991.80000000    1.03501005016
  8992.00000000    1.04153720460
  8992.20000000    1.04805933276
  8992.40000000    1.05405046695
  8992.60000000    1.05947538509
  8992.80000000    1.06264965931
  8993.00000000    1.06538099424
  8993.20000000    1.06601137853
  8993.40000000    1.06543231524
  8993.60000000    1.06393352673
  8993.80000000    1.06200640273
  8994.00000000    1.05951026991
  8994.20000000    1.05782608828
  8994.40000000    1.05474947596
  8994.60000000    1.04943746725
  8994.80000000    1.04421106303
  8995.00000000    1.03905608849
  8995.20000000    1.03384174961
  8995.40000000    1.02944666340
  8995.60000000    1.02522673961
  8995.80000000    1.02103593570
  8996.00000000    1.01688992963
  8996.20000000    1.01408828427
  8996.40000000    1.01120042787
  8996.60000000    1.00825707219
  8996.80000000    1.00659858606
  8997.00000000    1.00569513599
  8997.20000000    1.00519858245
  8997.40000000    1.00544160141
  8997.60000000    1.00206568496
  8997.80000000    0.99906552330
  8998.00000000    0.99862659852
  8998.20000000    0.99851725312
  8998.40000000    0.99959183529
  8998.60000000    1.00163063696
  8998.80000000    1.00341635128
  8999.00000000    1.00547988540
  8999.20000000    1.01025993320
  8999.40000000    1.01485755210
  8999.60000000    1.01903714119
  8999.80000000    1.02253475009
  9000.00000000    1.02822011270
  9000.20000000    1.03236184450
  9000.40000000    1.03697812308
  9000.60000000    1.04065813538
  9000.80000000    1.04422659155
  9001.00000000    1.04782029889
  9001.20000000    1.05239884203
  9001.40000000    1.05662271100
  9001.60000000    1.06097835588
  9001.80000000    1.06419671069
  9002.00000000    1.06495695031
  9002.20000000    1.06573384969
  9002.40000000    1.06418858199
  9002.60000000    1.06219994014
  9002.80000000    1.06036648329
  9003.00000000    1.05658842169
  9003.20000000    1.05290304728
  9003.40000000    1.05041362471
  9003.60000000    1.04811267578
  9003.80000000    1.04562628877
  9004.00000000    1.04028940378
  9004.20000000    1.03616307443
  9004.40000000    1.03148083136
  9004.60000000    1.02622978838
  9004.80000000    1.02348392400
  9005.00000000    1.02159596526
  9005.20000000    1.01863986998
  9005.40000000    1.01449450874
  9005.60000000    1.01053633142
  9005.80000000    1.00696679060
  9006.00000000    1.00425300720
  9006.20000000    1.00239133006
  9006.40000000    0.99891557471
  9006.60000000    0.99594507458
  9006.80000000    0.99281769894
  9007.00000000    0.98975079316
  9007.20000000    0.98612990505
  9007.40000000    0.98134122670
  9007.60000000    0.97838915171
  9007.80000000    0.97531799986
  9008.00000000    0.97262946980
  9008.20000000    0.96940585646
  9008.40000000    0.96732299676
  9008.60000000    0.96500980981
  9008.80000000    0.96257518298
  9009.00000000    0.96028478458
  9009.22786000    0.95983774242
  9009.48358100    0.95936498172
  9009.76716200    0.95876841917
  9010.07860400    0.95832066294
  9010.41790500    0.95837959888
  9010.78506700    0.95888323685
  9011.18009000    0.96026936441
  9011.60297300    0.96180121052
  9012.05371600    0.96251972273
  9012.53231900    0.96487272450
  9013.03878300    0.96757902103
  9013.57310700    0.96939651692
  9014.13529200    0.97350090148
  9014.72533700    0.97829056945
  9015.34324200    0.98297832028
  9015.98900800    0.98816242701
  9016.66263400    0.99539538929
  9017.36412000    1.00424331787
  9018.09346700    1.01244078248
  9018.85067400    1.02156993765
  9019.63574100    1.02790021728
  9020.44866900    1.03355864850
  9021.28945700    1.04021116128
  9022.15810600    1.04464951892
  9023.05461400    1.04902310741
  9023.97898300    1.05388214231
  9024.93121300    1.05418922225
  9025.91130300    1.04967352060
  9026.91925300    1.04400628457
  9027.95506400    1.03534222448
  9029.01873400    1.02439567113
  9030.11026600    1.01449553543
  9031.23272300    1.00562247940
  9032.36737300    0.99883743063
  9033.51421400    0.99402171886
  9034.67324800    0.99090568134
  9035.84447300    0.98866191236
  9037.02789000    0.98869895107
  9038.22349900    0.98979657517
  9039.43130000    0.99181506151
  9040.65129300    0.99346309915
  9041.88347800    0.99534470715
  9043.12785500    0.99465166565
  9044.38442300    0.99470395569
  9045.65318400    0.99486186721
  9046.93413600    0.99509521248
  9048.22728000    0.99611796792
  9049.53261700    0.99652713841
  9050.85014500    0.99697635735
  9052.17986500    0.99982236256
  9053.52177700    1.00231814015
  9054.87588100    1.00539995200
  9056.24217700    1.00694940996
  9057.62066400    1.01058652196
  9059.01134400    1.01377173297
  9060.41421500    1.01876084395
  9061.82927900    1.02234937594
  9063.25653400    1.02645830474
  9064.69598100    1.02892563776
  9066.14762000    1.03317207128
  9067.61145200    1.03600858915
  9069.08747500    1.03669432576
  9070.57568900    1.03772625642
  9072.07609600    1.03744987939
  9073.58869500    1.03466407535
  9075.11348500    1.03047283218
  9076.65046800    1.02514102950
  9078.19964200    1.01982871019
  9079.76100900    1.01418737355
  9081.33456700    1.00818810299
  9082.92031700    1.00127042179
  9084.51825900    0.99586514739
  9086.12839300    0.99164418254
  9087.75071900    0.98710486091
  9089.38523700    0.98382729906
  9091.03194600    0.98042931565
  9092.69084800    0.97554482821
  9094.36194200    0.97107588951
  9096.04522700    0.96864900321
  9097.74070400    0.96836022774
  9099.44837400    0.96881448384
  9101.16823500    0.97020877548
  9102.90028800    0.97268103653
  9104.64453300    0.97646563272
  9106.40097000    0.97969842716
  9108.16959800    0.98198795003
  9109.95041900    0.98501652528
  9111.74343200    0.98851509772
  9113.54863600    0.99204301058
  9115.36603200    0.99524572263
  9117.19562100    0.99860929401
  9119.03740100    1.00312556966
  9120.89137300    1.00825852379
  9122.75753700    1.01275824138
  9124.63589300    1.01757059659
  9126.52644100    1.02095213309
  9128.42918100    1.02316897951
  9130.34411200    1.02470482529
  9132.27123600    1.02474421720
  9134.21055200    1.02395446754
  9136.16205900    1.02205726171
  9138.12575800    1.01817335660
  9140.10164900    1.01315991105
  9142.08973300    1.00813996254
  9144.09000800    1.00215952933
  9146.10247500    0.99627313349
  9148.12713300    0.99121400625
  9150.16398400    0.98607862028
  9152.21302700    0.98123874727
  9154.27426100    0.97735974488
  9156.34768800    0.97496435519
  9158.43330600    0.97489168110
  9160.53111700    0.97516842286
  9162.64111900    0.97669359898
  9164.76331300    0.98022082031
  9166.89769900    0.98295894693
  9169.04427700    0.98397758894
  9171.20304700    0.98632729911
  9173.37400800    0.98793683573
  9175.55716200    0.98854630331
  9177.75250800    0.98955253352
  9179.96004500    0.99054014054
  9182.17977500    0.99146613715
  9184.41169600    0.99164882197
  9186.65580900    0.99239394981
  9188.91211400    0.99394159483
  9191.18061100    0.99521358075
  9193.46130000    0.99706034788
  9195.75418100    0.99925806278
  9198.05925400    1.00236035056
  9200.37651800    1.00474394440
  9202.70597500    1.00675842936
  9205.04762300    1.00831870593
  9207.40146400    1.00967040574
  9209.76749600    1.01040025775
  9212.14572000    1.01000649654
  9214.53613600    1.00987946492
  9216.93874400    1.00896930543
  9219.35354400    1.00770848854
  9221.78053600    1.00544232470
  9224.21972000    1.00382058530
  9226.67109600    1.00239217536
  9229.13466300    1.00035334970
  9231.61042300    0.99820743319
  9234.09837400    0.99627778115
  9236.59851700    0.99479324097
  9239.11085200    0.99298055054
  9241.63538000    0.99213766791
  9244.17209900    0.99172972246
  9246.72100900    0.99168186963
  9249.28211200    0.99159581629
  9251.85540700    0.99196542068
  9254.44089400    0.99280860921
  9257.03857200    0.99356729903
  9259.64844300    0.99521125908
  9262.27050500    0.99722406786
  9264.90475900    0.99914126789
  9267.55120500    1.00027246476
  9270.20984400    1.00092679042
  9272.88067400    1.00127936528
  9275.56369600    1.00157960970
  9278.25890900    1.00240382297
  9280.96631500    1.00204101216
  9283.68591300    1.00261036605
  9286.41770200    1.00439566054
  9289.16168400    1.00577609643
  9291.91785700    1.00687007441
  9294.68622200    1.00669379441
  9297.46678000    1.00650950025
  9300.25952900    1.00561087349
  9303.06447000    1.00487485776
  9305.88160200    1.00428882805
  9308.71092700    1.00434743231
  9311.55244400    1.00363431413
  9314.40615300    1.00300106516
  9317.27205300    1.00273486539
  9320.15014600    1.00207524532
  9323.04043000    1.00125826669
  9325.94290600    1.00062521798
  9328.85757400    0.99996457363
  9331.78443500    0.99966916093
  9334.72348700    0.99950382882
  9337.67473000    0.99913763228
  9340.63816600    0.99861804069
  9343.61379400    0.99815961738
  9346.60161400    0.99893392825
  9349.60162500    0.99993951322
  9352.61382900    1.00043477238
  9355.63822400    1.00058486415
  9358.67481100    1.00101711890
  9361.72359000    1.00104663245
  9364.78456100    1.00169118124
  9367.85772400    1.00236679725
  9370.94307900    1.00332367015
  9374.04062600    1.00360885518
  9377.15036500    1.00345234903
  9380.27229500    1.00304076523
  9383.40641800    1.00278836244
  9386.55273200    1.00301748555
  9389.71123900    1.00283831571
  9392.88193700    1.00328794238
  9396.06482700    1.00364019822
  9399.25990900    1.00377971721
  9402.46718300    1.00400219780
  9405.68664900    1.00417981348
  9408.91830700    1.00505884270
  9412.16215700    1.00558709240
  9415.41819800    1.00627803090
  9418.68643200    1.00629465472
  9421.96685700    1.00625394941
  9425.25947400    1.00556331676
  9428.56428400    1.00433030169
  9431.88128500    1.00234588609
  9435.21047800    1.00138163665
  9438.55186300    1.00069847958
  9441.90544000    1.00041082892
  9445.27120900    1.00075551543
  9448.64916900    1.00119835281
  9452.03932200    1.00114930678
  9455.44166600    1.00074899318
  9458.85620300    1.00017409846
  9462.28293100    0.99919497604
  9465.72185100    0.99818461115
  9469.17296400    0.99741032226
  9472.63626800    0.99706039959
  9476.11176400    0.99733730025
  9479.59945100    0.99750795490
  9483.09933100    0.99788134236
  9486.61140300    0.99750962414
  9490.13566600    0.99765063191
  9493.67212200    0.99838268245
  9497.22076900    0.99865442079
  9500.78160900    0.99791274474
  9504.35464000    0.99718826331
  9507.93986300    0.99733632742
  9511.53727800    0.99715609904
  9515.14688500    0.99719065907
  9518.76868400    0.99721722510
  9522.40267500    0.99731927489
  9526.04885700    0.99809831043
  9529.70723200    0.99838957268
  9533.37779900    0.99869405367
  9537.06055700    0.99837834035
  9540.75550700    0.99700789127
  9544.46265000    0.99705054489
  9548.18198400    0.99635705961
  9551.91351000    0.99615778175
  9555.65722800    0.99746399798
  9559.41313800    0.99848384084
  9563.18123900    0.99856028285
  9566.96153300    0.99898466895
  9570.75401900    0.99864251912
  9574.55869600    0.99700653209
  9578.37556500    0.99691825935
  9582.20462700    0.99650723840
  9586.04588000    0.99635094591
  9589.89932500    0.99621674765
  9593.76496200    0.99683202906
  9597.64279100    0.99659308348
  9601.53281200    0.99613323394
  9605.43502500    0.99561675278
  9609.34942900    0.99555326572
  9613.27602600    0.99687076303
  9617.21481400    0.99785903520
  9621.16579500    0.99946970453
  9625.12896700    1.00097964452
  9629.10433100    1.00080364514
  9633.09188800    1.00054838713
  9637.09163600    1.00058478671
  9641.10357500    1.00110034749
  9645.12770700    1.00171859115
  9649.16403100    1.00286199023
  9653.21254700    1.00502260476
  9657.27325400    1.00497787029
  9661.34615400    1.00559561941
  9665.43124500    1.00644056445
  9669.52852900    1.00609935837
  9673.63800400    1.00605632447
  9677.75967100    1.00554801952
  9681.89353000    1.00499266443
  9686.03958100    1.00371703433
  9690.19782400    1.00196626038
  9694.36825800    1.00105717720
  9698.55088500    1.00023023879
  9702.74570400    0.99996212083
  9706.95271400    0.99927939111
  9711.17191600    0.99857970070
  9715.40331100    0.99811552531
  9719.64689700    0.99738809748
  9723.90267500    0.99832939767
  9728.17064500    0.99906314633
  9732.45080700    0.99868597313
  9736.74316100    0.99984205962
  9741.04770700    1.00010405807
  9745.36444400    0.99973610940
  9749.69337400    1.00121404002
  9754.03449500    1.00229394919
  9758.38780900    1.00279757700
  9762.75331400    1.00369569534
  9767.13101100    1.00530961930
  9771.52090000    1.00582072640
  9775.92298100    1.00450787135
  9780.33725400    1.00353039276
  9784.76371900    1.00160920050
  9789.20237600    0.99939340623
  9793.65322400    0.99835512871
  9798.11626500    0.99712081091
  9802.59149700    0.99627775431
  9807.07892200    0.99663533260
  9811.57853800    0.99771175700
  9816.09034600    0.99850550461
  9820.61434600    0.99830114054
  9825.15053800    0.99932385155
  9829.69892200    0.99852155219
  9834.25949800    0.99796697282
  9838.83226600    0.99783044122
  9843.41722600    0.99733903802
  9848.01437700    0.99657206291
  9852.62372100    0.99649066150
  9857.24525600    0.99639842523
  9861.87898300    0.99704735086
  9866.52490200    0.99732526594
  9871.18301300    0.99721361522
  9875.85331600    0.99789140896
  9880.53581100    0.99884186453
  9885.23049800    0.99994553876
  9889.93737700    1.00057787175
  9894.65644800    0.99970798068
  9899.38771000    0.99957893249
  9904.13116500    1.00038448573
  9908.88681100    1.00148555872
  9913.65464900    1.00151974150
  9918.43467900    1.00226971426
  9923.22690100    1.00275969388
  9928.03131500    1.00307358511
  9932.84792100    1.00507531368
  9937.67671900    1.00560153081
