#---------------------------------
#  energy flat
  8794.00000000    0.00492857725
  8799.00000000    0.00397658798
  8804.00000000    0.00294991818
  8809.00000000    0.00003128733
  8814.00000000   -0.00196163342
  8819.00000000   -0.00282433435
  8824.00000000   -0.00398903999
  8829.00000000   -0.00346629429
  8834.00000000   -0.00279221796
  8839.00000000   -0.00167169989
  8844.00000000   -0.00124612092
  8849.00000000   -0.00034898785
  8854.00000000    0.00077267916
  8859.00000000    0.00172118586
  8864.00000000    0.00223687384
  8869.00000000    0.00218137900
  8874.00000000    0.00160049442
  8879.00000000    0.00200473610
  8884.00000000    0.00315955798
  8889.00000000    0.00303447074
  8894.00000000    0.00318726067
  8899.00000000    0.00128576200
  8904.00000000   -0.00069435638
  8909.00000000   -0.00227497504
  8914.00000000   -0.00377680986
  8919.00000000   -0.00328114610
  8924.00000000   -0.00163179150
  8929.00000000   -0.00036749292
  8934.00000000    0.00184533026
  8939.00000000    0.00421834724
  8944.00000000    0.00653720033
  8949.00000000    0.00793034332
  8953.00000000    0.00950633405
  8956.00000000    0.01071581937
  8958.00000000    0.01132474563
  8959.00000000    0.01162412064
  8959.20000000    0.01236501628
  8959.40000000    0.01196075599
  8959.60000000    0.01203346619
  8959.80000000    0.01209468708
  8960.00000000    0.01258101244
  8960.20000000    0.01277829958
  8960.40000000    0.01348604035
  8960.60000000    0.01375603842
  8960.80000000    0.01355628784
  8961.00000000    0.01353051825
  8961.20000000    0.01364065077
  8961.40000000    0.01360076574
  8961.60000000    0.01412845261
  8961.80000000    0.01383908542
  8962.00000000    0.01382020941
  8962.20000000    0.01363588734
  8962.40000000    0.01392837162
  8962.60000000    0.01411597492
  8962.80000000    0.01448461692
  8963.00000000    0.01473754515
  8963.20000000    0.01513556696
  8963.40000000    0.01563600775
  8963.60000000    0.01572808565
  8963.80000000    0.01630665375
  8964.00000000    0.01648096227
  8964.20000000    0.01657320430
  8964.40000000    0.01675095962
  8964.60000000    0.01632667511
  8964.80000000    0.01704935198
  8965.00000000    0.01693199617
  8965.20000000    0.01687143038
  8965.40000000    0.01713601206
  8965.60000000    0.01707298427
  8965.80000000    0.01743210655
  8966.00000000    0.01793074188
  8966.20000000    0.01834452045
  8966.40000000    0.01882723488
  8966.60000000    0.01947441057
  8966.80000000    0.01971929629
  8967.00000000    0.02017460051
  8967.20000000    0.02054750996
  8967.40000000    0.02085525862
  8967.60000000    0.02133419799
  8967.80000000    0.02187928296
  8968.00000000    0.02234755368
  8968.20000000    0.02215994895
  8968.40000000    0.02280958664
  8968.60000000    0.02259063251
  8968.80000000    0.02255173227
  8969.00000000    0.02256798072
  8969.20000000    0.02254910471
  8969.40000000    0.02365224187
  8969.60000000    0.02352027822
  8969.80000000    0.02463277096
  8970.00000000    0.02560460173
  8970.20000000    0.02624275010
  8970.40000000    0.02651750803
  8970.60000000    0.02629346577
  8970.80000000    0.02670264862
  8971.00000000    0.02670149897
  8971.20000000    0.02767464280
  8971.40000000    0.02870474077
  8971.60000000    0.02971793305
  8971.80000000    0.03034574105
  8972.00000000    0.03090888065
  8972.20000000    0.03172724706
  8972.40000000    0.03194636389
  8972.60000000    0.03289062031
  8972.80000000    0.03389593420
  8973.00000000    0.03569433874
  8973.20000000    0.03744744257
  8973.40000000    0.03841352868
  8973.60000000    0.03937337773
  8973.80000000    0.04040626597
  8974.00000000    0.04122085732
  8974.20000000    0.04263716024
  8974.40000000    0.04407348738
  8974.60000000    0.04557152853
  8974.80000000    0.04741736750
  8975.00000000    0.04841907047
  8975.20000000    0.05039785717
  8975.40000000    0.05188375248
  8975.60000000    0.05431636692
  8975.80000000    0.05637131133
  8976.00000000    0.05874336070
  8976.20000000    0.06159435015
  8976.40000000    0.06493002434
  8976.60000000    0.06892567731
  8976.80000000    0.07282531248
  8977.00000000    0.07718911576
  8977.20000000    0.08295083979
  8977.40000000    0.08888326213
  8977.60000000    0.09623871756
  8977.80000000    0.10526832957
  8978.00000000    0.11603200669
  8978.20000000    0.12918053626
  8978.40000000    0.14416604234
  8978.60000000    0.16254138722
  8978.80000000    0.18459642976
  8979.00000000    0.21088003072
  8979.20000000    0.24236369330
  8979.40000000    0.27998330386
  8979.60000000    0.32332770923
  8979.80000000    0.37163401924
  8980.00000000    0.42354452575
  8980.20000000    0.47692087386
  8980.40000000    0.52895020331
  8980.60000000    0.57755065116
  8980.80000000    0.61833576307
  8981.00000000    0.64994372757
  8981.20000000    0.66977582691
  8981.40000000    0.67848235604
  8981.60000000    0.67709636806
  8981.80000000    0.66720913238
  8982.00000000    0.65282926920
  8982.20000000    0.63530939858
  8982.40000000    0.61757158026
  8982.60000000    0.60025297855
  8982.80000000    0.58528724430
  8983.00000000    0.57354854988
  8983.20000000    0.56528769049
  8983.40000000    0.56067585687
  8983.60000000    0.55962408894
  8983.80000000    0.56160371433
  8984.00000000    0.56550765597
  8984.20000000    0.57233745342
  8984.40000000    0.58120793744
  8984.60000000    0.59079701674
  8984.80000000    0.60192207366
  8985.00000000    0.61286283026
  8985.20000000    0.62335995640
  8985.40000000    0.63380211904
  8985.60000000    0.64406244338
  8985.80000000    0.65453287902
  8986.00000000    0.66477519087
  8986.20000000    0.67572493702
  8986.40000000    0.68597188676
  8986.60000000    0.69739240854
  8986.80000000    0.70839933627
  8987.00000000    0.71954136656
  8987.20000000    0.73083901605
  8987.40000000    0.74245773083
  8987.60000000    0.75423206482
  8987.80000000    0.76549120647
  8988.00000000    0.77751194639
  8988.20000000    0.79012079599
  8988.40000000    0.80275986724
  8988.60000000    0.81501866350
  8988.80000000    0.82724317716
  8989.00000000    0.83837573517
  8989.20000000    0.85064772565
  8989.40000000    0.86408623055
  8989.60000000    0.87781592860
  8989.80000000    0.89249794753
  8990.00000000    0.90714748935
  8990.20000000    0.92284159481
  8990.40000000    0.93866325284
  8990.60000000    0.95443142478
  8990.80000000    0.97048553765
  8991.00000000    0.98680294112
  8991.20000000    1.00299890745
  8991.40000000    1.01806959922
  8991.60000000    1.03222674803
  8991.80000000    1.04541881611
  8992.00000000    1.05767436262
  8992.20000000    1.06912436568
  8992.40000000    1.07901545485
  8992.60000000    1.08745169046
  8992.80000000    1.09415732909
  8993.00000000    1.10018413497
  8993.20000000    1.10576878791
  8993.40000000    1.11110299526
  8993.60000000    1.11615294562
  8993.80000000    1.12030904905
  8994.00000000    1.12373642334
  8994.20000000    1.12657556636
  8994.40000000    1.13004336015
  8994.60000000    1.13373242663
  8994.80000000    1.13783348834
  8995.00000000    1.14059655927
  8995.20000000    1.14327101980
  8995.40000000    1.14527780873
  8995.60000000    1.14539118083
  8995.80000000    1.14496030937
  8996.00000000    1.14190037700
  8996.20000000    1.13892909790
  8996.40000000    1.13473964517
  8996.60000000    1.12972528146
  8996.80000000    1.12372778258
  8997.00000000    1.11694771906
  8997.20000000    1.11119317999
  8997.40000000    1.10418337327
  8997.60000000    1.09712336335
  8997.80000000    1.09057350031
  8998.00000000    1.08390154383
  8998.20000000    1.07704512340
  8998.40000000    1.07021170312
  8998.60000000    1.06337863265
  8998.80000000    1.05665030058
  8999.00000000    1.05081717144
  8999.20000000    1.04493318263
  8999.40000000    1.03962499394
  8999.60000000    1.03475243581
  8999.80000000    1.02916559246
  9000.00000000    1.02388110368
  9000.20000000    1.01924660317
  9000.40000000    1.01492266389
  9000.60000000    1.01104978370
  9000.80000000    1.00715197692
  9001.00000000    1.00356571618
  9001.20000000    1.00126332539
  9001.40000000    0.99929053529
  9001.60000000    0.99868499470
  9001.80000000    0.99840150471
  9002.00000000    0.99728719514
  9002.20000000    0.99663773189
  9002.40000000    0.99494801537
  9002.60000000    0.99336008299
  9002.80000000    0.99216773282
  9003.00000000    0.99082768463
  9003.20000000    0.99001780773
  9003.40000000    0.99025118187
  9003.60000000    0.99117327977
  9003.80000000    0.99164698804
  9004.00000000    0.99291183908
  9004.20000000    0.99417047480
  9004.40000000    0.99546458499
  9004.60000000    0.99724389406
  9004.80000000    0.99841855891
  9005.00000000    0.99961622414
  9005.20000000    1.00038092829
  9005.40000000    1.00171716530
  9005.60000000    1.00282823362
  9005.80000000    1.00464017161
  9006.00000000    1.00609103880
  9006.20000000    1.00740307127
  9006.40000000    1.00853425098
  9006.60000000    1.00948851712
  9006.80000000    1.01041555900
  9007.00000000    1.01210584113
  9007.20000000    1.01390414461
  9007.40000000    1.01565355828
  9007.60000000    1.01687284421
  9007.80000000    1.01813679616
  9008.00000000    1.01930163363
  9008.20000000    1.02085680122
  9008.40000000    1.02222652039
  9008.60000000    1.02356376310
  9008.80000000    1.02467255455
  9009.00000000    1.02634335926
  9009.22786000    1.02764567377
  9009.48358100    1.02868849058
  9009.76716200    1.03023635515
  9010.07860400    1.03105073064
  9010.41790500    1.03168607707
  9010.78506700    1.03266205061
  9011.18009000    1.03240266310
  9011.60297300    1.03142922131
  9012.05371600    1.02914627020
  9012.53231900    1.02815468201
  9013.03878300    1.02746935032
  9013.57310700    1.02668587702
  9014.13529200    1.02531779438
  9014.72533700    1.02263900625
  9015.34324200    1.01777700894
  9015.98900800    1.01113296992
  9016.66263400    1.00318750282
  9017.36412000    0.99453447213
  9018.09346700    0.98632086967
  9018.85067400    0.97824669654
  9019.63574100    0.96984650691
  9020.44866900    0.96340309697
  9021.28945700    0.95704506258
  9022.15810600    0.95234943075
  9023.05461400    0.94769067352
  9023.97898300    0.94326972738
  9024.93121300    0.94003499631
  9025.91130300    0.93707788718
  9026.91925300    0.93506646758
  9027.95506400    0.93496522845
  9029.01873400    0.93571950467
  9030.11026600    0.93618106559
  9031.23272300    0.93825727669
  9032.36737300    0.94241458024
  9033.51421400    0.94779623051
  9034.67324800    0.95480470155
  9035.84447300    0.96204193758
  9037.02789000    0.96888753858
  9038.22349900    0.97660601040
  9039.43130000    0.98332232317
  9040.65129300    0.99038042364
  9041.88347800    0.99750065525
  9043.12785500    1.00483273363
  9044.38442300    1.01185507295
  9045.65318400    1.01669296855
  9046.93413600    1.01940521165
  9048.22728000    1.02001677568
  9049.53261700    1.01948655112
  9050.85014500    1.01821177220
  9052.17986500    1.01706368293
  9053.52177700    1.01632954453
  9054.87588100    1.01575465139
  9056.24217700    1.01544998645
  9057.62066400    1.01471079412
  9059.01134400    1.01412108473
  9060.41421500    1.01388179132
  9061.82927900    1.01363086212
  9063.25653400    1.01314150006
  9064.69598100    1.01250531972
  9066.14762000    1.01188123263
  9067.61145200    1.01199637682
  9069.08747500    1.01241353767
  9070.57568900    1.01257141185
  9072.07609600    1.01359860520
  9073.58869500    1.01424445845
  9075.11348500    1.01496299788
  9076.65046800    1.01551428908
  9078.19964200    1.01508492594
  9079.76100900    1.01427993115
  9081.33456700    1.01345255636
  9082.92031700    1.01199521231
  9084.51825900    1.01069445776
  9086.12839300    1.00850348611
  9087.75071900    1.00509636307
  9089.38523700    1.00271550770
  9091.03194600    1.00022318643
  9092.69084800    0.99651218806
  9094.36194200    0.99302888931
  9096.04522700    0.98917588295
  9097.74070400    0.98523452562
  9099.44837400    0.98166507906
  9101.16823500    0.97876302219
  9102.90028800    0.97738155142
  9104.64453300    0.97691800581
  9106.40097000    0.97762387265
  9108.16959800    0.97940432088
  9109.95041900    0.98188614347
  9111.74343200    0.98458190344
  9113.54863600    0.98690732546
  9115.36603200    0.98882797543
  9117.19562100    0.99048504166
  9119.03740100    0.99196719648
  9120.89137300    0.99260579611
  9122.75753700    0.99381439019
  9124.63589300    0.99495027021
  9126.52644100    0.99517475288
  9128.42918100    0.99652509333
  9130.34411200    0.99780086134
  9132.27123600    0.99921152264
  9134.21055200    1.00031822411
  9136.16205900    1.00131533770
  9138.12575800    1.00205681917
  9140.10164900    1.00297043535
  9142.08973300    1.00381494477
  9144.09000800    1.00485103105
  9146.10247500    1.00515104836
  9148.12713300    1.00464051842
  9150.16398400    1.00434202132
  9152.21302700    1.00395555980
  9154.27426100    1.00286698592
  9156.34768800    1.00186055825
  9158.43330600    1.00209969106
  9160.53111700    1.00222506565
  9162.64111900    1.00187562861
  9164.76331300    1.00207035014
  9166.89769900    1.00280992124
  9169.04427700    1.00254496065
  9171.20304700    1.00309967649
  9173.37400800    1.00320010428
  9175.55716200    1.00236076777
  9177.75250800    1.00257394852
  9179.96004500    1.00229256388
  9182.17977500    1.00196997734
  9184.41169600    1.00176412126
  9186.65580900    1.00054480540
  9188.91211400    0.99884418029
  9191.18061100    0.99768416891
  9193.46130000    0.99692758657
  9195.75418100    0.99667786711
  9198.05925400    0.99706733131
  9200.37651800    0.99772375674
  9202.70597500    0.99818431268
  9205.04762300    0.99846511645
  9207.40146400    0.99879072522
  9209.76749600    0.99875576165
  9212.14572000    0.99891567599
  9214.53613600    0.99944119223
  9216.93874400    0.99961671554
  9219.35354400    0.99972326597
  9221.78053600    0.99907413474
  9224.21972000    0.99878150997
  9226.67109600    0.99892649559
  9229.13466300    0.99899439406
  9231.61042300    0.99830800903
  9234.09837400    0.99861800710
  9236.59851700    0.99939589686
  9239.11085200    0.99947668039
  9241.63538000    0.99973126244
  9244.17209900    0.99984157373
  9246.72100900    1.00022977961
  9249.28211200    1.00154881122
  9251.85540700    1.00328363460
  9254.44089400    1.00435853431
  9257.03857200    1.00529316864
  9259.64844300    1.00549141239
  9262.27050500    1.00560948235
  9264.90475900    1.00556105016
  9267.55120500    1.00559002395
  9270.20984400    1.00558939218
  9272.88067400    1.00597803039
  9275.56369600    1.00681699665
  9278.25890900    1.00745370155
  9280.96631500    1.00760747341
  9283.68591300    1.00768864535
  9286.41770200    1.00790303929
  9289.16168400    1.00816989318
  9291.91785700    1.00829848271
  9294.68622200    1.00817850088
  9297.46678000    1.00857249838
  9300.25952900    1.00856854569
  9303.06447000    1.00836949664
  9305.88160200    1.00795662797
  9308.71092700    1.00761124352
  9311.55244400    1.00782244394
  9314.40615300    1.00783125866
  9317.27205300    1.00737571199
  9320.15014600    1.00689959196
  9323.04043000    1.00693335516
  9325.94290600    1.00603916702
  9328.85757400    1.00459713004
  9331.78443500    1.00455743881
  9334.72348700    1.00392486296
  9337.67473000    1.00308868998
  9340.63816600    1.00304943221
  9343.61379400    1.00296078142
  9346.60161400    1.00298420158
  9349.60162500    1.00328509548
  9352.61382900    1.00304504410
  9355.63822400    1.00300259976
  9358.67481100    1.00329951848
  9361.72359000    1.00277729409
  9364.78456100    1.00259136478
  9367.85772400    1.00192461566
  9370.94307900    1.00115514553
  9374.04062600    1.00022380008
  9377.15036500    0.99876514994
  9380.27229500    0.99768087158
  9383.40641800    0.99795272920
  9386.55273200    0.99863261643
  9389.71123900    0.99884693187
  9392.88193700    0.99961781534
  9396.06482700    0.99993181980
  9399.25990900    1.00005803222
  9402.46718300    1.00135931849
  9405.68664900    1.00164637476
  9408.91830700    1.00135930430
  9412.16215700    1.00086007953
  9415.41819800    0.99971298495
  9418.68643200    0.99921455484
  9421.96685700    0.99905085500
  9425.25947400    0.99879107856
  9428.56428400    0.99850042464
  9431.88128500    0.99832845899
  9435.21047800    0.99844935708
  9438.55186300    0.99857181117
  9441.90544000    0.99890084754
  9445.27120900    0.99893538806
  9448.64916900    0.99926682159
  9452.03932200    0.99926833132
  9455.44166600    0.99902478487
  9458.85620300    0.99812075972
  9462.28293100    0.99779299973
  9465.72185100    0.99703125715
  9469.17296400    0.99608024032
  9472.63626800    0.99513738865
  9476.11176400    0.99453636082
  9479.59945100    0.99332007269
  9483.09933100    0.99332891166
  9486.61140300    0.99402924647
  9490.13566600    0.99462187341
  9493.67212200    0.99555925545
  9497.22076900    0.99679620713
  9500.78160900    0.99794449126
  9504.35464000    0.99801317692
  9507.93986300    0.99825961509
  9511.53727800    0.99824237651
  9515.14688500    0.99671741567
  9518.76868400    0.99511670548
  9522.40267500    0.99376300198
  9526.04885700    0.99276174506
  9529.70723200    0.99180277733
  9533.37779900    0.99137132982
  9537.06055700    0.99137881815
  9540.75550700    0.99190800207
  9544.46265000    0.99271730787
  9548.18198400    0.99444754037
  9551.91351000    0.99659417119
  9555.65722800    0.99814812230
  9559.41313800    0.99961656919
  9563.18123900    0.99982103645
  9566.96153300    0.99974630800
  9570.75401900    0.99860748469
  9574.55869600    0.99643999666
  9578.37556500    0.99516580689
  9582.20462700    0.99413621966
  9586.04588000    0.99355931203
  9589.89932500    0.99322821858
  9593.76496200    0.99417330250
  9597.64279100    0.99492976900
  9601.53281200    0.99541284529
  9605.43502500    0.99646575815
  9609.34942900    0.99696607122
  9613.27602600    0.99668684276
  9617.21481400    0.99662260858
  9621.16579500    0.99681132000
  9625.12896700    0.99596801594
  9629.10433100    0.99544533708
  9633.09188800    0.99511477864
  9637.09163600    0.99412006728
  9641.10357500    0.99457244046
  9645.12770700    0.99503390974
  9649.16403100    0.99569435451
  9653.21254700    0.99811382437
  9657.27325400    1.00033597578
  9661.34615400    1.00192366351
  9665.43124500    1.00320886802
  9669.52852900    1.00457016441
  9673.63800400    1.00521881209
  9677.75967100    1.00469858664
  9681.89353000    1.00364900693
  9686.03958100    1.00328142021
  9690.19782400    1.00313070817
  9694.36825800    1.00226888842
  9698.55088500    1.00257988702
  9702.74570400    1.00237838897
  9706.95271400    1.00253855756
  9711.17191600    1.00316245814
  9715.40331100    1.00359549093
  9719.64689700    1.00407101025
  9723.90267500    1.00455776901
  9728.17064500    1.00573553401
  9732.45080700    1.00649533806
  9736.74316100    1.00635321965
  9741.04770700    1.00645504497
  9745.36444400    1.00560941559
  9749.69337400    1.00477045941
  9754.03449500    1.00382674875
  9758.38780900    1.00315430808
  9762.75331400    1.00402105610
  9767.13101100    1.00434723403
  9771.52090000    1.00459975891
  9775.92298100    1.00515558861
  9780.33725400    1.00526965344
  9784.76371900    1.00487178397
  9789.20237600    1.00394431854
  9793.65322400    1.00343731109
  9798.11626500    1.00296704853
  9802.59149700    1.00231952552
  9807.07892200    1.00175735388
  9811.57853800    1.00302952778
  9816.09034600    1.00413425104
  9820.61434600    1.00431154410
  9825.15053800    1.00474211974
  9829.69892200    1.00422805890
  9834.25949800    1.00363031022
  9838.83226600    1.00282664887
  9843.41722600    1.00112036756
  9848.01437700    1.00047271401
  9852.62372100    1.00054278167
  9857.24525600    0.99953412495
  9861.87898300    0.99797177009
  9866.52490200    0.99712228068
  9871.18301300    0.99696507119
  9875.85331600    0.99587661477
  9880.53581100    0.99553703498
  9885.23049800    0.99533776602
  9889.93737700    0.99537632319
  9894.65644800    0.99723002567
  9899.38771000    0.99897160805
  9904.13116500    0.99877947899
  9908.88681100    0.99898361784
  9913.65464900    0.99917098526
  9918.43467900    0.99781898517
  9923.22690100    0.99659837248
  9928.03131500    0.99454259237
  9932.84792100    0.99293434756
  9937.67671900    0.99045513983
