#---------------------------------
#  energy flat
  10182.0000000    0.00183470039
  10187.0000000    0.00134757580
  10192.0000000    0.00128639401
  10197.0000000    0.00134972310
  10202.0000000    0.00111103248
  10207.0000000    0.00106826772
  10212.0000000    0.00091098430
  10217.0000000    0.00076124403
  10222.0000000    0.00073023482
  10227.0000000    0.00040661035
  10232.0000000    0.00021562768
  10237.0000000    0.00035958026
  10242.0000000   -0.00012480137
  10247.0000000   -0.00003854896
  10252.0000000   -0.00054614781
  10257.0000000   -0.00041963263
  10262.0000000   -0.00060444363
  10267.0000000   -0.00063721618
  10272.0000000   -0.00043673899
  10277.0000000   -0.00042356692
  10282.0000000   -0.00047211150
  10287.0000000   -0.00068454805
  10292.0000000   -0.00040677811
  10297.0000000   -0.00056053487
  10302.0000000   -0.00019224719
  10307.0000000    0.00020180473
  10312.0000000    0.00091139524
  10317.0000000    0.00196081913
  10322.0000000    0.00374555275
  10327.0000000    0.00525657795
  10332.0000000    0.00676054982
  10337.0000000    0.00859005250
  10341.0000000    0.01051382568
  10344.0000000    0.01244105775
  10346.0000000    0.01433070223
  10347.0000000    0.01581735741
  10347.2000000    0.01685164394
  10347.4000000    0.01715963335
  10347.6000000    0.01767442248
  10347.8000000    0.01786368082
  10348.0000000    0.01829490758
  10348.2000000    0.01846907963
  10348.4000000    0.01881527457
  10348.6000000    0.01909838139
  10348.8000000    0.01944702541
  10349.0000000    0.02000864083
  10349.2000000    0.02033681059
  10349.4000000    0.02043623693
  10349.6000000    0.02081485760
  10349.8000000    0.02104506444
  10350.0000000    0.02100695082
  10350.2000000    0.02130240097
  10350.4000000    0.02167073554
  10350.6000000    0.02228338964
  10350.8000000    0.02273489473
  10351.0000000    0.02326574978
  10351.2000000    0.02338163389
  10351.4000000    0.02365856905
  10351.6000000    0.02400956417
  10351.8000000    0.02489837576
  10352.0000000    0.02511134113
  10352.2000000    0.02563416322
  10352.4000000    0.02610144034
  10352.6000000    0.02663347096
  10352.8000000    0.02692059426
  10353.0000000    0.02720272145
  10353.2000000    0.02790530551
  10353.4000000    0.02831801728
  10353.6000000    0.02884495383
  10353.8000000    0.02925041634
  10354.0000000    0.03023043141
  10354.2000000    0.03051814249
  10354.4000000    0.03115910788
  10354.6000000    0.03115978758
  10354.8000000    0.03169867560
  10355.0000000    0.03256084127
  10355.2000000    0.03344034638
  10355.4000000    0.03418162580
  10355.6000000    0.03495366559
  10355.8000000    0.03561471337
  10356.0000000    0.03609198271
  10356.2000000    0.03701067299
  10356.4000000    0.03807856081
  10356.6000000    0.03870875027
  10356.8000000    0.03957894891
  10357.0000000    0.04044816791
  10357.2000000    0.04129808822
  10357.4000000    0.04221521109
  10357.6000000    0.04311440675
  10357.8000000    0.04411489607
  10358.0000000    0.04499851563
  10358.2000000    0.04598411458
  10358.4000000    0.04675762381
  10358.6000000    0.04805895728
  10358.8000000    0.04884608335
  10359.0000000    0.05020580272
  10359.2000000    0.05146873472
  10359.4000000    0.05281444540
  10359.6000000    0.05420570883
  10359.8000000    0.05549313156
  10360.0000000    0.05686979852
  10360.2000000    0.05817387495
  10360.4000000    0.05954133340
  10360.6000000    0.06081621687
  10360.8000000    0.06228839768
  10361.0000000    0.06417574537
  10361.2000000    0.06616967673
  10361.4000000    0.06816840826
  10361.6000000    0.07008357742
  10361.8000000    0.07217831263
  10362.0000000    0.07423307895
  10362.2000000    0.07616353033
  10362.4000000    0.07824709776
  10362.6000000    0.08052864826
  10362.8000000    0.08335203171
  10363.0000000    0.08640112173
  10363.2000000    0.08929219756
  10363.4000000    0.09217347709
  10363.6000000    0.09539625538
  10363.8000000    0.09867830124
  10364.0000000    0.10219673164
  10364.2000000    0.10608977227
  10364.4000000    0.10977640501
  10364.6000000    0.11403817809
  10364.8000000    0.11839213429
  10365.0000000    0.12277734065
  10365.2000000    0.12800159948
  10365.4000000    0.13329100365
  10365.6000000    0.13923274294
  10365.8000000    0.14586982308
  10366.0000000    0.15281597625
  10366.2000000    0.16044512693
  10366.4000000    0.16885690343
  10366.6000000    0.17814956256
  10366.8000000    0.18835445244
  10367.0000000    0.19983442777
  10367.2000000    0.21199563729
  10367.4000000    0.22579321951
  10367.6000000    0.24143230881
  10367.8000000    0.25875773191
  10368.0000000    0.27837705487
  10368.2000000    0.30001382633
  10368.4000000    0.32453423446
  10368.6000000    0.35127036805
  10368.8000000    0.38066697877
  10369.0000000    0.41217400480
  10369.2000000    0.44679654575
  10369.4000000    0.48345387462
  10369.6000000    0.52290255910
  10369.8000000    0.56570784527
  10370.0000000    0.61111845544
  10370.2000000    0.66048167373
  10370.4000000    0.71327966812
  10370.6000000    0.76959962561
  10370.8000000    0.83016608001
  10371.0000000    0.89721304583
  10371.2000000    0.96360618629
  10371.4000000    1.00980248525
  10371.6000000    1.06600273683
  10371.8000000    1.12751490847
  10372.0000000    1.18561990775
  10372.2000000    1.23952090387
  10372.4000000    1.28839187326
  10372.6000000    1.33076004098
  10372.8000000    1.36633112614
  10373.0000000    1.39717097065
  10373.2000000    1.42352075901
  10373.4000000    1.44572649594
  10373.6000000    1.46440495582
  10373.8000000    1.48023815623
  10374.0000000    1.49334521984
  10374.2000000    1.50390718186
  10374.4000000    1.51302161869
  10374.6000000    1.52059272222
  10374.8000000    1.52749334197
  10375.0000000    1.53341313106
  10375.2000000    1.53924942967
  10375.4000000    1.54494032493
  10375.6000000    1.55067370949
  10375.8000000    1.55585867067
  10376.0000000    1.55992878662
  10376.2000000    1.56364424936
  10376.4000000    1.56572781802
  10376.6000000    1.56604097277
  10376.8000000    1.56433606301
  10377.0000000    1.55999200359
  10377.2000000    1.55373881393
  10377.4000000    1.54517856837
  10377.6000000    1.53459673065
  10377.8000000    1.52178444355
  10378.0000000    1.50714453025
  10378.2000000    1.49150693252
  10378.4000000    1.47484265300
  10378.6000000    1.45758018133
  10378.8000000    1.43944718019
  10379.0000000    1.42081845562
  10379.2000000    1.40286290089
  10379.4000000    1.38549999027
  10379.6000000    1.36865527157
  10379.8000000    1.35258403607
  10380.0000000    1.33757213918
  10380.2000000    1.32339975193
  10380.4000000    1.31018834802
  10380.6000000    1.29787542689
  10380.8000000    1.28598645584
  10381.0000000    1.27464584756
  10381.2000000    1.26439181005
  10381.4000000    1.25462069552
  10381.6000000    1.24541420478
  10381.8000000    1.23669984507
  10382.0000000    1.22795664918
  10382.2000000    1.21963250346
  10382.4000000    1.21117724774
  10382.6000000    1.20279072621
  10382.8000000    1.19435734233
  10383.0000000    1.18613983243
  10383.2000000    1.17815641733
  10383.4000000    1.17022390610
  10383.6000000    1.16226823847
  10383.8000000    1.15456429825
  10384.0000000    1.14724080837
  10384.2000000    1.14018276015
  10384.4000000    1.13320010519
  10384.6000000    1.12674131759
  10384.8000000    1.12066043227
  10385.0000000    1.11451524433
  10385.2000000    1.10849168715
  10385.4000000    1.10280527892
  10385.6000000    1.09711393283
  10385.8000000    1.09197584138
  10386.0000000    1.08724425582
  10386.2000000    1.08283042151
  10386.4000000    1.07902019399
  10386.6000000    1.07547442540
  10386.8000000    1.07184515109
  10387.0000000    1.06837982520
  10387.2000000    1.06577770684
  10387.4000000    1.06311853201
  10387.6000000    1.06085802393
  10387.8000000    1.05929849606
  10388.0000000    1.05760432426
  10388.2000000    1.05619243856
  10388.4000000    1.05509124791
  10388.6000000    1.05389479370
  10388.8000000    1.05293967628
  10389.0000000    1.05212754060
  10389.2000000    1.05132848759
  10389.4000000    1.05060325406
  10389.6000000    1.04975767711
  10389.8000000    1.04906350568
  10390.0000000    1.04831442963
  10390.2000000    1.04736036951
  10390.4000000    1.04659396035
  10390.6000000    1.04614039869
  10390.8000000    1.04568150052
  10391.0000000    1.04518474200
  10391.2000000    1.04483919128
  10391.4000000    1.04430021455
  10391.6000000    1.04358603262
  10391.8000000    1.04323524543
  10392.0000000    1.04303899580
  10392.2000000    1.04293909344
  10392.4000000    1.04291535770
  10392.6000000    1.04257946336
  10392.8000000    1.04256346695
  10393.0000000    1.04249667644
  10393.2000000    1.04241239903
  10393.4000000    1.04265487613
  10393.6000000    1.04286830622
  10393.8000000    1.04310010300
  10394.0000000    1.04347781406
  10394.2000000    1.04361938362
  10394.4000000    1.04362571332
  10394.6000000    1.04388316860
  10394.8000000    1.04420091751
  10395.0000000    1.04450940605
  10395.2000000    1.04426670314
  10395.4000000    1.04404020967
  10395.6000000    1.04351722785
  10395.8000000    1.04258216108
  10396.0000000    1.04131553468
  10396.2000000    1.03970951136
  10396.4000000    1.03782443598
  10396.6000000    1.03547672583
  10396.8000000    1.03257233620
  10397.0000000    1.02879269141
  10397.2278600    1.02422924603
  10397.4835810    1.01903889894
  10397.7671620    1.01149023885
  10398.0786040    1.00430859506
  10398.4179050    0.99699379435
  10398.7850670    0.98773316785
  10399.1800900    0.97770703263
  10399.6029730    0.96783161804
  10400.0537160    0.95702884108
  10400.5323190    0.94260366112
  10401.0387830    0.93042399334
  10401.5731070    0.92067357376
  10402.1352920    0.91184354933
  10402.7253370    0.90525014303
  10403.3432420    0.89991530197
  10403.9890080    0.89668858508
  10404.6626340    0.89510099081
  10405.3641200    0.89551014402
  10406.0934670    0.89744648532
  10406.8506740    0.90082840844
  10407.6357410    0.90490405903
  10408.4486690    0.91034480224
  10409.2894570    0.91715704979
  10410.1581060    0.92525102575
  10411.0546140    0.93174796959
  10411.9789830    0.94167532467
  10412.9312130    0.95491162055
  10413.9113030    0.96933617512
  10414.9192530    0.98476034314
  10415.9550640    1.00062323183
  10417.0187340    1.01606380796
  10418.1102660    1.02951688519
  10419.2327230    1.04103142977
  10420.3673730    1.05110391654
  10421.5142140    1.05927243506
  10422.6732480    1.06534975715
  10423.8444730    1.07001151903
  10425.0278900    1.07316689062
  10426.2234990    1.07529224927
  10427.4313000    1.07663042884
  10428.6512930    1.07759256396
  10429.8834780    1.07836976465
  10431.1278550    1.07932673124
  10432.3844230    1.08011029352
  10433.6531840    1.08037844423
  10434.9341360    1.08017496023
  10436.2272800    1.07905223162
  10437.5326170    1.07712946169
  10438.8501450    1.07405544002
  10440.1798650    1.07036355649
  10441.5217770    1.06630056247
  10442.8758810    1.06207186845
  10444.2421770    1.05749416746
  10445.6206640    1.05267431948
  10447.0113440    1.04801071699
  10448.4142150    1.04334219330
  10449.8292790    1.03848171273
  10451.2565340    1.03353358618
  10452.6959810    1.02874436132
  10454.1476200    1.02344717986
  10455.6114520    1.01860116962
  10457.0874750    1.01451459545
  10458.5756890    1.01085856726
  10460.0760960    1.00782966409
  10461.5886950    1.00537681714
  10463.1134850    1.00321031840
  10464.6504680    1.00125518898
  10466.1996420    0.99952893044
  10467.7610090    0.99780491385
  10469.3345670    0.99615725970
  10470.9203170    0.99489754473
  10472.5182590    0.99278600422
  10474.1283930    0.99230487464
  10475.7507190    0.98995203118
  10477.3852370    0.98822440029
  10479.0319460    0.98830463685
  10480.6908480    0.98767768109
  10482.3619420    0.98695427540
  10484.0452270    0.98626847208
  10485.7407040    0.98550235772
  10487.4483740    0.98534895341
  10489.1682350    0.98567035948
  10490.9002880    0.98593975707
  10492.6445330    0.98652100457
  10494.4009700    0.98795135166
  10496.1695980    0.98991870768
  10497.9504190    0.99229808466
  10499.7434320    0.99530638532
  10501.5486360    0.99873358680
  10503.3660320    1.00186064528
  10505.1956210    1.00507216393
  10507.0374010    1.00766594497
  10508.8913730    1.00995311242
  10510.7575370    1.01164936912
  10512.6358930    1.01315870167
  10514.5264410    1.01401400673
  10516.4291810    1.01418391607
  10518.3441120    1.01408298612
  10520.2712360    1.01430601785
  10522.2105520    1.01322326939
  10524.1620590    1.01120422202
  10526.1257580    1.00968751831
  10528.1016490    1.00802969375
  10530.0897330    1.00582983459
  10532.0900080    1.00360572220
  10534.1024750    1.00210220863
  10536.1271330    1.00040171253
  10538.1639840    0.99825749552
  10540.2130270    0.99674727602
  10542.2742610    0.99536784233
  10544.3476880    0.99386342952
  10546.4333060    0.99294908430
  10548.5311170    0.99205339569
  10550.6411190    0.99160515318
  10552.7633130    0.99122357289
  10554.8976990    0.99071732719
  10557.0442770    0.99053027517
  10559.2030470    0.99072989719
  10561.3740080    0.99028452542
  10563.5571620    0.99026163397
  10565.7525080    0.99037935276
  10567.9600450    0.99054644254
  10570.1797750    0.99007741303
  10572.4116960    0.98967764951
  10574.6558090    0.98930272135
  10576.9121140    0.98869835652
  10579.1806110    0.98811694196
  10581.4613000    0.98771661866
  10583.7541810    0.98712338753
  10586.0592540    0.98641054256
  10588.3765180    0.98541234329
  10590.7059750    0.98487292112
  10593.0476230    0.98420038627
  10595.4014640    0.98344861194
  10597.7674960    0.98302922907
  10600.1457200    0.98273120826
  10602.5361360    0.98241071757
  10604.9387440    0.98206008779
  10607.3535440    0.98207289984
  10609.7805360    0.98230530421
  10612.2197200    0.98324804927
  10614.6710960    0.98444947409
  10617.1346630    0.98534564691
  10619.6104230    0.98647667020
  10622.0983740    0.98748158006
  10624.5985170    0.98833051926
  10627.1108520    0.98915565588
  10629.6353800    0.98968907078
  10632.1720990    0.99050728097
  10634.7210090    0.99112526985
  10637.2821120    0.99160601826
  10639.8554070    0.99218295815
  10642.4408940    0.99251310091
  10645.0385720    0.99285592448
  10647.6484430    0.99269385703
  10650.2705050    0.99250501802
  10652.9047590    0.99264976772
  10655.5512050    0.99261404383
  10658.2098440    0.99243805158
  10660.8806740    0.99219118471
  10663.5636960    0.99215776003
  10666.2589090    0.99183877767
  10668.9663150    0.99137963030
  10671.6859130    0.99111144384
  10674.4177020    0.99096016361
  10677.1616840    0.99055333216
  10679.9178570    0.99002652403
  10682.6862220    0.99005841258
  10685.4667800    0.99005551884
  10688.2595290    0.99040026601
  10691.0644700    0.99110104751
  10693.8816020    0.99193407988
  10696.7109270    0.99326550496
  10699.5524440    0.99417951753
  10702.4061530    0.99479753768
  10705.2720530    0.99518102697
  10708.1501460    0.99558403492
  10711.0404300    0.99587267431
  10713.9429060    0.99638033398
  10716.8575740    0.99626366724
  10719.7844350    0.99633195595
  10722.7234870    0.99676438051
  10725.6747300    0.99703419416
  10728.6381660    0.99750140442
  10731.6137940    0.99801935091
  10734.6016140    0.99849465910
  10737.6016250    0.99868857331
  10740.6138290    0.99897322806
  10743.6382240    0.99936593313
  10746.6748110    0.99970256480
  10749.7235900    0.99990050019
  10752.7845610    1.00027836790
  10755.8577240    1.00093006500
  10758.9430790    1.00173122270
  10762.0406260    1.00235057004
  10765.1503650    1.00336808299
  10768.2722950    1.00402653972
  10771.4064180    1.00488670628
  10774.5527320    1.00543273386
  10777.7112390    1.00581295661
  10780.8819370    1.00614239936
  10784.0648270    1.00666323775
  10787.2599090    1.00725439779
  10790.4671830    1.00755028659
  10793.6866490    1.00779894773
  10796.9183070    1.00783031586
  10800.1621570    1.00802428641
  10803.4181980    1.00830522463
  10806.6864320    1.00855928632
  10809.9668570    1.00851902034
  10813.2594740    1.00852375418
  10816.5642840    1.00901508624
  10819.8812850    1.00926924702
  10823.2104780    1.00933735051
  10826.5518630    1.00947505561
  10829.9054400    1.00987434382
  10833.2712090    1.01051579090
  10836.6491690    1.01073713893
  10840.0393220    1.01009086224
  10843.4416660    1.01009888241
  10846.8562030    1.00994552718
  10850.2829310    1.00913017393
  10853.7218510    1.00843394525
  10857.1729640    1.00817773355
  10860.6362680    1.00840343394
  10864.1117640    1.00846935507
  10867.5994510    1.00851457120
  10871.0993310    1.00858391531
  10874.6114030    1.00888268586
  10878.1356660    1.00894141332
  10881.6721220    1.00877005869
  10885.2207690    1.00877376840
  10888.7816090    1.00865999663
  10892.3546400    1.00822182102
  10895.9398630    1.00756403759
  10899.5372780    1.00695034102
  10903.1468850    1.00682017409
  10906.7686840    1.00650286624
  10910.4026750    1.00582030761
  10914.0488570    1.00565023658
  10917.7072320    1.00568249492
  10921.3777990    1.00561829351
  10925.0605570    1.00545939754
  10928.7555070    1.00557944261
  10932.4626500    1.00558639078
  10936.1819840    1.00546203710
  10939.9135100    1.00464409405
  10943.6572280    1.00365237865
  10947.4131380    1.00284115624
  10951.1812390    1.00248985501
  10954.9615330    1.00177504149
  10958.7540190    1.00144520339
  10962.5586960    1.00174021204
  10966.3755650    1.00153649684
  10970.2046270    1.00096814290
  10974.0458800    1.00076995377
  10977.8993250    1.00092399228
  10981.7649620    1.00081279745
  10985.6427910    1.00050132694
  10989.5328120    0.99989996238
  10993.4350250    0.99933935592
  10997.3494290    0.99917211413
  11001.2760260    0.99884528279
  11005.2148140    0.99844679448
  11009.1657950    0.99837121431
  11013.1289670    0.99838557105
  11017.1043310    0.99865894329
  11021.0918880    0.99928655781
  11025.0916360    1.00008269859
  11029.1035750    1.00083579896
  11033.1277070    1.00079256969
  11037.1640310    1.00079026347
  11041.2125470    1.00079701964
  11045.2732540    1.00098906618
  11049.3461540    1.00073151134
  11053.4312450    1.00029015291
  11057.5285290    0.99932872173
  11061.6380040    0.99829741455
  11065.7596710    0.99765956994
  11069.8935300    0.99733465456
  11074.0395810    0.99649881022
  11078.1978240    0.99601609845
  11082.3682580    0.99563676189
  11086.5508850    0.99522763628
  11090.7457040    0.99493399004
  11094.9527140    0.99522301811
  11099.1719160    0.99515479543
  11103.4033110    0.99511250551
  11107.6468970    0.99514569424
  11111.9026750    0.99534859890
  11116.1706450    0.99518890949
  11120.4508070    0.99485319146
  11124.7431610    0.99427509413
  11129.0477070    0.99400310639
  11133.3644440    0.99380928930
  11137.6933740    0.99381036053
  11142.0344950    0.99390363031
  11146.3878090    0.99433596413
  11150.7533140    0.99461522605
  11155.1310110    0.99467211330
  11159.5209000    0.99442207069
  11163.9229810    0.99597768446
  11168.3372540    0.99600581167
  11172.7637190    0.99532931900
  11177.2023760    0.99689102184
  11181.6532240    0.99690841725
  11186.1162650    0.99665450696
  11190.5914970    0.99677262319
  11195.0789220    0.99701858437
  11199.5785380    0.99690157586
  11204.0903460    0.99661675180
  11208.6143460    0.99647822976
  11213.1505380    0.99637520039
  11217.6989220    0.99617553545
  11222.2594980    0.99555983918
  11226.8322660    0.99553732734
  11231.4172260    0.99577065644
  11236.0143770    0.99608200719
  11240.6237210    0.99642388891
  11245.2452560    0.99731155471
  11249.8789830    0.99783356503
  11254.5249020    0.99793138908
  11259.1830130    0.99888823974
  11263.8533160    0.99954888103
  11268.5358110    0.99984590224
  11273.2304980    1.00104795686
  11277.9373770    1.00238023837
  11282.6564480    1.00300000126
  11287.3877100    1.00386040539
  11292.1311650    1.00483059934
  11296.8868110    1.00572904012
  11301.6546490    1.00680899208
  11306.4346790    1.00809728186
  11311.2269010    1.00976910411
  11316.0313150    1.01070679199
  11320.8479210    1.01272691807
  11325.6767190    1.01491470772
