#---------------------------------
#  energy flat
  8794.00000000    0.00716379641
  8799.00000000    0.00611878869
  8804.00000000    0.00506318172
  8809.00000000    0.00190455801
  8814.00000000   -0.00121977399
  8819.00000000   -0.00292068850
  8824.00000000   -0.00400809323
  8829.00000000   -0.00400897049
  8834.00000000   -0.00333191113
  8839.00000000   -0.00200725811
  8844.00000000   -0.00168267591
  8849.00000000    0.00005139927
  8854.00000000    0.00127234586
  8859.00000000    0.00224659999
  8864.00000000    0.00312629216
  8869.00000000    0.00258797036
  8874.00000000    0.00182020589
  8879.00000000    0.00248271725
  8884.00000000    0.00360245135
  8889.00000000    0.00272495342
  8894.00000000    0.00233668381
  8899.00000000    0.00051252699
  8904.00000000   -0.00106763915
  8909.00000000   -0.00226062076
  8914.00000000   -0.00364709073
  8919.00000000   -0.00325870517
  8924.00000000   -0.00149927491
  8929.00000000   -0.00020829011
  8934.00000000    0.00155197147
  8939.00000000    0.00363249679
  8944.00000000    0.00425863816
  8949.00000000    0.00479853070
  8953.00000000    0.00648564584
  8956.00000000    0.00785022030
  8958.00000000    0.00875300899
  8959.00000000    0.00990852635
  8959.20000000    0.01039264025
  8959.40000000    0.01131153141
  8959.60000000    0.01138206657
  8959.80000000    0.01220265484
  8960.00000000    0.01184298498
  8960.20000000    0.01199104017
  8960.40000000    0.01204681951
  8960.60000000    0.01261032391
  8960.80000000    0.01315096717
  8961.00000000    0.01321256570
  8961.20000000    0.01346910738
  8961.40000000    0.01361612344
  8961.60000000    0.01323483941
  8961.80000000    0.01284420309
  8962.00000000    0.01326347450
  8962.20000000    0.01321658655
  8962.40000000    0.01437531181
  8962.60000000    0.01477380037
  8962.80000000    0.01532441940
  8963.00000000    0.01559343079
  8963.20000000    0.01555402467
  8963.40000000    0.01543024017
  8963.60000000    0.01534490394
  8963.80000000    0.01612205605
  8964.00000000    0.01690585868
  8964.20000000    0.01759198190
  8964.40000000    0.01774315452
  8964.60000000    0.01819110627
  8964.80000000    0.01852786975
  8965.00000000    0.01913481031
  8965.20000000    0.01924670335
  8965.40000000    0.01970982657
  8965.60000000    0.02019248568
  8965.80000000    0.02066932558
  8966.00000000    0.02164536958
  8966.20000000    0.02108722349
  8966.40000000    0.02118082761
  8966.60000000    0.02104083249
  8966.80000000    0.02084680195
  8967.00000000    0.02088159060
  8967.20000000    0.02127280516
  8967.40000000    0.02151957890
  8967.60000000    0.02166929673
  8967.80000000    0.02175791297
  8968.00000000    0.02178210237
  8968.20000000    0.02260934115
  8968.40000000    0.02262272347
  8968.60000000    0.02281359134
  8968.80000000    0.02321519733
  8969.00000000    0.02363218262
  8969.20000000    0.02366426951
  8969.40000000    0.02478953438
  8969.60000000    0.02537984866
  8969.80000000    0.02613476312
  8970.00000000    0.02673713145
  8970.20000000    0.02642567780
  8970.40000000    0.02734540027
  8970.60000000    0.02710647877
  8970.80000000    0.02796655446
  8971.00000000    0.02776462644
  8971.20000000    0.02876935077
  8971.40000000    0.02926156999
  8971.60000000    0.02955219555
  8971.80000000    0.03055899817
  8972.00000000    0.03109112046
  8972.20000000    0.03246993612
  8972.40000000    0.03346115160
  8972.60000000    0.03445693931
  8972.80000000    0.03642972887
  8973.00000000    0.03788544108
  8973.20000000    0.03872681220
  8973.40000000    0.03995141911
  8973.60000000    0.04102929908
  8973.80000000    0.04245300570
  8974.00000000    0.04389998911
  8974.20000000    0.04515764075
  8974.40000000    0.04630971550
  8974.60000000    0.04775794589
  8974.80000000    0.04973759379
  8975.00000000    0.05164512519
  8975.20000000    0.05394815426
  8975.40000000    0.05652385434
  8975.60000000    0.06014638665
  8975.80000000    0.06356961141
  8976.00000000    0.06704063673
  8976.20000000    0.07093272263
  8976.40000000    0.07559980105
  8976.60000000    0.08047034359
  8976.80000000    0.08700787865
  8977.00000000    0.09423291044
  8977.20000000    0.10295015096
  8977.40000000    0.11393043619
  8977.60000000    0.12668287516
  8977.80000000    0.14223330942
  8978.00000000    0.15977099995
  8978.20000000    0.17918974637
  8978.40000000    0.20222221500
  8978.60000000    0.22681131921
  8978.80000000    0.25334071043
  8979.00000000    0.28216951635
  8979.20000000    0.31127972207
  8979.40000000    0.34132287000
  8979.60000000    0.36991202533
  8979.80000000    0.39811907757
  8980.00000000    0.42559321211
  8980.20000000    0.45177786413
  8980.40000000    0.47639391983
  8980.60000000    0.49847560003
  8980.80000000    0.51761348247
  8981.00000000    0.53250178052
  8981.20000000    0.54176196757
  8981.40000000    0.54593252720
  8981.60000000    0.54734799706
  8981.80000000    0.54528326337
  8982.00000000    0.54046821980
  8982.20000000    0.53711139370
  8982.40000000    0.53494676448
  8982.60000000    0.53252514385
  8982.80000000    0.53207258293
  8983.00000000    0.53252977971
  8983.20000000    0.53396178444
  8983.40000000    0.53886274705
  8983.60000000    0.54581818658
  8983.80000000    0.55261181968
  8984.00000000    0.56068680746
  8984.20000000    0.56965035397
  8984.40000000    0.57910342837
  8984.60000000    0.58864824680
  8984.80000000    0.59703908507
  8985.00000000    0.60520867747
  8985.20000000    0.61412799875
  8985.40000000    0.62351938994
  8985.60000000    0.63229569998
  8985.80000000    0.64110867904
  8986.00000000    0.64959628975
  8986.20000000    0.65801332979
  8986.40000000    0.66582152324
  8986.60000000    0.67339745529
  8986.80000000    0.68288737091
  8987.00000000    0.69215978081
  8987.20000000    0.70253855253
  8987.40000000    0.71415378664
  8987.60000000    0.72659419045
  8987.80000000    0.73949211521
  8988.00000000    0.75274115266
  8988.20000000    0.76787403801
  8988.40000000    0.78308120832
  8988.60000000    0.79836266349
  8988.80000000    0.81311819470
  8989.00000000    0.82915320819
  8989.20000000    0.84442724350
  8989.40000000    0.85952450653
  8989.60000000    0.87567160109
  8989.80000000    0.89168078713
  8990.00000000    0.90823831433
  8990.20000000    0.92510538765
  8990.40000000    0.94095128105
  8990.60000000    0.95733346131
  8990.80000000    0.97352723035
  8991.00000000    0.99019597669
  8991.20000000    1.00687395656
  8991.40000000    1.02062081205
  8991.60000000    1.03257544334
  8991.80000000    1.04407896777
  8992.00000000    1.05388607679
  8992.20000000    1.06147034070
  8992.40000000    1.06994710885
  8992.60000000    1.07707578196
  8992.80000000    1.08287568800
  8993.00000000    1.08693636556
  8993.20000000    1.09192425442
  8993.40000000    1.09749248871
  8993.60000000    1.10322125476
  8993.80000000    1.10620282373
  8994.00000000    1.10764966709
  8994.20000000    1.11025150142
  8994.40000000    1.11195705919
  8994.60000000    1.11367018653
  8994.80000000    1.11678707534
  8995.00000000    1.12025611325
  8995.20000000    1.12289600290
  8995.40000000    1.12437193248
  8995.60000000    1.12416994199
  8995.80000000    1.12384458864
  8996.00000000    1.12335202055
  8996.20000000    1.12342130006
  8996.40000000    1.12358605991
  8996.60000000    1.12326812109
  8996.80000000    1.12246395045
  8997.00000000    1.12144289366
  8997.20000000    1.11828710910
  8997.40000000    1.11505472248
  8997.60000000    1.10999706460
  8997.80000000    1.10523835064
  8998.00000000    1.10171193838
  8998.20000000    1.09918360499
  8998.40000000    1.09740873626
  8998.60000000    1.09444371983
  8998.80000000    1.09192853041
  8999.00000000    1.08890341587
  8999.20000000    1.08639775076
  8999.40000000    1.08559657319
  8999.60000000    1.08295931650
  8999.80000000    1.08124199455
  9000.00000000    1.07895863340
  9000.20000000    1.07618571384
  9000.40000000    1.07463387232
  9000.60000000    1.07406680773
  9000.80000000    1.07213813606
  9001.00000000    1.07009233439
  9001.20000000    1.06845333832
  9001.40000000    1.06644761004
  9001.60000000    1.06731893693
  9001.80000000    1.06742117546
  9002.00000000    1.06565574402
  9002.20000000    1.06286621846
  9002.40000000    1.05869471802
  9002.60000000    1.05443102638
  9002.80000000    1.04886953025
  9003.00000000    1.04450354823
  9003.20000000    1.04132435147
  9003.40000000    1.03893561091
  9003.60000000    1.03726708042
  9003.80000000    1.03530497244
  9004.00000000    1.03373241923
  9004.20000000    1.03101523059
  9004.40000000    1.02801506349
  9004.60000000    1.02528016947
  9004.80000000    1.02339371526
  9005.00000000    1.02175091981
  9005.20000000    1.02002279050
  9005.40000000    1.01786391627
  9005.60000000    1.01587034921
  9005.80000000    1.01323550680
  9006.00000000    1.01031623050
  9006.20000000    1.00755062276
  9006.40000000    1.00676570397
  9006.60000000    1.00547522153
  9006.80000000    1.00344162737
  9007.00000000    1.00124767257
  9007.20000000    1.00117344370
  9007.40000000    1.00250047749
  9007.60000000    1.00281754745
  9007.80000000    1.00150075229
  9008.00000000    0.99930721122
  9008.20000000    0.99695497169
  9008.40000000    0.99638515193
  9008.60000000    0.99670658322
  9008.80000000    0.99738847144
  9009.00000000    0.99744404673
  9009.22786000    0.99736009355
  9009.48358100    0.99552285995
  9009.76716200    0.99482785896
  9010.07860400    0.99521424264
  9010.41790500    0.99639859080
  9010.78506700    0.99716765313
  9011.18009000    0.99806039102
  9011.60297300    0.99726066017
  9012.05371600    0.99732253624
  9012.53231900    0.99667096240
  9013.03878300    0.99683272428
  9013.57310700    0.99685106605
  9014.13529200    0.99651554337
  9014.72533700    0.99760942002
  9015.34324200    0.99749420196
  9015.98900800    0.99701106957
  9016.66263400    0.99698417027
  9017.36412000    0.99443501461
  9018.09346700    0.99284234649
  9018.85067400    0.99127334268
  9019.63574100    0.98829701621
  9020.44866900    0.98631889572
  9021.28945700    0.98719689013
  9022.15810600    0.98660372254
  9023.05461400    0.98511584057
  9023.97898300    0.98297258745
  9024.93121300    0.98010759876
  9025.91130300    0.97889483806
  9026.91925300    0.97565858923
  9027.95506400    0.97392543373
  9029.01873400    0.97136597912
  9030.11026600    0.96869405632
  9031.23272300    0.96871736553
  9032.36737300    0.96819216413
  9033.51421400    0.96916646209
  9034.67324800    0.97257824749
  9035.84447300    0.97637860671
  9037.02789000    0.98129624681
  9038.22349900    0.98734141404
  9039.43130000    0.99310613274
  9040.65129300    0.99897328539
  9041.88347800    1.00466880843
  9043.12785500    1.00732556168
  9044.38442300    1.01088944158
  9045.65318400    1.01418128588
  9046.93413600    1.01697836862
  9048.22728000    1.01941708395
  9049.53261700    1.02232007549
  9050.85014500    1.02179124738
  9052.17986500    1.02160212136
  9053.52177700    1.02202210297
  9054.87588100    1.02376057030
  9056.24217700    1.02443191877
  9057.62066400    1.02334434823
  9059.01134400    1.02326847385
  9060.41421500    1.02307377093
  9061.82927900    1.02394803175
  9063.25653400    1.02384919468
  9064.69598100    1.02358119406
  9066.14762000    1.02403172094
  9067.61145200    1.02487910927
  9069.08747500    1.02465344699
  9070.57568900    1.02412749413
  9072.07609600    1.02388363439
  9073.58869500    1.02260532876
  9075.11348500    1.02031216708
  9076.65046800    1.01714572661
  9078.19964200    1.01334028493
  9079.76100900    1.01012082784
  9081.33456700    1.00634081865
  9082.92031700    1.00271273878
  9084.51825900    1.00049337408
  9086.12839300    0.99725055338
  9087.75071900    0.99252460502
  9089.38523700    0.98964581722
  9091.03194600    0.98690921039
  9092.69084800    0.98351572135
  9094.36194200    0.98054464716
  9096.04522700    0.97862284114
  9097.74070400    0.97654555817
  9099.44837400    0.97564044255
  9101.16823500    0.97577514919
  9102.90028800    0.97648874800
  9104.64453300    0.97826946290
  9106.40097000    0.98053935636
  9108.16959800    0.98237986110
  9109.95041900    0.98427649108
  9111.74343200    0.98610416583
  9113.54863600    0.98796537586
  9115.36603200    0.98976412952
  9117.19562100    0.99196224561
  9119.03740100    0.99344891019
  9120.89137300    0.99588261597
  9122.75753700    0.99929123411
  9124.63589300    1.00292784966
  9126.52644100    1.00572424337
  9128.42918100    1.00845937441
  9130.34411200    1.01094018884
  9132.27123600    1.01220361967
  9134.21055200    1.01248660715
  9136.16205900    1.01192196794
  9138.12575800    1.01169516400
  9140.10164900    1.00948081087
  9142.08973300    1.00704649501
  9144.09000800    1.00464182870
  9146.10247500    1.00173560393
  9148.12713300    0.99922855413
  9150.16398400    0.99699182170
  9152.21302700    0.99526690462
  9154.27426100    0.99347728616
  9156.34768800    0.99147747728
  9158.43330600    0.99145507927
  9160.53111700    0.99072160987
  9162.64111900    0.99051198088
  9164.76331300    0.99109261453
  9166.89769900    0.99178680771
  9169.04427700    0.99226617605
  9171.20304700    0.99302824381
  9173.37400800    0.99326994478
  9175.55716200    0.99273022079
  9177.75250800    0.99362159355
  9179.96004500    0.99435706189
  9182.17977500    0.99488546860
  9184.41169600    0.99498399718
  9186.65580900    0.99587630882
  9188.91211400    0.99643344614
  9191.18061100    0.99679295671
  9193.46130000    0.99723454074
  9195.75418100    0.99744059718
  9198.05925400    0.99832178948
  9200.37651800    0.99945743171
  9202.70597500    1.00144518882
  9205.04762300    1.00264483516
  9207.40146400    1.00302223270
  9209.76749600    1.00366884947
  9212.14572000    1.00391833101
  9214.53613600    1.00365008055
  9216.93874400    1.00313213848
  9219.35354400    1.00267286166
  9221.78053600    1.00188687314
  9224.21972000    1.00058415255
  9226.67109600    0.99944963527
  9229.13466300    0.99871602179
  9231.61042300    0.99761842675
  9234.09837400    0.99667302640
  9236.59851700    0.99599945115
  9239.11085200    0.99550908716
  9241.63538000    0.99551982859
  9244.17209900    0.99538234008
  9246.72100900    0.99542739868
  9249.28211200    0.99629959571
  9251.85540700    0.99740154359
  9254.44089400    0.99848292374
  9257.03857200    0.99924478559
  9259.64844300    0.99990275284
  9262.27050500    1.00066913050
  9264.90475900    1.00136175591
  9267.55120500    1.00240657248
  9270.20984400    1.00280921890
  9272.88067400    1.00372220669
  9275.56369600    1.00500867014
  9278.25890900    1.00592571761
  9280.96631500    1.00553217989
  9283.68591300    1.00596483239
  9286.41770200    1.00666158693
  9289.16168400    1.00732969197
  9291.91785700    1.00825084044
  9294.68622200    1.00867962761
  9297.46678000    1.00872440582
  9300.25952900    1.00910870409
  9303.06447000    1.00916566950
  9305.88160200    1.00815945208
  9308.71092700    1.00750480219
  9311.55244400    1.00666288636
  9314.40615300    1.00593532500
  9317.27205300    1.00508296851
  9320.15014600    1.00427441765
  9323.04043000    1.00447093768
  9325.94290600    1.00453804196
  9328.85757400    1.00472496589
  9331.78443500    1.00436150688
  9334.72348700    1.00399783571
  9337.67473000    1.00453534642
  9340.63816600    1.00381535912
  9343.61379400    1.00286978160
  9346.60161400    1.00252975473
  9349.60162500    1.00282752640
  9352.61382900    1.00318972310
  9355.63822400    1.00234799944
  9358.67481100    1.00142652276
  9361.72359000    1.00146757593
  9364.78456100    1.00106106300
  9367.85772400    1.00070890806
  9370.94307900    1.00074635446
  9374.04062600    1.00088266376
  9377.15036500    0.99978545878
  9380.27229500    0.99986036602
  9383.40641800    0.99963949511
  9386.55273200    0.99930803052
  9389.71123900    0.99938949032
  9392.88193700    0.99922776484
  9396.06482700    0.99911609608
  9399.25990900    0.99945288743
  9402.46718300    0.99946314040
  9405.68664900    0.99903150211
  9408.91830700    0.99900902023
  9412.16215700    0.99936097524
  9415.41819800    0.99891915122
  9418.68643200    0.99837247899
  9421.96685700    0.99778308579
  9425.25947400    0.99776840783
  9428.56428400    0.99771262504
  9431.88128500    0.99709261387
  9435.21047800    0.99740325694
  9438.55186300    0.99797469552
  9441.90544000    0.99726709896
  9445.27120900    0.99758213716
  9448.64916900    0.99798060272
  9452.03932200    0.99815590969
  9455.44166600    0.99937765112
  9458.85620300    0.99955399085
  9462.28293100    0.99952805472
  9465.72185100    0.99954940181
  9469.17296400    0.99924327287
  9472.63626800    0.99949726462
  9476.11176400    0.99898101942
  9479.59945100    0.99827537404
  9483.09933100    0.99810829941
  9486.61140300    0.99846624014
  9490.13566600    0.99927495366
  9493.67212200    0.99949544922
  9497.22076900    0.99954562222
  9500.78160900    0.99982756261
  9504.35464000    1.00038881327
  9507.93986300    1.00014174967
  9511.53727800    0.99949885496
  9515.14688500    0.99972387694
  9518.76868400    0.99996902494
  9522.40267500    0.99912090264
  9526.04885700    0.99890131200
  9529.70723200    0.99877253556
  9533.37779900    0.99715688850
  9537.06055700    0.99546318128
  9540.75550700    0.99545311186
  9544.46265000    0.99618452879
  9548.18198400    0.99650621205
  9551.91351000    0.99762329375
  9555.65722800    0.99933224653
  9559.41313800    0.99944145532
  9563.18123900    0.99976499413
  9566.96153300    0.99927674523
  9570.75401900    0.99849310141
  9574.55869600    0.99683977159
  9578.37556500    0.99565115704
  9582.20462700    0.99532726231
  9586.04588000    0.99499868306
  9589.89932500    0.99511322511
  9593.76496200    0.99487047921
  9597.64279100    0.99477395274
  9601.53281200    0.99542275489
  9605.43502500    0.99552392474
  9609.34942900    0.99630504891
  9613.27602600    0.99656751740
  9617.21481400    0.99750691561
  9621.16579500    0.99746200930
  9625.12896700    0.99778592011
  9629.10433100    0.99790810274
  9633.09188800    0.99732742793
  9637.09163600    0.99563837648
  9641.10357500    0.99417702868
  9645.12770700    0.99441912214
  9649.16403100    0.99564905986
  9653.21254700    0.99718200280
  9657.27325400    0.99971101937
  9661.34615400    1.00195771112
  9665.43124500    1.00427348309
  9669.52852900    1.00590616291
  9673.63800400    1.00547137643
  9677.75967100    1.00509496785
  9681.89353000    1.00468567189
  9686.03958100    1.00450304043
  9690.19782400    1.00438432057
  9694.36825800    1.00381553468
  9698.55088500    1.00453098922
  9702.74570400    1.00466748992
  9706.95271400    1.00399662483
  9711.17191600    1.00499175085
  9715.40331100    1.00507973627
  9719.64689700    1.00359906756
  9723.90267500    1.00281445244
  9728.17064500    1.00137147939
  9732.45080700    0.99988013592
  9736.74316100    0.99987192526
  9741.04770700    1.00047835118
  9745.36444400    1.00067879396
  9749.69337400    1.00154920442
  9754.03449500    1.00247299326
  9758.38780900    1.00279657172
  9762.75331400    1.00328375712
  9767.13101100    1.00478731441
  9771.52090000    1.00561993620
  9775.92298100    1.00646024029
  9780.33725400    1.00607025534
  9784.76371900    1.00631946755
  9789.20237600    1.00549606794
  9793.65322400    1.00385140428
  9798.11626500    1.00311074207
  9802.59149700    1.00205401818
  9807.07892200    1.00045333827
  9811.57853800    0.99981536225
  9816.09034600    1.00035696471
  9820.61434600    0.99853998426
  9825.15053800    0.99844193457
  9829.69892200    0.99768435149
  9834.25949800    0.99759643895
  9838.83226600    0.99700016516
  9843.41722600    0.99575664858
  9848.01437700    0.99476117303
  9852.62372100    0.99403032296
  9857.24525600    0.99382510860
  9861.87898300    0.99416961561
  9866.52490200    0.99530283572
  9871.18301300    0.99650027640
  9875.85331600    0.99740323222
  9880.53581100    0.99823284845
  9885.23049800    0.99951869715
  9889.93737700    0.99874484081
  9894.65644800    0.99944066750
  9899.38771000    0.99976653610
  9904.13116500    1.00011613227
  9908.88681100    1.00070235255
  9913.65464900    1.00134238989
  9918.43467900    1.00187340231
  9923.22690100    1.00152985602
  9928.03131500    1.00162908571
  9932.84792100    1.00170610002
  9937.67671900    1.00059761527
