#---------------------------------
#  energy flat
  10182.0000000    0.00122460965
  10187.0000000    0.00086275542
  10192.0000000    0.00001834972
  10197.0000000   -0.00087249450
  10202.0000000   -0.00096173301
  10207.0000000   -0.00095015423
  10212.0000000   -0.00044724155
  10217.0000000   -0.00015606924
  10222.0000000   -0.00016049129
  10227.0000000   -0.00005639641
  10232.0000000    0.00008643734
  10237.0000000    0.00020641275
  10242.0000000    0.00042467901
  10247.0000000    0.00017338694
  10252.0000000    0.00027627875
  10257.0000000    0.00025212635
  10262.0000000   -0.00051444071
  10267.0000000   -0.00044246780
  10272.0000000   -0.00024850357
  10277.0000000   -0.00012359557
  10282.0000000    0.00011091213
  10287.0000000    0.00035973637
  10292.0000000    0.00028661901
  10297.0000000   -0.00026736554
  10302.0000000   -0.00144670601
  10307.0000000   -0.00093188294
  10312.0000000    0.00009195916
  10317.0000000    0.00192330202
  10322.0000000    0.00361328412
  10327.0000000    0.00558959695
  10332.0000000    0.00689219043
  10337.0000000    0.00870753245
  10341.0000000    0.01083441569
  10344.0000000    0.01312654680
  10346.0000000    0.01494244871
  10347.0000000    0.01656448202
  10347.2000000    0.01787362575
  10347.4000000    0.01817219046
  10347.6000000    0.01837896091
  10347.8000000    0.01857502404
  10348.0000000    0.01899642223
  10348.2000000    0.01930509273
  10348.4000000    0.01904904205
  10348.6000000    0.01842822047
  10348.8000000    0.01765894002
  10349.0000000    0.01728354477
  10349.2000000    0.01716259889
  10349.4000000    0.01762995436
  10349.6000000    0.01832829932
  10349.8000000    0.01937938448
  10350.0000000    0.02054452070
  10350.2000000    0.02114084530
  10350.4000000    0.02137865497
  10350.6000000    0.02149820282
  10350.8000000    0.02192140562
  10351.0000000    0.02216426818
  10351.2000000    0.02216182471
  10351.4000000    0.02172615564
  10351.6000000    0.02065141565
  10351.8000000    0.02080236364
  10352.0000000    0.02194259631
  10352.2000000    0.02334882781
  10352.4000000    0.02395610035
  10352.6000000    0.02425117616
  10352.8000000    0.02361700050
  10353.0000000    0.02272392412
  10353.2000000    0.02213366053
  10353.4000000    0.02238386182
  10353.6000000    0.02427384787
  10353.8000000    0.02544921019
  10354.0000000    0.02702399183
  10354.2000000    0.02738788326
  10354.4000000    0.02746724857
  10354.6000000    0.02767474087
  10354.8000000    0.02832857223
  10355.0000000    0.02941238090
  10355.2000000    0.03066558186
  10355.4000000    0.03158589329
  10355.6000000    0.03231888667
  10355.8000000    0.03304670685
  10356.0000000    0.03372038887
  10356.2000000    0.03447010493
  10356.4000000    0.03487032908
  10356.6000000    0.03546376632
  10356.8000000    0.03562337641
  10357.0000000    0.03620863277
  10357.2000000    0.03684092917
  10357.4000000    0.03749764790
  10357.6000000    0.03804272171
  10357.8000000    0.03869450785
  10358.0000000    0.03940861303
  10358.2000000    0.03979223481
  10358.4000000    0.03976609086
  10358.6000000    0.04059966092
  10358.8000000    0.04187969035
  10359.0000000    0.04294340775
  10359.2000000    0.04393421909
  10359.4000000    0.04489254753
  10359.6000000    0.04627628162
  10359.8000000    0.04765628619
  10360.0000000    0.04910149717
  10360.2000000    0.05017147053
  10360.4000000    0.05091276510
  10360.6000000    0.05204902764
  10360.8000000    0.05225218888
  10361.0000000    0.05330122882
  10361.2000000    0.05374668841
  10361.4000000    0.05573087486
  10361.6000000    0.05693090012
  10361.8000000    0.05889451408
  10362.0000000    0.06097927721
  10362.2000000    0.06297982542
  10362.4000000    0.06496413218
  10362.6000000    0.06679985976
  10362.8000000    0.06845356282
  10363.0000000    0.06990502976
  10363.2000000    0.07217723123
  10363.4000000    0.07450320995
  10363.6000000    0.07622320218
  10363.8000000    0.07831783048
  10364.0000000    0.08023957759
  10364.2000000    0.08273049724
  10364.4000000    0.08567425253
  10364.6000000    0.08927981678
  10364.8000000    0.09318795319
  10365.0000000    0.09689180828
  10365.2000000    0.10089835584
  10365.4000000    0.10494713117
  10365.6000000    0.10886765921
  10365.8000000    0.11280563177
  10366.0000000    0.11733671796
  10366.2000000    0.12271139702
  10366.4000000    0.12815814000
  10366.6000000    0.13441984276
  10366.8000000    0.14115423183
  10367.0000000    0.14842061857
  10367.2000000    0.15633582111
  10367.4000000    0.16459847033
  10367.6000000    0.17411868890
  10367.8000000    0.18639141191
  10368.0000000    0.20057076068
  10368.2000000    0.21657769347
  10368.4000000    0.23365704310
  10368.6000000    0.25238652390
  10368.8000000    0.27252070953
  10369.0000000    0.29585265592
  10369.2000000    0.32225002532
  10369.4000000    0.35127899062
  10369.6000000    0.38324320674
  10369.8000000    0.41692997886
  10370.0000000    0.45320335204
  10370.2000000    0.49224390712
  10370.4000000    0.53591989192
  10370.6000000    0.58354615792
  10370.8000000    0.63524746350
  10371.0000000    0.69056339368
  10371.2000000    0.74989469117
  10371.4000000    0.81491025502
  10371.6000000    0.88800178891
  10371.8000000    0.97124350629
  10372.0000000    1.05292724768
  10372.2000000    1.11085588554
  10372.4000000    1.19901310739
  10372.6000000    1.29047492263
  10372.8000000    1.38252552045
  10373.0000000    1.47330941333
  10373.2000000    1.56190387498
  10373.4000000    1.64602355273
  10373.6000000    1.72070265324
  10373.8000000    1.78895703264
  10374.0000000    1.84956942391
  10374.2000000    1.90228910676
  10374.4000000    1.94770077293
  10374.6000000    1.98596731758
  10374.8000000    2.01742848730
  10375.0000000    2.04378566366
  10375.2000000    2.06626477473
  10375.4000000    2.08613987142
  10375.6000000    2.10395546289
  10375.8000000    2.12001857228
  10376.0000000    2.13292497544
  10376.2000000    2.14276273661
  10376.4000000    2.15037833570
  10376.6000000    2.15463535189
  10376.8000000    2.15631072766
  10377.0000000    2.15532048823
  10377.2000000    2.15070337983
  10377.4000000    2.14203784632
  10377.6000000    2.12922090437
  10377.8000000    2.11192724342
  10378.0000000    2.09038929599
  10378.2000000    2.06525599783
  10378.4000000    2.03627759109
  10378.6000000    2.00499953944
  10378.8000000    1.97131982184
  10379.0000000    1.93532650279
  10379.2000000    1.89796976668
  10379.4000000    1.85889061674
  10379.6000000    1.81863981819
  10379.8000000    1.77738387551
  10380.0000000    1.73613023913
  10380.2000000    1.69460653372
  10380.4000000    1.65314047496
  10380.6000000    1.61199385051
  10380.8000000    1.57055670328
  10381.0000000    1.52963797732
  10381.2000000    1.48849537785
  10381.4000000    1.44681442172
  10381.6000000    1.40623224656
  10381.8000000    1.36669375125
  10382.0000000    1.32839359209
  10382.2000000    1.29159475979
  10382.4000000    1.25808742249
  10382.6000000    1.22680590005
  10382.8000000    1.19723672166
  10383.0000000    1.17038950328
  10383.2000000    1.14488600732
  10383.4000000    1.12117305363
  10383.6000000    1.09920324066
  10383.8000000    1.08024845385
  10384.0000000    1.06303079163
  10384.2000000    1.04524517080
  10384.4000000    1.03003328856
  10384.6000000    1.01945119169
  10384.8000000    1.00949746787
  10385.0000000    1.00134029790
  10385.2000000    0.99430644334
  10385.4000000    0.98716275655
  10385.6000000    0.98092775639
  10385.8000000    0.97586347116
  10386.0000000    0.97156205952
  10386.2000000    0.96817823587
  10386.4000000    0.96458664793
  10386.6000000    0.96210561956
  10386.8000000    0.95987206757
  10387.0000000    0.95902120877
  10387.2000000    0.95894573281
  10387.4000000    0.95988601260
  10387.6000000    0.96177587888
  10387.8000000    0.96463891134
  10388.0000000    0.96757810039
  10388.2000000    0.97145340008
  10388.4000000    0.97477685284
  10388.6000000    0.97927871368
  10388.8000000    0.98344864785
  10389.0000000    0.98761894283
  10389.2000000    0.99187357255
  10389.4000000    0.99566345529
  10389.6000000    1.00034348818
  10389.8000000    1.00488552703
  10390.0000000    1.01028258554
  10390.2000000    1.01592037567
  10390.4000000    1.02186073470
  10390.6000000    1.02670184466
  10390.8000000    1.03044803629
  10391.0000000    1.03581030754
  10391.2000000    1.04109232888
  10391.4000000    1.04593991608
  10391.6000000    1.05202389263
  10391.8000000    1.05896168161
  10392.0000000    1.06468015210
  10392.2000000    1.06880081757
  10392.4000000    1.07141438912
  10392.6000000    1.07342822194
  10392.8000000    1.07593927507
  10393.0000000    1.07850626171
  10393.2000000    1.08051874366
  10393.4000000    1.08201040642
  10393.6000000    1.08471824245
  10393.8000000    1.08658163248
  10394.0000000    1.08720909705
  10394.2000000    1.08733065872
  10394.4000000    1.08669704088
  10394.6000000    1.08634889874
  10394.8000000    1.08612044897
  10395.0000000    1.08586323212
  10395.2000000    1.08529693243
  10395.4000000    1.08481663770
  10395.6000000    1.08428495682
  10395.8000000    1.08228828171
  10396.0000000    1.07978377492
  10396.2000000    1.07663452626
  10396.4000000    1.07237590971
  10396.6000000    1.06711644188
  10396.8000000    1.06131473242
  10397.0000000    1.05437694557
  10397.2278600    1.04612786741
  10397.4835810    1.03695876967
  10397.7671620    1.02696163933
  10398.0786040    1.01408245401
  10398.4179050    0.99487022749
  10398.7850670    0.97928822893
  10399.1800900    0.96232370604
  10399.6029730    0.94416601773
  10400.0537160    0.92278055640
  10400.5323190    0.90278428106
  10401.0387830    0.88400788503
  10401.5731070    0.86517527346
  10402.1352920    0.84779765014
  10402.7253370    0.83302196517
  10403.3432420    0.82379498931
  10403.9890080    0.81930176028
  10404.6626340    0.81819775903
  10405.3641200    0.82107736098
  10406.0934670    0.82701163967
  10406.8506740    0.83737822874
  10407.6357410    0.84940515655
  10408.4486690    0.86322083811
  10409.2894570    0.87793111047
  10410.1581060    0.89439831423
  10411.0546140    0.91654375001
  10411.9789830    0.94407630311
  10412.9312130    0.96841140317
  10413.9113030    0.99167520044
  10414.9192530    1.02412036502
  10415.9550640    1.05448339756
  10417.0187340    1.08294226726
  10418.1102660    1.10745408480
  10419.2327230    1.12648540455
  10420.3673730    1.14236897212
  10421.5142140    1.15554558975
  10422.6732480    1.16550225698
  10423.8444730    1.17334098530
  10425.0278900    1.17802688633
  10426.2234990    1.18066148678
  10427.4313000    1.18107226237
  10428.6512930    1.17960040030
  10429.8834780    1.17656326725
  10431.1278550    1.17032516544
  10432.3844230    1.16219070337
  10433.6531840    1.15216203845
  10434.9341360    1.14082602913
  10436.2272800    1.12858305088
  10437.5326170    1.11567082332
  10438.8501450    1.10313120456
  10440.1798650    1.09223655317
  10441.5217770    1.08240144826
  10442.8758810    1.07238479436
  10444.2421770    1.06397987872
  10445.6206640    1.05671075834
  10447.0113440    1.04972684631
  10448.4142150    1.04287630576
  10449.8292790    1.03581552056
  10451.2565340    1.02789866952
  10452.6959810    1.01967433166
  10454.1476200    1.01194156520
  10455.6114520    1.00518999447
  10457.0874750    0.99942753817
  10458.5756890    0.99448405397
  10460.0760960    0.99082365178
  10461.5886950    0.98758321779
  10463.1134850    0.98392177131
  10464.6504680    0.98051563568
  10466.1996420    0.97726612035
  10467.7610090    0.97504323665
  10469.3345670    0.97408538781
  10470.9203170    0.97306649549
  10472.5182590    0.97318091192
  10474.1283930    0.97465114528
  10475.7507190    0.97665350986
  10477.3852370    0.97910468569
  10479.0319460    0.98197428523
  10480.6908480    0.98413350852
  10482.3619420    0.98541071892
  10484.0452270    0.98624543500
  10485.7407040    0.98697514705
  10487.4483740    0.98702781931
  10489.1682350    0.98749718738
  10490.9002880    0.98828016234
  10492.6445330    0.98984318554
  10494.4009700    0.99236179043
  10496.1695980    0.99620086994
  10497.9504190    1.00174455617
  10499.7434320    1.00729109671
  10501.5486360    1.01357110100
  10503.3660320    1.01965108269
  10505.1956210    1.02416059448
  10507.0374010    1.02698110208
  10508.8913730    1.02926113451
  10510.7575370    1.03157174184
  10512.6358930    1.03316997459
  10514.5264410    1.03470988171
  10516.4291810    1.03571991295
  10518.3441120    1.03600305341
  10520.2712360    1.03505380984
  10522.2105520    1.03191168490
  10524.1620590    1.02729950997
  10526.1257580    1.02110830375
  10528.1016490    1.01322186055
  10530.0897330    1.00457424618
  10532.0900080    0.99573908310
  10534.1024750    0.98715740367
  10536.1271330    0.97934265987
  10538.1639840    0.97311579701
  10540.2130270    0.96830161383
  10542.2742610    0.96375522645
  10544.3476880    0.96053961365
  10546.4333060    0.95899663039
  10548.5311170    0.95802419379
  10550.6411190    0.95749662893
  10552.7633130    0.95795234357
  10554.8976990    0.95958517882
  10557.0442770    0.96167487428
  10559.2030470    0.96464503983
  10561.3740080    0.96879848936
  10563.5571620    0.97302008613
  10565.7525080    0.97661191207
  10567.9600450    0.98033728925
  10570.1797750    0.98370183778
  10572.4116960    0.98625352061
  10574.6558090    0.98822579789
  10576.9121140    0.99006289895
  10579.1806110    0.99107887979
  10581.4613000    0.99137892567
  10583.7541810    0.99147605326
  10586.0592540    0.99127114708
  10588.3765180    0.99059169579
  10590.7059750    0.98944347047
  10593.0476230    0.98817366728
  10595.4014640    0.98528588408
  10597.7674960    0.98175265324
  10600.1457200    0.97763721363
  10602.5361360    0.97378671586
  10604.9387440    0.97096047623
  10607.3535440    0.96851814901
  10609.7805360    0.96740093438
  10612.2197200    0.96731831913
  10614.6710960    0.96902404467
  10617.1346630    0.97216646201
  10619.6104230    0.97538212754
  10622.0983740    0.97860425934
  10624.5985170    0.98154108904
  10627.1108520    0.98450068933
  10629.6353800    0.98738905573
  10632.1720990    0.99030611058
  10634.7210090    0.99300167064
  10637.2821120    0.99512279917
  10639.8554070    0.99692987599
  10642.4408940    0.99800016664
  10645.0385720    0.99820904771
  10647.6484430    0.99839024938
  10650.2705050    0.99801152783
  10652.9047590    0.99718980394
  10655.5512050    0.99694405056
  10658.2098440    0.99567558988
  10660.8806740    0.99293659226
  10663.5636960    0.99080373873
  10666.2589090    0.98908134194
  10668.9663150    0.98551043755
  10671.6859130    0.98157263841
  10674.4177020    0.97843410247
  10677.1616840    0.97571310573
  10679.9178570    0.97282555975
  10682.6862220    0.97135000376
  10685.4667800    0.97129496056
  10688.2595290    0.97214584922
  10691.0644700    0.97429110241
  10693.8816020    0.97738118075
  10696.7109270    0.98106821811
  10699.5524440    0.98484649703
  10702.4061530    0.98807073442
  10705.2720530    0.99018514651
  10708.1501460    0.99191039632
  10711.0404300    0.99363942323
  10713.9429060    0.99556472465
  10716.8575740    0.99678182999
  10719.7844350    0.99832801473
  10722.7234870    1.00163659747
  10725.6747300    1.00370348311
  10728.6381660    1.00456304140
  10731.6137940    1.00610861908
  10734.6016140    1.00723454049
  10737.6016250    1.00769988955
  10740.6138290    1.00755536473
  10743.6382240    1.00595777736
  10746.6748110    1.00346815336
  10749.7235900    1.00289677176
  10752.7845610    1.00214946799
  10755.8577240    1.00032792187
  10758.9430790    0.99984345282
  10762.0406260    1.00024334429
  10765.1503650    1.00084219895
  10768.2722950    1.00179555985
  10771.4064180    1.00294303622
  10774.5527320    1.00473996393
  10777.7112390    1.00575790434
  10780.8819370    1.00753807313
  10784.0648270    1.00932116842
  10787.2599090    1.01035510187
  10790.4671830    1.01119936741
  10793.6866490    1.01181649078
  10796.9183070    1.01185186388
  10800.1621570    1.01189624676
  10803.4181980    1.01338326693
  10806.6864320    1.01408223591
  10809.9668570    1.01447899534
  10813.2594740    1.01589960709
  10816.5642840    1.01711288396
  10819.8812850    1.01701323759
  10823.2104780    1.01636296313
  10826.5518630    1.01661467559
  10829.9054400    1.01620392884
  10833.2712090    1.01564469912
  10836.6491690    1.01539321479
  10840.0393220    1.01504695065
  10843.4416660    1.01470578462
  10846.8562030    1.01287047181
  10850.2829310    1.01052370328
  10853.7218510    1.00987530084
  10857.1729640    1.01061970789
  10860.6362680    1.01008661570
  10864.1117640    1.00980274654
  10867.5994510    1.01044521742
  10871.0993310    1.01096281556
  10874.6114030    1.01039143484
  10878.1356660    1.01012258362
  10881.6721220    1.01102227144
  10885.2207690    1.01049167146
  10888.7816090    1.00933327951
  10892.3546400    1.00917370147
  10895.9398630    1.01063883302
  10899.5372780    1.01042462677
  10903.1468850    1.01108070036
  10906.7686840    1.01253663156
  10910.4026750    1.01281225135
  10914.0488570    1.01246635870
  10917.7072320    1.01151830207
  10921.3777990    1.01174729138
  10925.0605570    1.01170326442
  10928.7555070    1.01194288879
  10932.4626500    1.01163425820
  10936.1819840    1.01093921500
  10939.9135100    1.01017649127
  10943.6572280    1.00917325697
  10947.4131380    1.00862819820
  10951.1812390    1.00821860807
  10954.9615330    1.00706910061
  10958.7540190    1.00660144815
  10962.5586960    1.00680674640
  10966.3755650    1.00592299091
  10970.2046270    1.00579908816
  10974.0458800    1.00545145441
  10977.8993250    1.00544631573
  10981.7649620    1.00422649793
  10985.6427910    1.00204281876
  10989.5328120    1.00031020587
  10993.4350250    0.99932138231
  10997.3494290    0.99819922690
  11001.2760260    0.99822229831
  11005.2148140    0.99829816904
  11009.1657950    0.99944028502
  11013.1289670    0.99912966319
  11017.1043310    1.00004436540
  11021.0918880    1.00086491549
  11025.0916360    1.00039313466
  11029.1035750    1.00100615274
  11033.1277070    1.00082754928
  11037.1640310    0.99950209604
  11041.2125470    0.99944742840
  11045.2732540    0.99954418508
  11049.3461540    0.99814223755
  11053.4312450    0.99831835460
  11057.5285290    0.99781251305
  11061.6380040    0.99710507918
  11065.7596710    0.99734968803
  11069.8935300    0.99574647979
  11074.0395810    0.99505910784
  11078.1978240    0.99448006754
  11082.3682580    0.99349303469
  11086.5508850    0.99319142801
  11090.7457040    0.99339152802
  11094.9527140    0.99321211441
  11099.1719160    0.99298157225
  11103.4033110    0.99286110111
  11107.6468970    0.99329153888
  11111.9026750    0.99310790577
  11116.1706450    0.99307378865
  11120.4508070    0.99236789486
  11124.7431610    0.99185231358
  11129.0477070    0.99164063094
  11133.3644440    0.99032026720
  11137.6933740    0.98948179294
  11142.0344950    0.99030366090
  11146.3878090    0.99119177550
  11150.7533140    0.99212595425
  11155.1310110    0.99348091229
  11159.5209000    0.99370458342
  11163.9229810    0.99487630422
  11168.3372540    0.99499946592
  11172.7637190    0.99380416426
  11177.2023760    0.99345147756
  11181.6532240    0.99263650023
  11186.1162650    0.99025096651
  11190.5914970    0.98784546266
  11195.0789220    0.98804232960
  11199.5785380    0.98752369750
  11204.0903460    0.98841878074
  11208.6143460    0.98832922745
  11213.1505380    0.98819262753
  11217.6989220    0.98892017361
  11222.2594980    0.98979994705
  11226.8322660    0.98995913069
  11231.4172260    0.99116499880
  11236.0143770    0.99258314220
  11240.6237210    0.99289703410
  11245.2452560    0.99411214772
  11249.8789830    0.99511711765
  11254.5249020    0.99501047577
  11259.1830130    0.99621684365
  11263.8533160    0.99976897413
  11268.5358110    1.00166894621
  11273.2304980    1.00357744561
  11277.9373770    1.00644928412
  11282.6564480    1.00772086342
  11287.3877100    1.00992343862
  11292.1311650    1.01187808518
  11296.8868110    1.01266944859
  11301.6546490    1.01408821205
  11306.4346790    1.01620813447
  11311.2269010    1.01740890943
  11316.0313150    1.01870216673
  11320.8479210    1.02215304561
  11325.6767190    1.02451354909
