#---------------------------------
#  energy flat
  10182.0000000    0.00203791511
  10187.0000000    0.00225869123
  10192.0000000    0.00233794313
  10197.0000000    0.00253642747
  10202.0000000    0.00182700763
  10207.0000000    0.00195130035
  10212.0000000    0.00152127082
  10217.0000000    0.00022906383
  10222.0000000    0.00088150026
  10227.0000000    0.00097252679
  10232.0000000    0.00080885545
  10237.0000000    0.00007245684
  10242.0000000    0.00019995043
  10247.0000000   -0.00012559353
  10252.0000000   -0.00045422404
  10257.0000000   -0.00048174406
  10262.0000000   -0.00030749488
  10267.0000000   -0.00057553748
  10272.0000000   -0.00051857736
  10277.0000000   -0.00121336465
  10282.0000000   -0.00118669849
  10287.0000000   -0.00070047872
  10292.0000000   -0.00072994212
  10297.0000000   -0.00032717362
  10302.0000000    0.00006027642
  10307.0000000    0.00044829805
  10312.0000000    0.00118372849
  10317.0000000    0.00199323623
  10322.0000000    0.00320639666
  10327.0000000    0.00386306281
  10332.0000000    0.00524895595
  10337.0000000    0.00642770702
  10341.0000000    0.00866086463
  10344.0000000    0.01019652353
  10346.0000000    0.01214607184
  10347.0000000    0.01349391894
  10347.2000000    0.01447671099
  10347.4000000    0.01485042303
  10347.6000000    0.01444449437
  10347.8000000    0.01434790701
  10348.0000000    0.01476963212
  10348.2000000    0.01507955538
  10348.4000000    0.01577907035
  10348.6000000    0.01592986460
  10348.8000000    0.01600829629
  10349.0000000    0.01583820323
  10349.2000000    0.01543227456
  10349.4000000    0.01604227947
  10349.6000000    0.01642227893
  10349.8000000    0.01642949125
  10350.0000000    0.01693192403
  10350.2000000    0.01715073678
  10350.4000000    0.01805579340
  10350.6000000    0.01819001171
  10350.8000000    0.01878847061
  10351.0000000    0.01867302099
  10351.2000000    0.01794048917
  10351.4000000    0.01856181144
  10351.6000000    0.01895712936
  10351.8000000    0.01914839176
  10352.0000000    0.01824667104
  10352.2000000    0.01738210330
  10352.4000000    0.01738931562
  10352.6000000    0.01831483495
  10352.8000000    0.01931580338
  10353.0000000    0.02024932488
  10353.2000000    0.02072740818
  10353.4000000    0.02192980284
  10353.6000000    0.02260222473
  10353.8000000    0.02275118991
  10354.0000000    0.02242768367
  10354.2000000    0.02206393791
  10354.4000000    0.02237283231
  10354.6000000    0.02337402938
  10354.8000000    0.02400255361
  10355.0000000    0.02533892759
  10355.2000000    0.02639808328
  10355.4000000    0.02736315623
  10355.6000000    0.02809719488
  10355.8000000    0.02849891454
  10356.0000000    0.02930577301
  10356.2000000    0.03023014917
  10356.4000000    0.03077190694
  10356.6000000    0.03181940232
  10356.8000000    0.03237842192
  10357.0000000    0.03326896030
  10357.2000000    0.03344570446
  10357.4000000    0.03177268817
  10357.6000000    0.03189307414
  10357.8000000    0.03172195222
  10358.0000000    0.03358807034
  10358.2000000    0.03438955592
  10358.4000000    0.03508667024
  10358.6000000    0.03574354505
  10358.8000000    0.03752335397
  10359.0000000    0.03921708232
  10359.2000000    0.04052487709
  10359.4000000    0.04168554612
  10359.6000000    0.04197992229
  10359.8000000    0.04253837031
  10360.0000000    0.04324440135
  10360.2000000    0.04417666537
  10360.4000000    0.04499278350
  10360.6000000    0.04653401322
  10360.8000000    0.04809273341
  10361.0000000    0.04918092557
  10361.2000000    0.05122686405
  10361.4000000    0.05305365718
  10361.6000000    0.05499248080
  10361.8000000    0.05651884933
  10362.0000000    0.05803058530
  10362.2000000    0.05971333925
  10362.4000000    0.06091927773
  10362.6000000    0.06282129133
  10362.8000000    0.06394137789
  10363.0000000    0.06607785528
  10363.2000000    0.06872921563
  10363.4000000    0.07121424501
  10363.6000000    0.07354883346
  10363.8000000    0.07590034079
  10364.0000000    0.07899319270
  10364.2000000    0.08252079147
  10364.4000000    0.08549749749
  10364.6000000    0.08860418173
  10364.8000000    0.09136094219
  10365.0000000    0.09524932484
  10365.2000000    0.09936405480
  10365.4000000    0.10352805530
  10365.6000000    0.10839430403
  10365.8000000    0.11385179934
  10366.0000000    0.11972163543
  10366.2000000    0.12569218463
  10366.4000000    0.13193457923
  10366.6000000    0.13926412678
  10366.8000000    0.14744956435
  10367.0000000    0.15675656424
  10367.2000000    0.16699867572
  10367.4000000    0.17802134243
  10367.6000000    0.19114092257
  10367.8000000    0.20564659414
  10368.0000000    0.22137019710
  10368.2000000    0.23900494865
  10368.4000000    0.25954060381
  10368.6000000    0.28250526274
  10368.8000000    0.30847210999
  10369.0000000    0.33651243571
  10369.2000000    0.36623321867
  10369.4000000    0.40066819862
  10369.6000000    0.43847986879
  10369.8000000    0.48053223569
  10370.0000000    0.52629898469
  10370.2000000    0.57453360518
  10370.4000000    0.62613645644
  10370.6000000    0.68185699953
  10370.8000000    0.74236330195
  10371.0000000    0.80700170012
  10371.2000000    0.87871379444
  10371.4000000    0.95838302529
  10371.6000000    1.03685238681
  10371.8000000    1.09072945687
  10372.0000000    1.16530930292
  10372.2000000    1.24503043361
  10372.4000000    1.32249159688
  10372.6000000    1.39776665888
  10372.8000000    1.47020378458
  10373.0000000    1.53757516757
  10373.2000000    1.59787843400
  10373.4000000    1.65359014300
  10373.6000000    1.70429555275
  10373.8000000    1.74945577340
  10374.0000000    1.78827813167
  10374.2000000    1.82178027555
  10374.4000000    1.85008086552
  10374.6000000    1.87525680910
  10374.8000000    1.89797845979
  10375.0000000    1.91749018289
  10375.2000000    1.93496486869
  10375.4000000    1.95099444925
  10375.6000000    1.96524786270
  10375.8000000    1.97884472745
  10376.0000000    1.98987503782
  10376.2000000    1.99791765015
  10376.4000000    2.00288271112
  10376.6000000    2.00444738957
  10376.8000000    2.00344734111
  10377.0000000    1.99890515655
  10377.2000000    1.99078036723
  10377.4000000    1.97881095860
  10377.6000000    1.96341235775
  10377.8000000    1.94426927842
  10378.0000000    1.92196542183
  10378.2000000    1.89693930694
  10378.4000000    1.86966969221
  10378.6000000    1.84058823761
  10378.8000000    1.81061793661
  10379.0000000    1.77953632843
  10379.2000000    1.74789784915
  10379.4000000    1.71701645596
  10379.6000000    1.68603934496
  10379.8000000    1.65455703293
  10380.0000000    1.62363998207
  10380.2000000    1.59298799615
  10380.4000000    1.56289784120
  10380.6000000    1.53231002860
  10380.8000000    1.50142186862
  10381.0000000    1.47204436814
  10381.2000000    1.44302978571
  10381.4000000    1.41367027130
  10381.6000000    1.38459913965
  10381.8000000    1.35699476821
  10382.0000000    1.33081554512
  10382.2000000    1.30597596119
  10382.4000000    1.28202857980
  10382.6000000    1.25935956296
  10382.8000000    1.23812460971
  10383.0000000    1.21742244587
  10383.2000000    1.19774714830
  10383.4000000    1.17979902143
  10383.6000000    1.16315166322
  10383.8000000    1.14814002151
  10384.0000000    1.13448653467
  10384.2000000    1.12182744618
  10384.4000000    1.11056103544
  10384.6000000    1.09931550026
  10384.8000000    1.08910597360
  10385.0000000    1.08137993458
  10385.2000000    1.07457147117
  10385.4000000    1.06761149188
  10385.6000000    1.06109718754
  10385.8000000    1.05559945587
  10386.0000000    1.05019621706
  10386.2000000    1.04517189091
  10386.4000000    1.04123798500
  10386.6000000    1.03735673085
  10386.8000000    1.03383381117
  10387.0000000    1.03114089682
  10387.2000000    1.03044539076
  10387.4000000    1.02834865352
  10387.6000000    1.02729066291
  10387.8000000    1.02659877849
  10388.0000000    1.02674558551
  10388.2000000    1.02820435514
  10388.4000000    1.02995972516
  10388.6000000    1.03110927811
  10388.8000000    1.03225134783
  10389.0000000    1.03366921109
  10389.2000000    1.03549593220
  10389.4000000    1.03775574605
  10389.6000000    1.04071135218
  10389.8000000    1.04326073605
  10390.0000000    1.04567459957
  10390.2000000    1.04801673118
  10390.4000000    1.04995538294
  10390.6000000    1.05183784914
  10390.8000000    1.05352260499
  10391.0000000    1.05524034156
  10391.2000000    1.05839555491
  10391.4000000    1.06214595826
  10391.6000000    1.06545286870
  10391.8000000    1.06792006364
  10392.0000000    1.06987929016
  10392.2000000    1.07122766270
  10392.4000000    1.07172122886
  10392.6000000    1.07339231257
  10392.8000000    1.07509500179
  10393.0000000    1.07643558881
  10393.2000000    1.07841754645
  10393.4000000    1.07939699839
  10393.6000000    1.08014489689
  10393.8000000    1.07984661988
  10394.0000000    1.07951364228
  10394.2000000    1.07904216393
  10394.4000000    1.07874061129
  10394.6000000    1.07813411183
  10394.8000000    1.07708136965
  10395.0000000    1.07625776814
  10395.2000000    1.07590565863
  10395.4000000    1.07442094694
  10395.6000000    1.07245180919
  10395.8000000    1.07025957321
  10396.0000000    1.06774866976
  10396.2000000    1.06437037777
  10396.4000000    1.06076189868
  10396.6000000    1.05751447886
  10396.8000000    1.05265043681
  10397.0000000    1.04680903188
  10397.2278600    1.03923212794
  10397.4835810    1.03080705958
  10397.7671620    1.02165801639
  10398.0786040    1.01054403988
  10398.4179050    0.99477467034
  10398.7850670    0.97925490439
  10399.1800900    0.96389115490
  10399.6029730    0.94878534629
  10400.0537160    0.93266259688
  10400.5323190    0.91518476437
  10401.0387830    0.89805702993
  10401.5731070    0.88263136783
  10402.1352920    0.87121180418
  10402.7253370    0.86083170559
  10403.3432420    0.85392295947
  10403.9890080    0.85048138531
  10404.6626340    0.85002864640
  10405.3641200    0.85310179102
  10406.0934670    0.85844517313
  10406.8506740    0.86520282766
  10407.6357410    0.87313223482
  10408.4486690    0.88290771722
  10409.2894570    0.89287773508
  10410.1581060    0.90446040174
  10411.0546140    0.91828873214
  10411.9789830    0.93923142021
  10412.9312130    0.96032105120
  10413.9113030    0.97575992305
  10414.9192530    0.99992315498
  10415.9550640    1.02369217675
  10417.0187340    1.04625401861
  10418.1102660    1.06723035072
  10419.2327230    1.08455515082
  10420.3673730    1.09898585127
  10421.5142140    1.11215188116
  10422.6732480    1.12230208453
  10423.8444730    1.12948626235
  10425.0278900    1.13497008315
  10426.2234990    1.13940876644
  10427.4313000    1.14174598087
  10428.6512930    1.14257613025
  10429.8834780    1.14127934532
  10431.1278550    1.13834966018
  10432.3844230    1.13451294547
  10433.6531840    1.12863124397
  10434.9341360    1.12216457084
  10436.2272800    1.11542793734
  10437.5326170    1.10817528745
  10438.8501450    1.10056662410
  10440.1798650    1.09246837786
  10441.5217770    1.08471707313
  10442.8758810    1.07745853133
  10444.2421770    1.06964464812
  10445.6206640    1.06220294306
  10447.0113440    1.05531146787
  10448.4142150    1.04875685999
  10449.8292790    1.04290190434
  10451.2565340    1.03773146077
  10452.6959810    1.03180530814
  10454.1476200    1.02514053657
  10455.6114520    1.01913060689
  10457.0874750    1.01398603294
  10458.5756890    1.00825584230
  10460.0760960    1.00336732555
  10461.5886950    0.99900741739
  10463.1134850    0.99446339816
  10464.6504680    0.99154597023
  10466.1996420    0.98926805017
  10467.7610090    0.98762932800
  10469.3345670    0.98694364027
  10470.9203170    0.98496343275
  10472.5182590    0.98351814486
  10474.1283930    0.98412604277
  10475.7507190    0.98459718002
  10477.3852370    0.98499296248
  10479.0319460    0.98534072745
  10480.6908480    0.98537126634
  10482.3619420    0.98459428261
  10484.0452270    0.98407395605
  10485.7407040    0.98366201534
  10487.4483740    0.98258738687
  10489.1682350    0.98216710871
  10490.9002880    0.98298909728
  10492.6445330    0.98413479930
  10494.4009700    0.98599275524
  10496.1695980    0.98863370188
  10497.9504190    0.99255408286
  10499.7434320    0.99719702593
  10501.5486360    1.00186092906
  10503.3660320    1.00686617482
  10505.1956210    1.01076946058
  10507.0374010    1.01314421642
  10508.8913730    1.01549764669
  10510.7575370    1.01836388645
  10512.6358930    1.02110874770
  10514.5264410    1.02226489565
  10516.4291810    1.02299907807
  10518.3441120    1.02368833761
  10520.2712360    1.02395590191
  10522.2105520    1.02279762598
  10524.1620590    1.02008891222
  10526.1257580    1.01669856723
  10528.1016490    1.01221275833
  10530.0897330    1.00665959376
  10532.0900080    1.00157410331
  10534.1024750    0.99745033761
  10536.1271330    0.99299305619
  10538.1639840    0.98824634415
  10540.2130270    0.98397882329
  10542.2742610    0.97933832463
  10544.3476880    0.97493043672
  10546.4333060    0.97194741968
  10548.5311170    0.97083137473
  10550.6411190    0.97146150468
  10552.7633130    0.97134332675
  10554.8976990    0.97191942347
  10557.0442770    0.97342061159
  10559.2030470    0.97419353020
  10561.3740080    0.97479638528
  10563.5571620    0.97709835711
  10565.7525080    0.98062215438
  10567.9600450    0.98352759264
  10570.1797750    0.98527242974
  10572.4116960    0.98646947668
  10574.6558090    0.98784539298
  10576.9121140    0.98809336332
  10579.1806110    0.98778753358
  10581.4613000    0.98831529057
  10583.7541810    0.98897521647
  10586.0592540    0.98896002761
  10588.3765180    0.98877021685
  10590.7059750    0.98768147592
  10593.0476230    0.98586710713
  10595.4014640    0.98329783120
  10597.7674960    0.98031452184
  10600.1457200    0.97690320170
  10602.5361360    0.97362101272
  10604.9387440    0.97139707509
  10607.3535440    0.97055667848
  10609.7805360    0.97181561029
  10612.2197200    0.97342269195
  10614.6710960    0.97563939808
  10617.1346630    0.97914033580
  10619.6104230    0.98149891478
  10622.0983740    0.98371392753
  10624.5985170    0.98609939783
  10627.1108520    0.98725733248
  10629.6353800    0.98771459493
  10632.1720990    0.98881540730
  10634.7210090    0.99043592435
  10637.2821120    0.99279752739
  10639.8554070    0.99495510171
  10642.4408940    0.99629252691
  10645.0385720    0.99645705979
  10647.6484430    0.99623865730
  10650.2705050    0.99578229423
  10652.9047590    0.99492199280
  10655.5512050    0.99422682360
  10658.2098440    0.99326306092
  10660.8806740    0.99208967693
  10663.5636960    0.99213766355
  10666.2589090    0.99197276813
  10668.9663150    0.99009945344
  10671.6859130    0.98792787994
  10674.4177020    0.98623785644
  10677.1616840    0.98340646973
  10679.9178570    0.98136445327
  10682.6862220    0.98082116857
  10685.4667800    0.98164528294
  10688.2595290    0.98339017042
  10691.0644700    0.98460160660
  10693.8816020    0.98611421057
  10696.7109270    0.98713906400
  10699.5524440    0.98736965853
  10702.4061530    0.98830911215
  10705.2720530    0.99042985443
  10708.1501460    0.99068677653
  10711.0404300    0.99069546022
  10713.9429060    0.99207307789
  10716.8575740    0.99368290241
  10719.7844350    0.99590563926
  10722.7234870    0.99723050173
  10725.6747300    0.99835209415
  10728.6381660    0.99987538785
  10731.6137940    1.00140941982
  10734.6016140    1.00205107965
  10737.6016250    1.00188723397
  10740.6138290    1.00076078801
  10743.6382240    0.99933383644
  10746.6748110    0.99865828578
  10749.7235900    0.99841949275
  10752.7845610    0.99747629654
  10755.8577240    0.99804478615
  10758.9430790    0.99849519758
  10762.0406260    0.99896052579
  10765.1503650    1.00017552310
  10768.2722950    1.00151456621
  10771.4064180    1.00359533408
  10774.5527320    1.00484976411
  10777.7112390    1.00641200741
  10780.8819370    1.00752838330
  10784.0648270    1.00849691935
  10787.2599090    1.00899284028
  10790.4671830    1.00963082154
  10793.6866490    1.01053305717
  10796.9183070    1.01131942837
  10800.1621570    1.01191572387
  10803.4181980    1.01268441900
  10806.6864320    1.01321314434
  10809.9668570    1.01440485789
  10813.2594740    1.01406818515
  10816.5642840    1.01402312559
  10819.8812850    1.01445586092
  10823.2104780    1.01517418005
  10826.5518630    1.01591385018
  10829.9054400    1.01598377713
  10833.2712090    1.01526216241
  10836.6491690    1.01508314529
  10840.0393220    1.01371374167
  10843.4416660    1.01277273725
  10846.8562030    1.01378380335
  10850.2829310    1.01279460788
  10853.7218510    1.01216379140
  10857.1729640    1.01034493170
  10860.6362680    1.00993193477
  10864.1117640    1.01108604351
  10867.5994510    1.01183946632
  10871.0993310    1.01059456871
  10874.6114030    1.00961899965
  10878.1356660    1.00927543418
  10881.6721220    1.00961011894
  10885.2207690    1.01028565773
  10888.7816090    1.01199167724
  10892.3546400    1.01226883830
  10895.9398630    1.01197962163
  10899.5372780    1.01233197780
  10903.1468850    1.01129252230
  10906.7686840    1.01140466337
  10910.4026750    1.01159803099
  10914.0488570    1.01176297934
  10917.7072320    1.01135020439
  10921.3777990    1.01030563006
  10925.0605570    1.00992183920
  10928.7555070    1.00987726672
  10932.4626500    1.00983092118
  10936.1819840    1.00865852178
  10939.9135100    1.00890673582
  10943.6572280    1.00866662767
  10947.4131380    1.00786176922
  10951.1812390    1.00827773503
  10954.9615330    1.00831152870
  10958.7540190    1.00798049273
  10962.5586960    1.00691993397
  10966.3755650    1.00491881101
  10970.2046270    1.00429181049
  10974.0458800    1.00423186967
  10977.8993250    1.00250069025
  10981.7649620    1.00254953627
  10985.6427910    1.00501314803
  10989.5328120    1.00507748335
  10993.4350250    1.00429116088
  10997.3494290    1.00322883637
  11001.2760260    1.00220156492
  11005.2148140    1.00101239742
  11009.1657950    0.99960340849
  11013.1289670    0.99881430927
  11017.1043310    0.99830553507
  11021.0918880    0.99881371843
  11025.0916360    0.99753375072
  11029.1035750    0.99636353577
  11033.1277070    0.99782242324
  11037.1640310    0.99703783237
  11041.2125470    0.99612722029
  11045.2732540    0.99620688116
  11049.3461540    0.99455208486
  11053.4312450    0.99468485740
  11057.5285290    0.99620023470
  11061.6380040    0.99539569882
  11065.7596710    0.99402784085
  11069.8935300    0.99207588197
  11074.0395810    0.99229491173
  11078.1978240    0.99177953680
  11082.3682580    0.99125783958
  11086.5508850    0.99155304106
  11090.7457040    0.99235688779
  11094.9527140    0.99149962275
  11099.1719160    0.99060729481
  11103.4033110    0.98893596931
  11107.6468970    0.98886053975
  11111.9026750    0.99082260519
  11116.1706450    0.99200554288
  11120.4508070    0.99349805751
  11124.7431610    0.99531728479
  11129.0477070    0.99237432309
  11133.3644440    0.99129915625
  11137.6933740    0.99090390589
  11142.0344950    0.99118551750
  11146.3878090    0.99284219311
  11150.7533140    0.99239115763
  11155.1310110    0.99143814599
  11159.5209000    0.99184660824
  11163.9229810    0.99273483521
  11168.3372540    0.99284071694
  11172.7637190    0.99246558697
  11177.2023760    0.99421156681
  11181.6532240    0.99496475790
  11186.1162650    0.99432084542
  11190.5914970    0.99364656530
  11195.0789220    0.99416786263
  11199.5785380    0.99494992240
  11204.0903460    0.99483346201
  11208.6143460    0.99568636353
  11213.1505380    0.99479497525
  11217.6989220    0.99271584900
  11222.2594980    0.99457049358
  11226.8322660    0.99469537023
  11231.4172260    0.99529999960
  11236.0143770    0.99753241815
  11240.6237210    0.99897952369
  11245.2452560    0.99758472110
  11249.8789830    0.99820124219
  11254.5249020    0.99934374632
  11259.1830130    1.00098952845
  11263.8533160    1.00263627796
  11268.5358110    1.00297787733
  11273.2304980    1.00226801747
  11277.9373770    1.00361952434
  11282.6564480    1.00546630888
  11287.3877100    1.00605213344
  11292.1311650    1.00644171401
  11296.8868110    1.00804416896
  11301.6546490    1.00877928444
  11306.4346790    1.00968045923
  11311.2269010    1.01290764977
  11316.0313150    1.01488813401
  11320.8479210    1.01576776975
  11325.6767190    1.01859774639
