#---------------------------------
#  energy flat
  10182.0000000    0.00314776665
  10187.0000000    0.00237083495
  10192.0000000    0.00147879434
  10197.0000000    0.00131431584
  10202.0000000    0.00108363241
  10207.0000000    0.00125744492
  10212.0000000    0.00149677031
  10217.0000000    0.00087473967
  10222.0000000    0.00033656091
  10227.0000000    0.00068891910
  10232.0000000    0.00071648101
  10237.0000000    0.00085234680
  10242.0000000    0.00100955040
  10247.0000000    0.00009294246
  10252.0000000   -0.00014166251
  10257.0000000   -0.00083497301
  10262.0000000   -0.00144535435
  10267.0000000   -0.00145400907
  10272.0000000   -0.00096555017
  10277.0000000   -0.00075667443
  10282.0000000   -0.00052150126
  10287.0000000   -0.00008056227
  10292.0000000   -0.00025392192
  10297.0000000   -0.00021044315
  10302.0000000    0.00007455672
  10307.0000000    0.00053360403
  10312.0000000    0.00094063318
  10317.0000000    0.00141905754
  10322.0000000    0.00216460837
  10327.0000000    0.00312676696
  10332.0000000    0.00483540334
  10337.0000000    0.00627541383
  10341.0000000    0.00797378585
  10344.0000000    0.00895290105
  10346.0000000    0.01036269511
  10347.0000000    0.01119221657
  10347.2000000    0.01260932470
  10347.4000000    0.01333393395
  10347.6000000    0.01351010346
  10347.8000000    0.01409019221
  10348.0000000    0.01405632834
  10348.2000000    0.01352004522
  10348.4000000    0.01333762396
  10348.6000000    0.01335912309
  10348.8000000    0.01314152326
  10349.0000000    0.01348043693
  10349.2000000    0.01386652449
  10349.4000000    0.01488202018
  10349.6000000    0.01580593623
  10349.8000000    0.01617541490
  10350.0000000    0.01620890934
  10350.2000000    0.01575509403
  10350.4000000    0.01562100006
  10350.6000000    0.01522969881
  10350.8000000    0.01501671256
  10351.0000000    0.01570452848
  10351.2000000    0.01686304525
  10351.4000000    0.01784094023
  10351.6000000    0.01883901964
  10351.8000000    0.01985001709
  10352.0000000    0.02023391320
  10352.2000000    0.02072830463
  10352.4000000    0.02058544485
  10352.6000000    0.02046576832
  10352.8000000    0.02061806254
  10353.0000000    0.02107081639
  10353.2000000    0.02225563059
  10353.4000000    0.02275798045
  10353.6000000    0.02298674482
  10353.8000000    0.02340178262
  10354.0000000    0.02354069744
  10354.2000000    0.02412551511
  10354.4000000    0.02434966590
  10354.6000000    0.02486943204
  10354.8000000    0.02505932696
  10355.0000000    0.02526548477
  10355.2000000    0.02617694415
  10355.4000000    0.02713834557
  10355.6000000    0.02829490157
  10355.8000000    0.02874511794
  10356.0000000    0.02816004619
  10356.2000000    0.02787370396
  10356.4000000    0.02789647182
  10356.6000000    0.02798705937
  10356.8000000    0.02861812821
  10357.0000000    0.03041274280
  10357.2000000    0.03123988894
  10357.4000000    0.03153335882
  10357.6000000    0.03228841772
  10357.8000000    0.03308407615
  10358.0000000    0.03395493600
  10358.2000000    0.03520860793
  10358.4000000    0.03618534952
  10358.6000000    0.03725909169
  10358.8000000    0.03824413773
  10359.0000000    0.03897843550
  10359.2000000    0.04020903952
  10359.4000000    0.04152395677
  10359.6000000    0.04261303911
  10359.8000000    0.04349508690
  10360.0000000    0.04441704218
  10360.2000000    0.04498513561
  10360.4000000    0.04560397846
  10360.6000000    0.04707506551
  10360.8000000    0.04871823923
  10361.0000000    0.05008690473
  10361.2000000    0.05184957026
  10361.4000000    0.05345756540
  10361.6000000    0.05489116709
  10361.8000000    0.05634656796
  10362.0000000    0.05792803500
  10362.2000000    0.05896948209
  10362.4000000    0.06013157439
  10362.6000000    0.06123738097
  10362.8000000    0.06262219402
  10363.0000000    0.06490803991
  10363.2000000    0.06816723657
  10363.4000000    0.07085377219
  10363.6000000    0.07317698811
  10363.8000000    0.07486779708
  10364.0000000    0.07667037010
  10364.2000000    0.07954098770
  10364.4000000    0.08249211233
  10364.6000000    0.08613216031
  10364.8000000    0.08989539096
  10365.0000000    0.09344385931
  10365.2000000    0.09685357414
  10365.4000000    0.10042165021
  10365.6000000    0.10510402204
  10365.8000000    0.11031141966
  10366.0000000    0.11604418910
  10366.2000000    0.12246680461
  10366.4000000    0.12875008989
  10366.6000000    0.13543879382
  10366.8000000    0.14300073377
  10367.0000000    0.15085828907
  10367.2000000    0.16024766942
  10367.4000000    0.17167071737
  10367.6000000    0.18490701895
  10367.8000000    0.20006533941
  10368.0000000    0.21697209266
  10368.2000000    0.23493535652
  10368.4000000    0.25444451687
  10368.6000000    0.27564363283
  10368.8000000    0.29865300361
  10369.0000000    0.32579545313
  10369.2000000    0.35612588883
  10369.4000000    0.38987729667
  10369.6000000    0.42757008886
  10369.8000000    0.46883771619
  10370.0000000    0.51378952060
  10370.2000000    0.56269493537
  10370.4000000    0.61630193770
  10370.6000000    0.67345194145
  10370.8000000    0.73587065752
  10371.0000000    0.80271933643
  10371.2000000    0.87596786298
  10371.4000000    0.95706363365
  10371.6000000    1.03805352258
  10371.8000000    1.09553351289
  10372.0000000    1.17022955125
  10372.2000000    1.25309140167
  10372.4000000    1.33248861915
  10372.6000000    1.41002873993
  10372.8000000    1.48384303156
  10373.0000000    1.55127314682
  10373.2000000    1.61129925284
  10373.4000000    1.66572341472
  10373.6000000    1.71468473172
  10373.8000000    1.75825425252
  10374.0000000    1.79676415483
  10374.2000000    1.82960590651
  10374.4000000    1.85826231296
  10374.6000000    1.88368561730
  10374.8000000    1.90603660263
  10375.0000000    1.92651133992
  10375.2000000    1.94511767193
  10375.4000000    1.96220692266
  10375.6000000    1.97687206120
  10375.8000000    1.98949555315
  10376.0000000    2.00015721309
  10376.2000000    2.00870248569
  10376.4000000    2.01470899693
  10376.6000000    2.01821665387
  10376.8000000    2.01924183434
  10377.0000000    2.01576678721
  10377.2000000    2.00868054961
  10377.4000000    1.99674437395
  10377.6000000    1.97999516856
  10377.8000000    1.96016625639
  10378.0000000    1.93712453493
  10378.2000000    1.91189860241
  10378.4000000    1.88351406956
  10378.6000000    1.85360137643
  10378.8000000    1.82177551889
  10379.0000000    1.78919243008
  10379.2000000    1.75610677938
  10379.4000000    1.72269411304
  10379.6000000    1.69109328817
  10379.8000000    1.66058273984
  10380.0000000    1.63066581536
  10380.2000000    1.60081818063
  10380.4000000    1.57086428832
  10380.6000000    1.54021682896
  10380.8000000    1.50965457495
  10381.0000000    1.47939920864
  10381.2000000    1.44941981855
  10381.4000000    1.42077037747
  10381.6000000    1.39319436973
  10381.8000000    1.36624658421
  10382.0000000    1.33994801220
  10382.2000000    1.31510995202
  10382.4000000    1.29173355662
  10382.6000000    1.26923543809
  10382.8000000    1.24835469193
  10383.0000000    1.22792823341
  10383.2000000    1.20894844401
  10383.4000000    1.19178417925
  10383.6000000    1.17516024431
  10383.8000000    1.15989785663
  10384.0000000    1.14570382255
  10384.2000000    1.13312323658
  10384.4000000    1.12163522480
  10384.6000000    1.11061787572
  10384.8000000    1.10033393253
  10385.0000000    1.09127889361
  10385.2000000    1.08346683012
  10385.4000000    1.07698632238
  10385.6000000    1.07169296489
  10385.8000000    1.06560937531
  10386.0000000    1.05995077121
  10386.2000000    1.05422834297
  10386.4000000    1.04876158087
  10386.6000000    1.04468519542
  10386.8000000    1.04231175632
  10387.0000000    1.04036283942
  10387.2000000    1.03765529070
  10387.4000000    1.03565945886
  10387.6000000    1.03540002036
  10387.8000000    1.03494526751
  10388.0000000    1.03521791648
  10388.2000000    1.03583157929
  10388.4000000    1.03631151788
  10388.6000000    1.03725749758
  10388.8000000    1.03865498537
  10389.0000000    1.04024562008
  10389.2000000    1.04160472090
  10389.4000000    1.04296504290
  10389.6000000    1.04454780683
  10389.8000000    1.04658230748
  10390.0000000    1.04778596814
  10390.2000000    1.04852741402
  10390.4000000    1.04965923462
  10390.6000000    1.05180426353
  10390.8000000    1.05405800712
  10391.0000000    1.05715287162
  10391.2000000    1.05982311984
  10391.4000000    1.06196263902
  10391.6000000    1.06448030471
  10391.8000000    1.06653690566
  10392.0000000    1.06791514178
  10392.2000000    1.06901570230
  10392.4000000    1.06998022382
  10392.6000000    1.07143384665
  10392.8000000    1.07300955965
  10393.0000000    1.07423977587
  10393.2000000    1.07543545041
  10393.4000000    1.07728977386
  10393.6000000    1.07888694937
  10393.8000000    1.07983712883
  10394.0000000    1.07983973687
  10394.2000000    1.07957412329
  10394.4000000    1.08013578311
  10394.6000000    1.08040845929
  10394.8000000    1.07993494543
  10395.0000000    1.07945641334
  10395.2000000    1.07902707216
  10395.4000000    1.07888198364
  10395.6000000    1.07827420811
  10395.8000000    1.07667733544
  10396.0000000    1.07450474226
  10396.2000000    1.07088722911
  10396.4000000    1.06731406029
  10396.6000000    1.06307359014
  10396.8000000    1.05662880294
  10397.0000000    1.04982190226
  10397.2278600    1.04213911580
  10397.4835810    1.03333985581
  10397.7671620    1.02424930696
  10398.0786040    1.01246178544
  10398.4179050    0.99556864549
  10398.7850670    0.98207584490
  10399.1800900    0.96712959130
  10399.6029730    0.95081680971
  10400.0537160    0.93363667459
  10400.5323190    0.91637812163
  10401.0387830    0.90008870314
  10401.5731070    0.88574564675
  10402.1352920    0.87138388953
  10402.7253370    0.85958854722
  10403.3432420    0.85243634288
  10403.9890080    0.84732215886
  10404.6626340    0.84448864280
  10405.3641200    0.84503820687
  10406.0934670    0.85090280813
  10406.8506740    0.85779486191
  10407.6357410    0.86600348001
  10408.4486690    0.87564709354
  10409.2894570    0.88614059038
  10410.1581060    0.89815031141
  10411.0546140    0.91217815319
  10411.9789830    0.93076038470
  10412.9312130    0.95488590541
  10413.9113030    0.97367427234
  10414.9192530    0.99331670383
  10415.9550640    1.01897468435
  10417.0187340    1.04163748872
  10418.1102660    1.06265489297
  10419.2327230    1.08132243418
  10420.3673730    1.09574235688
  10421.5142140    1.10859419272
  10422.6732480    1.12168411392
  10423.8444730    1.13085663001
  10425.0278900    1.13634399276
  10426.2234990    1.14126563762
  10427.4313000    1.14563006096
  10428.6512930    1.14746445626
  10429.8834780    1.14704214021
  10431.1278550    1.14564772739
  10432.3844230    1.14212940086
  10433.6531840    1.13660038193
  10434.9341360    1.13050422706
  10436.2272800    1.12351240874
  10437.5326170    1.11556975375
  10438.8501450    1.10672167073
  10440.1798650    1.09787168825
  10441.5217770    1.08902437917
  10442.8758810    1.08132571622
  10444.2421770    1.07370253759
  10445.6206640    1.06502470454
  10447.0113440    1.05847115814
  10448.4142150    1.05298649939
  10449.8292790    1.04632155495
  10451.2565340    1.03962829185
  10452.6959810    1.03226190941
  10454.1476200    1.02493861431
  10455.6114520    1.01902604754
  10457.0874750    1.01341735818
  10458.5756890    1.00843290153
  10460.0760960    1.00440825181
  10461.5886950    1.00153481219
  10463.1134850    0.99826304730
  10464.6504680    0.99524317084
  10466.1996420    0.99278953193
  10467.7610090    0.99093642519
  10469.3345670    0.98920719533
  10470.9203170    0.98749980160
  10472.5182590    0.98571312460
  10474.1283930    0.98451927857
  10475.7507190    0.98412186468
  10477.3852370    0.98363567519
  10479.0319460    0.98379694427
  10480.6908480    0.98353960117
  10482.3619420    0.98295927647
  10484.0452270    0.98202887574
  10485.7407040    0.98118196354
  10487.4483740    0.98022649831
  10489.1682350    0.97875982910
  10490.9002880    0.97828655120
  10492.6445330    0.97858139407
  10494.4009700    0.97940939381
  10496.1695980    0.98265021966
  10497.9504190    0.98717455227
  10499.7434320    0.99300000880
  10501.5486360    0.99970798716
  10503.3660320    1.00593432322
  10505.1956210    1.01098727754
  10507.0374010    1.01489667402
  10508.8913730    1.01854906961
  10510.7575370    1.02049515949
  10512.6358930    1.02268884335
  10514.5264410    1.02499729129
  10516.4291810    1.02669412995
  10518.3441120    1.02733118084
  10520.2712360    1.02588101965
  10522.2105520    1.02294458453
  10524.1620590    1.01843053903
  10526.1257580    1.01393887740
  10528.1016490    1.00907467565
  10530.0897330    1.00282109062
  10532.0900080    0.99663877099
  10534.1024750    0.99238858298
  10536.1271330    0.98864190374
  10538.1639840    0.98393411394
  10540.2130270    0.98014705363
  10542.2742610    0.97862391997
  10544.3476880    0.97725532417
  10546.4333060    0.97519369017
  10548.5311170    0.97377273203
  10550.6411190    0.97280460132
  10552.7633130    0.97234964941
  10554.8976990    0.97243546497
  10557.0442770    0.97351477057
  10559.2030470    0.97633347436
  10561.3740080    0.97863957140
  10563.5571620    0.98179348131
  10565.7525080    0.98543521374
  10567.9600450    0.98777225280
  10570.1797750    0.98984942519
  10572.4116960    0.99135631325
  10574.6558090    0.99157187940
  10576.9121140    0.99091348022
  10579.1806110    0.98992003222
  10581.4613000    0.98873113750
  10583.7541810    0.98804048137
  10586.0592540    0.98912397474
  10588.3765180    0.98917680612
  10590.7059750    0.98872977377
  10593.0476230    0.98751298335
  10595.4014640    0.98600116041
  10597.7674960    0.98316707351
  10600.1457200    0.97982637539
  10602.5361360    0.97675734076
  10604.9387440    0.97315808326
  10607.3535440    0.97140685048
  10609.7805360    0.97040623803
  10612.2197200    0.97071049525
  10614.6710960    0.97298943284
  10617.1346630    0.97572970526
  10619.6104230    0.97834989954
  10622.0983740    0.98007736344
  10624.5985170    0.98185776274
  10627.1108520    0.98292788312
  10629.6353800    0.98481329917
  10632.1720990    0.98811547771
  10634.7210090    0.99089079145
  10637.2821120    0.99292800307
  10639.8554070    0.99467099698
  10642.4408940    0.99596918729
  10645.0385720    0.99669827702
  10647.6484430    0.99694133841
  10650.2705050    0.99717174619
  10652.9047590    0.99775813557
  10655.5512050    0.99703154394
  10658.2098440    0.99537027663
  10660.8806740    0.99348942293
  10663.5636960    0.99041525902
  10666.2589090    0.98741902268
  10668.9663150    0.98433711628
  10671.6859130    0.98154295587
  10674.4177020    0.98004177886
  10677.1616840    0.97892809571
  10679.9178570    0.97761336392
  10682.6862220    0.97688064813
  10685.4667800    0.97629340347
  10688.2595290    0.97756846770
  10691.0644700    0.98053640455
  10693.8816020    0.98276411523
  10696.7109270    0.98354212538
  10699.5524440    0.98450211626
  10702.4061530    0.98693089473
  10705.2720530    0.99029889181
  10708.1501460    0.99271621310
  10711.0404300    0.99386434462
  10713.9429060    0.99489003629
  10716.8575740    0.99700761946
  10719.7844350    0.99893454530
  10722.7234870    1.00062608280
  10725.6747300    1.00221465348
  10728.6381660    1.00306935264
  10731.6137940    1.00371243428
  10734.6016140    1.00395080803
  10737.6016250    1.00453001027
  10740.6138290    1.00385786517
  10743.6382240    1.00380007254
  10746.6748110    1.00443802013
  10749.7235900    1.00393568343
  10752.7845610    1.00382287099
  10755.8577240    1.00299433610
  10758.9430790    1.00168068852
  10762.0406260    1.00042510162
  10765.1503650    1.00021572240
  10768.2722950    0.99949145642
  10771.4064180    0.99997976426
  10774.5527320    1.00241341347
  10777.7112390    1.00418031592
  10780.8819370    1.00508797375
  10784.0648270    1.00716693722
  10787.2599090    1.00858341427
  10790.4671830    1.00914811964
  10793.6866490    1.00893081571
  10796.9183070    1.00713183048
  10800.1621570    1.00673600981
  10803.4181980    1.00679119420
  10806.6864320    1.00696805264
  10809.9668570    1.00769088080
  10813.2594740    1.00978142926
  10816.5642840    1.01026192894
  10819.8812850    1.01071098366
  10823.2104780    1.01243176183
  10826.5518630    1.01297312632
  10829.9054400    1.01223663421
  10833.2712090    1.01160134039
  10836.6491690    1.01141308638
  10840.0393220    1.01139326194
  10843.4416660    1.01165310505
  10846.8562030    1.01184110822
  10850.2829310    1.01279491608
  10853.7218510    1.01382184565
  10857.1729640    1.01398515492
  10860.6362680    1.01287266792
  10864.1117640    1.01182536909
  10867.5994510    1.01147582879
  10871.0993310    1.01235119639
  10874.6114030    1.01234242234
  10878.1356660    1.01091253736
  10881.6721220    1.01063735711
  10885.2207690    1.01193954231
  10888.7816090    1.01377947888
  10892.3546400    1.01426819693
  10895.9398630    1.01452063282
  10899.5372780    1.01498990812
  10903.1468850    1.01538359366
  10906.7686840    1.01415160170
  10910.4026750    1.01370391885
  10914.0488570    1.01319173263
  10917.7072320    1.01201352254
  10921.3777990    1.01137399386
  10925.0605570    1.01118351749
  10928.7555070    1.01045397456
  10932.4626500    1.01020693032
  10936.1819840    1.00965635762
  10939.9135100    1.00857217263
  10943.6572280    1.00840179937
  10947.4131380    1.00854608570
  10951.1812390    1.00803933991
  10954.9615330    1.00695993288
  10958.7540190    1.00656686350
  10962.5586960    1.00681626590
  10966.3755650    1.00720454063
  10970.2046270    1.00720756971
  10974.0458800    1.00730539643
  10977.8993250    1.00696862247
  10981.7649620    1.00593683596
  10985.6427910    1.00521145409
  10989.5328120    1.00385089796
  10993.4350250    1.00149376189
  10997.3494290    1.00150412529
  11001.2760260    1.00120551680
  11005.2148140    1.00012677786
  11009.1657950    1.00087863788
  11013.1289670    1.00202065962
  11017.1043310    1.00107252086
  11021.0918880    1.00044039495
  11025.0916360    1.00052195421
  11029.1035750    0.99967153361
  11033.1277070    0.99799365040
  11037.1640310    0.99637461776
  11041.2125470    0.99605901509
  11045.2732540    0.99690321860
  11049.3461540    0.99652349985
  11053.4312450    0.99717673148
  11057.5285290    0.99894381056
  11061.6380040    0.99901179376
  11065.7596710    0.99823671333
  11069.8935300    0.99660081705
  11074.0395810    0.99422709477
  11078.1978240    0.99316104520
  11082.3682580    0.99185744538
  11086.5508850    0.99147281392
  11090.7457040    0.99246105442
  11094.9527140    0.99365119791
  11099.1719160    0.99230783996
  11103.4033110    0.99155993495
  11107.6468970    0.98992612034
  11111.9026750    0.98673267313
  11116.1706450    0.98719929830
  11120.4508070    0.98514188183
  11124.7431610    0.98526970948
  11129.0477070    0.98752742659
  11133.3644440    0.98853263290
  11137.6933740    0.99030431774
  11142.0344950    0.98867239266
  11146.3878090    0.98857863442
  11150.7533140    0.99163570439
  11155.1310110    0.99067088765
  11159.5209000    0.99069898758
  11163.9229810    0.99288989230
  11168.3372540    0.99276489493
  11172.7637190    0.99124276717
  11177.2023760    0.99272719894
  11181.6532240    0.99357307244
  11186.1162650    0.99269308751
  11190.5914970    0.99402811295
  11195.0789220    0.99243099804
  11199.5785380    0.99401986664
  11204.0903460    0.99416347476
  11208.6143460    0.99454778339
  11213.1505380    0.99653862717
  11217.6989220    0.99633053218
  11222.2594980    0.99551297642
  11226.8322660    0.99427112231
  11231.4172260    0.99496895762
  11236.0143770    0.99388890691
  11240.6237210    0.99453878705
  11245.2452560    0.99688255899
  11249.8789830    0.99973246401
  11254.5249020    1.00148858702
  11259.1830130    1.00261704262
  11263.8533160    1.00281216117
  11268.5358110    1.00128506995
  11273.2304980    1.00177796706
  11277.9373770    1.00395771367
  11282.6564480    1.00421352377
  11287.3877100    1.00604214281
  11292.1311650    1.00869127819
  11296.8868110    1.00909246918
  11301.6546490    1.00969379147
  11306.4346790    1.01106475033
  11311.2269010    1.01325728750
  11316.0313150    1.01620670340
  11320.8479210    1.01923016135
  11325.6767190    1.02100777372
