#---------------------------------
#  energy flat
  8794.00000000    0.01120633344
  8799.00000000    0.00855519745
  8804.00000000    0.00670703541
  8809.00000000    0.00363976124
  8814.00000000    0.00098665719
  8819.00000000   -0.00108783329
  8824.00000000   -0.00300400321
  8829.00000000   -0.00304897269
  8834.00000000   -0.00329556036
  8839.00000000   -0.00233068952
  8844.00000000   -0.00119240956
  8849.00000000    0.00005739457
  8854.00000000    0.00141741080
  8859.00000000    0.00182291145
  8864.00000000    0.00242040858
  8869.00000000    0.00242507828
  8874.00000000    0.00237223651
  8879.00000000    0.00294393002
  8884.00000000    0.00472052178
  8889.00000000    0.00459551732
  8894.00000000    0.00420810306
  8899.00000000    0.00236781331
  8904.00000000   -0.00018885515
  8909.00000000   -0.00228455709
  8914.00000000   -0.00431859273
  8919.00000000   -0.00508431442
  8924.00000000   -0.00460337096
  8929.00000000   -0.00330895717
  8934.00000000   -0.00152405576
  8939.00000000   -0.00043541498
  8944.00000000    0.00036282564
  8949.00000000    0.00066773587
  8953.00000000    0.00196279017
  8956.00000000    0.00314849156
  8958.00000000    0.00442055400
  8959.00000000    0.00531735494
  8959.20000000    0.00650423749
  8959.40000000    0.00703618896
  8959.60000000    0.00670874839
  8959.80000000    0.00732970051
  8960.00000000    0.00726991791
  8960.20000000    0.00702776052
  8960.40000000    0.00738499081
  8960.60000000    0.00840065097
  8960.80000000    0.00868549990
  8961.00000000    0.00871231253
  8961.20000000    0.00909862657
  8961.40000000    0.00897499092
  8961.60000000    0.00921566753
  8961.80000000    0.00985017749
  8962.00000000    0.00976787139
  8962.20000000    0.00958584957
  8962.40000000    0.01013879382
  8962.60000000    0.01059552115
  8962.80000000    0.01106952379
  8963.00000000    0.01053084334
  8963.20000000    0.01060882588
  8963.40000000    0.01129997262
  8963.60000000    0.01150259981
  8963.80000000    0.01231882854
  8964.00000000    0.01176746495
  8964.20000000    0.01237529658
  8964.40000000    0.01188516194
  8964.60000000    0.01205958008
  8964.80000000    0.01182616968
  8965.00000000    0.01259844477
  8965.20000000    0.01294167987
  8965.40000000    0.01352808137
  8965.60000000    0.01374601579
  8965.80000000    0.01471116208
  8966.00000000    0.01449130952
  8966.20000000    0.01459531436
  8966.40000000    0.01516684597
  8966.60000000    0.01536816111
  8966.80000000    0.01600726324
  8967.00000000    0.01626915131
  8967.20000000    0.01671581959
  8967.40000000    0.01661973698
  8967.60000000    0.01705109803
  8967.80000000    0.01731757827
  8968.00000000    0.01824445646
  8968.20000000    0.01895353453
  8968.40000000    0.01905054178
  8968.60000000    0.01889257419
  8968.80000000    0.01956294682
  8969.00000000    0.01950382025
  8969.20000000    0.02009000307
  8969.40000000    0.02026857603
  8969.60000000    0.02077909737
  8969.80000000    0.02130514461
  8970.00000000    0.02231380719
  8970.20000000    0.02320635343
  8970.40000000    0.02407397075
  8970.60000000    0.02442551549
  8970.80000000    0.02508079956
  8971.00000000    0.02600920847
  8971.20000000    0.02659889009
  8971.40000000    0.02752380021
  8971.60000000    0.02869974902
  8971.80000000    0.02976789114
  8972.00000000    0.03069651873
  8972.20000000    0.03149416011
  8972.40000000    0.03174139696
  8972.60000000    0.03269539083
  8972.80000000    0.03407077108
  8973.00000000    0.03503023182
  8973.20000000    0.03628140476
  8973.40000000    0.03822555822
  8973.60000000    0.03924034369
  8973.80000000    0.04141038823
  8974.00000000    0.04291128782
  8974.20000000    0.04490311238
  8974.40000000    0.04672568264
  8974.60000000    0.04889069766
  8974.80000000    0.05100891627
  8975.00000000    0.05411073421
  8975.20000000    0.05697375926
  8975.40000000    0.06010247421
  8975.60000000    0.06395369076
  8975.80000000    0.06786919771
  8976.00000000    0.07303333788
  8976.20000000    0.07837547936
  8976.40000000    0.08554443027
  8976.60000000    0.09345818763
  8976.80000000    0.10296717779
  8977.00000000    0.11407905438
  8977.20000000    0.12752834612
  8977.40000000    0.14366799416
  8977.60000000    0.16460361834
  8977.80000000    0.18897265587
  8978.00000000    0.21868216984
  8978.20000000    0.25249642885
  8978.40000000    0.29010338394
  8978.60000000    0.32954523943
  8978.80000000    0.36943669035
  8979.00000000    0.40847651872
  8979.20000000    0.44549812146
  8979.40000000    0.47938800626
  8979.60000000    0.50869810835
  8979.80000000    0.53153251691
  8980.00000000    0.55025948010
  8980.20000000    0.56467541153
  8980.40000000    0.57374882197
  8980.60000000    0.58063562626
  8980.80000000    0.58405110973
  8981.00000000    0.58575319912
  8981.20000000    0.58562140446
  8981.40000000    0.58294765657
  8981.60000000    0.57958019489
  8981.80000000    0.57402022207
  8982.00000000    0.56974313691
  8982.20000000    0.56545875784
  8982.40000000    0.56379096387
  8982.60000000    0.56317688596
  8982.80000000    0.56307421042
  8983.00000000    0.56434276651
  8983.20000000    0.56745970256
  8983.40000000    0.57204430559
  8983.60000000    0.57832181052
  8983.80000000    0.58407266781
  8984.00000000    0.59208979212
  8984.20000000    0.59939986182
  8984.40000000    0.60768426745
  8984.60000000    0.61602435597
  8984.80000000    0.62466373100
  8985.00000000    0.63228903145
  8985.20000000    0.63948149485
  8985.40000000    0.64582804436
  8985.60000000    0.65331206044
  8985.80000000    0.66135011857
  8986.00000000    0.66959190154
  8986.20000000    0.67663373556
  8986.40000000    0.68498054057
  8986.60000000    0.69374340329
  8986.80000000    0.70345785823
  8987.00000000    0.71368480622
  8987.20000000    0.72441593750
  8987.40000000    0.73515748419
  8987.60000000    0.74810559736
  8987.80000000    0.76116799626
  8988.00000000    0.77413584625
  8988.20000000    0.78729648596
  8988.40000000    0.80115614744
  8988.60000000    0.81637544721
  8988.80000000    0.83126402878
  8989.00000000    0.84640269235
  8989.20000000    0.86252552914
  8989.40000000    0.87873006809
  8989.60000000    0.89424438690
  8989.80000000    0.90919662893
  8990.00000000    0.92465086571
  8990.20000000    0.93867904123
  8990.40000000    0.95359276688
  8990.60000000    0.96763433432
  8990.80000000    0.98032834441
  8991.00000000    0.99256414747
  8991.20000000    1.00416461678
  8991.40000000    1.01492944608
  8991.60000000    1.02495157204
  8991.80000000    1.03499395099
  8992.00000000    1.04311562510
  8992.20000000    1.05063826485
  8992.40000000    1.05732745069
  8992.60000000    1.06204454273
  8992.80000000    1.06554571837
  8993.00000000    1.06711197467
  8993.20000000    1.06730027627
  8993.40000000    1.06694574217
  8993.60000000    1.06653186229
  8993.80000000    1.06644918972
  8994.00000000    1.06536665071
  8994.20000000    1.06277976232
  8994.40000000    1.05770405039
  8994.60000000    1.05225628704
  8994.80000000    1.04612704728
  8995.00000000    1.04073881069
  8995.20000000    1.03570911488
  8995.40000000    1.03134016834
  8995.60000000    1.02740323705
  8995.80000000    1.02276449196
  8996.00000000    1.01813878095
  8996.20000000    1.01260745094
  8996.40000000    1.00925797161
  8996.60000000    1.00505469897
  8996.80000000    1.00338096973
  8997.00000000    1.00048869732
  8997.20000000    0.99744523345
  8997.40000000    0.99608154221
  8997.60000000    0.99495939924
  8997.80000000    0.99381245844
  8998.00000000    0.99318368929
  8998.20000000    0.99319926702
  8998.40000000    0.99401073316
  8998.60000000    0.99439241522
  8998.80000000    0.99685972953
  8999.00000000    1.00037746936
  8999.20000000    1.00480152788
  8999.40000000    1.01038250631
  8999.60000000    1.01539003068
  8999.80000000    1.02103009250
  9000.00000000    1.02532608993
  9000.20000000    1.03163511869
  9000.40000000    1.03729415671
  9000.60000000    1.04177794694
  9000.80000000    1.04674163897
  9001.00000000    1.05243561533
  9001.20000000    1.05894734584
  9001.40000000    1.06558516190
  9001.60000000    1.07273874193
  9001.80000000    1.07767137043
  9002.00000000    1.07942197146
  9002.20000000    1.08096670917
  9002.40000000    1.08105388877
  9002.60000000    1.08172024743
  9002.80000000    1.08204210255
  9003.00000000    1.07922806996
  9003.20000000    1.07484823472
  9003.40000000    1.07144906500
  9003.60000000    1.06617401152
  9003.80000000    1.05959162864
  9004.00000000    1.05343141543
  9004.20000000    1.04783201157
  9004.40000000    1.04211639972
  9004.60000000    1.03666398054
  9004.80000000    1.03170807996
  9005.00000000    1.02684305605
  9005.20000000    1.02210083523
  9005.40000000    1.01796556342
  9005.60000000    1.01382538833
  9005.80000000    1.01069605441
  9006.00000000    1.00829547098
  9006.20000000    1.00517601064
  9006.40000000    1.00203852605
  9006.60000000    0.99908572865
  9006.80000000    0.99549955581
  9007.00000000    0.99051661362
  9007.20000000    0.98627772843
  9007.40000000    0.98241705715
  9007.60000000    0.97925386489
  9007.80000000    0.97715946137
  9008.00000000    0.97433043523
  9008.20000000    0.97169527964
  9008.40000000    0.96959578320
  9008.60000000    0.96778003242
  9008.80000000    0.96560337378
  9009.00000000    0.96290967336
  9009.22786000    0.96036415118
  9009.48358100    0.95619756545
  9009.76716200    0.95358798589
  9010.07860400    0.95220047291
  9010.41790500    0.95142566503
  9010.78506700    0.95124133884
  9011.18009000    0.95208122017
  9011.60297300    0.95298958447
  9012.05371600    0.95294270337
  9012.53231900    0.95401591468
  9013.03878300    0.95560426286
  9013.57310700    0.95969475678
  9014.13529200    0.96358208214
  9014.72533700    0.96812293033
  9015.34324200    0.97383942385
  9015.98900800    0.97999062285
  9016.66263400    0.98773194682
  9017.36412000    0.99534936748
  9018.09346700    1.00464624412
  9018.85067400    1.01385936068
  9019.63574100    1.02317958211
  9020.44866900    1.03233549754
  9021.28945700    1.04099207227
  9022.15810600    1.05071936643
  9023.05461400    1.05796805683
  9023.97898300    1.06272216228
  9024.93121300    1.06426048524
  9025.91130300    1.06388873219
  9026.91925300    1.05659990665
  9027.95506400    1.04607693235
  9029.01873400    1.03408846550
  9030.11026600    1.01849171664
  9031.23272300    1.00391353982
  9032.36737300    0.99237602016
  9033.51421400    0.98317971493
  9034.67324800    0.97794115591
  9035.84447300    0.97466197163
  9037.02789000    0.97393945277
  9038.22349900    0.97575007451
  9039.43130000    0.97952931032
  9040.65129300    0.98285586544
  9041.88347800    0.98459556476
  9043.12785500    0.98481125876
  9044.38442300    0.98565195790
  9045.65318400    0.98561545101
  9046.93413600    0.98801519359
  9048.22728000    0.99203692704
  9049.53261700    0.99587710738
  9050.85014500    0.99880895249
  9052.17986500    1.00172955122
  9053.52177700    1.00369431499
  9054.87588100    1.00721962089
  9056.24217700    1.01213105168
  9057.62066400    1.01860407161
  9059.01134400    1.02531993148
  9060.41421500    1.03160629417
  9061.82927900    1.03752555902
  9063.25653400    1.04442222502
  9064.69598100    1.04786514333
  9066.14762000    1.05296460510
  9067.61145200    1.05958904387
  9069.08747500    1.06406742903
  9070.57568900    1.06573572136
  9072.07609600    1.06376280795
  9073.58869500    1.05808753632
  9075.11348500    1.05012786929
  9076.65046800    1.04059194251
  9078.19964200    1.03051088311
  9079.76100900    1.02005007335
  9081.33456700    1.00974905674
  9082.92031700    1.00029409880
  9084.51825900    0.99341148361
  9086.12839300    0.98868120046
  9087.75071900    0.98271188378
  9089.38523700    0.97613775121
  9091.03194600    0.96802840308
  9092.69084800    0.95951422219
  9094.36194200    0.95220864990
  9096.04522700    0.94601180870
  9097.74070400    0.94311115308
  9099.44837400    0.94463618714
  9101.16823500    0.95057231394
  9102.90028800    0.95452771364
  9104.64453300    0.96241933531
  9106.40097000    0.97260650578
  9108.16959800    0.98069478044
  9109.95041900    0.98737039626
  9111.74343200    0.99205718586
  9113.54863600    0.99447069206
  9115.36603200    0.99717687716
  9117.19562100    1.00051974663
  9119.03740100    1.00439808914
  9120.89137300    1.01078809487
  9122.75753700    1.01976413938
  9124.63589300    1.03077496743
  9126.52644100    1.04162904176
  9128.42918100    1.05122251151
  9130.34411200    1.05784032979
  9132.27123600    1.06046698107
  9134.21055200    1.05960740071
  9136.16205900    1.05533135881
  9138.12575800    1.04855751403
  9140.10164900    1.03916691302
  9142.08973300    1.02705371811
  9144.09000800    1.01382825630
  9146.10247500    0.99901534329
  9148.12713300    0.98320758612
  9150.16398400    0.96803300748
  9152.21302700    0.95405206419
  9154.27426100    0.94181077791
  9156.34768800    0.93358356642
  9158.43330600    0.93063720074
  9160.53111700    0.93155048891
  9162.64111900    0.93711261083
  9164.76331300    0.94797628352
  9166.89769900    0.95981631007
  9169.04427700    0.97072712769
  9171.20304700    0.98111040884
  9173.37400800    0.98794643930
  9175.55716200    0.99163338249
  9177.75250800    0.99450905166
  9179.96004500    0.99556750050
  9182.17977500    0.99617320791
  9184.41169600    0.99646804829
  9186.65580900    0.99634175413
  9188.91211400    0.99553317160
  9191.18061100    0.99496767360
  9193.46130000    0.99584834703
  9195.75418100    0.99820311734
  9198.05925400    1.00237611080
  9200.37651800    1.00830471783
  9202.70597500    1.01486049775
  9205.04762300    1.02175166607
  9207.40146400    1.02736431790
  9209.76749600    1.03088884067
  9212.14572000    1.03180644923
  9214.53613600    1.03068604620
  9216.93874400    1.02719996440
  9219.35354400    1.02225079805
  9221.78053600    1.01616427409
  9224.21972000    1.00838092067
  9226.67109600    0.99960695266
  9229.13466300    0.99099511812
  9231.61042300    0.98326780296
  9234.09837400    0.97780735981
  9236.59851700    0.97405823497
  9239.11085200    0.97186198736
  9241.63538000    0.97149402128
  9244.17209900    0.97239353231
  9246.72100900    0.97471127609
  9249.28211200    0.97697543337
  9251.85540700    0.97952569082
  9254.44089400    0.98139011811
  9257.03857200    0.98319267291
  9259.64844300    0.98586782106
  9262.27050500    0.98868591907
  9264.90475900    0.99182525131
  9267.55120500    0.99517851195
  9270.20984400    0.99858240901
  9272.88067400    1.00216711595
  9275.56369600    1.00554278741
  9278.25890900    1.00897297999
  9280.96631500    1.01204203625
  9283.68591300    1.01412262539
  9286.41770200    1.01645270976
  9289.16168400    1.01877406865
  9291.91785700    1.02069290914
  9294.68622200    1.02217405510
  9297.46678000    1.02229931850
  9300.25952900    1.02120890134
  9303.06447000    1.01877971134
  9305.88160200    1.01542834729
  9308.71092700    1.01199475265
  9311.55244400    1.00883429150
  9314.40615300    1.00638192036
  9317.27205300    1.00538836174
  9320.15014600    1.00318819033
  9323.04043000    1.00279672178
  9325.94290600    1.00287151022
  9328.85757400    0.99939265492
  9331.78443500    0.99608658693
  9334.72348700    0.99375124848
  9337.67473000    0.99141680725
  9340.63816600    0.98977404031
  9343.61379400    0.98878466730
  9346.60161400    0.98880226833
  9349.60162500    0.98932715421
  9352.61382900    0.99088696065
  9355.63822400    0.99198134008
  9358.67481100    0.99283046902
  9361.72359000    0.99369869640
  9364.78456100    0.99539049571
  9367.85772400    0.99686516011
  9370.94307900    0.99876446469
  9374.04062600    1.00088566033
  9377.15036500    1.00360635882
  9380.27229500    1.00608746567
  9383.40641800    1.00733330618
  9386.55273200    1.00848685302
  9389.71123900    1.00929417283
  9392.88193700    1.00966840753
  9396.06482700    1.00955680354
  9399.25990900    1.00975769047
  9402.46718300    1.00896049635
  9405.68664900    1.00789925740
  9408.91830700    1.00710639014
  9412.16215700    1.00588666939
  9415.41819800    1.00362053252
  9418.68643200    1.00184148091
  9421.96685700    1.00082476937
  9425.25947400    1.00099040732
  9428.56428400    1.00106848416
  9431.88128500    1.00077531904
  9435.21047800    1.00022083785
  9438.55186300    1.00002404312
  9441.90544000    1.00013741590
  9445.27120900    0.99917514683
  9448.64916900    0.99813367202
  9452.03932200    0.99762411494
  9455.44166600    0.99752504784
  9458.85620300    0.99762012824
  9462.28293100    0.99777087158
  9465.72185100    0.99811125482
  9469.17296400    0.99825787050
  9472.63626800    0.99862460709
  9476.11176400    0.99906072770
  9479.59945100    1.00024865187
  9483.09933100    1.00088128885
  9486.61140300    1.00184705111
  9490.13566600    1.00253905354
  9493.67212200    1.00408362115
  9497.22076900    1.00552180677
  9500.78160900    1.00601273891
  9504.35464000    1.00592832785
  9507.93986300    1.00652479872
  9511.53727800    1.00621167195
  9515.14688500    1.00468077871
  9518.76868400    1.00293949971
  9522.40267500    1.00147039799
  9526.04885700    0.99996793713
  9529.70723200    0.99847076957
  9533.37779900    0.99788394717
  9537.06055700    0.99754068977
  9540.75550700    0.99733533434
  9544.46265000    0.99736034001
  9548.18198400    0.99820413090
  9551.91351000    0.99958261412
  9555.65722800    1.00006672114
  9559.41313800    1.00024619280
  9563.18123900    1.00041556500
  9566.96153300    0.99981885585
  9570.75401900    0.99827870861
  9574.55869600    0.99772142231
  9578.37556500    0.99737047431
  9582.20462700    0.99648652104
  9586.04588000    0.99565233923
  9589.89932500    0.99512181562
  9593.76496200    0.99464283091
  9597.64279100    0.99361557796
  9601.53281200    0.99378882247
  9605.43502500    0.99527652262
  9609.34942900    0.99503585521
  9613.27602600    0.99480772535
  9617.21481400    0.99518063841
  9621.16579500    0.99490928843
  9625.12896700    0.99467534896
  9629.10433100    0.99490639213
  9633.09188800    0.99540852305
  9637.09163600    0.99682975994
  9641.10357500    0.99857605002
  9645.12770700    0.99906886860
  9649.16403100    0.99986156745
  9653.21254700    1.00199186839
  9657.27325400    1.00299914434
  9661.34615400    1.00342080025
  9665.43124500    1.00362325678
  9669.52852900    1.00502563319
  9673.63800400    1.00541706663
  9677.75967100    1.00489677623
  9681.89353000    1.00313714012
  9686.03958100    1.00205502462
  9690.19782400    1.00048267903
  9694.36825800    0.99939231749
  9698.55088500    0.99929037912
  9702.74570400    0.99903101507
  9706.95271400    0.99967919007
  9711.17191600    1.00104118235
  9715.40331100    1.00189682210
  9719.64689700    1.00373490342
  9723.90267500    1.00506674779
  9728.17064500    1.00510126462
  9732.45080700    1.00384466437
  9736.74316100    1.00351353553
  9741.04770700    1.00320486488
  9745.36444400    1.00329621534
  9749.69337400    1.00242843974
  9754.03449500    1.00186389009
  9758.38780900    1.00102280487
  9762.75331400    0.99899218811
  9767.13101100    0.99805957511
  9771.52090000    0.99695949089
  9775.92298100    0.99613345174
  9780.33725400    0.99617256349
  9784.76371900    0.99686366231
  9789.20237600    0.99729340422
  9793.65322400    0.99765408488
  9798.11626500    0.99830463894
  9802.59149700    0.99851677886
  9807.07892200    0.99846185180
  9811.57853800    0.99858370351
  9816.09034600    0.99873489305
  9820.61434600    0.99940259570
  9825.15053800    0.99987916680
  9829.69892200    0.99942899102
  9834.25949800    0.99947916711
  9838.83226600    1.00020730624
  9843.41722600    1.00003027075
  9848.01437700    0.99916376610
  9852.62372100    0.99958646701
  9857.24525600    0.99893113829
  9861.87898300    0.99796897939
  9866.52490200    0.99731770560
  9871.18301300    0.99662545113
  9875.85331600    0.99673958641
  9880.53581100    0.99788690654
  9885.23049800    1.00040575507
  9889.93737700    1.00196841683
  9894.65644800    1.00330077693
  9899.38771000    1.00347644191
  9904.13116500    1.00209341777
  9908.88681100    1.00144076079
  9913.65464900    1.00035860608
  9918.43467900    0.99994559234
  9923.22690100    1.00063386510
  9928.03131500    1.00183438658
  9932.84792100    1.00292141010
  9937.67671900    1.00315244566
