#---------------------------------
#  energy flat
  8794.00000000    0.00453730891
  8799.00000000    0.00357443622
  8804.00000000    0.00269995653
  8809.00000000    0.00103888510
  8814.00000000   -0.00067173819
  8819.00000000   -0.00180504105
  8824.00000000   -0.00259760126
  8829.00000000   -0.00271679751
  8834.00000000   -0.00221853749
  8839.00000000   -0.00143544251
  8844.00000000   -0.00073191300
  8849.00000000    5.39651887e-6
  8854.00000000    0.00051542658
  8859.00000000    0.00108595464
  8864.00000000    0.00136211402
  8869.00000000    0.00125304000
  8874.00000000    0.00122965187
  8879.00000000    0.00188763133
  8884.00000000    0.00279195771
  8889.00000000    0.00245960604
  8894.00000000    0.00232722735
  8899.00000000    0.00123076471
  8904.00000000   -0.00017572076
  8909.00000000   -0.00150817269
  8914.00000000   -0.00240619245
  8919.00000000   -0.00279268630
  8924.00000000   -0.00216330804
  8929.00000000   -0.00114598928
  8934.00000000    0.00030988116
  8939.00000000    0.00139475995
  8944.00000000    0.00227460465
  8949.00000000    0.00296012600
  8953.00000000    0.00375423088
  8956.00000000    0.00488784748
  8958.00000000    0.00573504508
  8959.00000000    0.00654334763
  8959.20000000    0.00737178087
  8959.40000000    0.00778849814
  8959.60000000    0.00799135378
  8959.80000000    0.00844396967
  8960.00000000    0.00872156507
  8960.20000000    0.00865571071
  8960.40000000    0.00845226460
  8960.60000000    0.00844408343
  8960.80000000    0.00828665817
  8961.00000000    0.00841806968
  8961.20000000    0.00882183990
  8961.40000000    0.00895960723
  8961.60000000    0.00933418775
  8961.80000000    0.00964509236
  8962.00000000    0.01007663988
  8962.20000000    0.01020616818
  8962.40000000    0.01034275850
  8962.60000000    0.01059810853
  8962.80000000    0.01049011743
  8963.00000000    0.01076888983
  8963.20000000    0.01076023787
  8963.40000000    0.01078866153
  8963.60000000    0.01089335505
  8963.80000000    0.01134655943
  8964.00000000    0.01173903042
  8964.20000000    0.01187244283
  8964.40000000    0.01223195770
  8964.60000000    0.01226332387
  8964.80000000    0.01236848819
  8965.00000000    0.01223848712
  8965.20000000    0.01267650816
  8965.40000000    0.01300589173
  8965.60000000    0.01372062640
  8965.80000000    0.01395679126
  8966.00000000    0.01412739699
  8966.20000000    0.01412792566
  8966.40000000    0.01428911537
  8966.60000000    0.01460084388
  8966.80000000    0.01469659217
  8967.00000000    0.01506081506
  8967.20000000    0.01536689395
  8967.40000000    0.01573335315
  8967.60000000    0.01630755354
  8967.80000000    0.01685809616
  8968.00000000    0.01708531578
  8968.20000000    0.01740598953
  8968.40000000    0.01777386113
  8968.60000000    0.01786407750
  8968.80000000    0.01811377790
  8969.00000000    0.01851307551
  8969.20000000    0.01914424289
  8969.40000000    0.01959050296
  8969.60000000    0.02022755536
  8969.80000000    0.02093322710
  8970.00000000    0.02136583391
  8970.20000000    0.02186305825
  8970.40000000    0.02224905571
  8970.60000000    0.02262340083
  8970.80000000    0.02302670025
  8971.00000000    0.02327228114
  8971.20000000    0.02387625974
  8971.40000000    0.02488030197
  8971.60000000    0.02579983533
  8971.80000000    0.02647596426
  8972.00000000    0.02740973936
  8972.20000000    0.02841354620
  8972.40000000    0.02891241834
  8972.60000000    0.02958595787
  8972.80000000    0.03033235394
  8973.00000000    0.03109416876
  8973.20000000    0.03199898957
  8973.40000000    0.03297702002
  8973.60000000    0.03439254283
  8973.80000000    0.03575380577
  8974.00000000    0.03706822395
  8974.20000000    0.03871067313
  8974.40000000    0.04018798866
  8974.60000000    0.04166695199
  8974.80000000    0.04353762223
  8975.00000000    0.04527152462
  8975.20000000    0.04741667219
  8975.40000000    0.05001849729
  8975.60000000    0.05286537461
  8975.80000000    0.05593458798
  8976.00000000    0.05964515081
  8976.20000000    0.06347941674
  8976.40000000    0.06732321641
  8976.60000000    0.07226928029
  8976.80000000    0.07795921065
  8977.00000000    0.08456284919
  8977.20000000    0.09282006058
  8977.40000000    0.10286761268
  8977.60000000    0.11453401601
  8977.80000000    0.12865329558
  8978.00000000    0.14520214670
  8978.20000000    0.16455791685
  8978.40000000    0.18675885865
  8978.60000000    0.21165455100
  8978.80000000    0.23916978334
  8979.00000000    0.26924441077
  8979.20000000    0.30327400689
  8979.40000000    0.33992114209
  8979.60000000    0.38025277046
  8979.80000000    0.42379891432
  8980.00000000    0.46982218070
  8980.20000000    0.51653360640
  8980.40000000    0.56357185758
  8980.60000000    0.60747807255
  8980.80000000    0.64676392963
  8981.00000000    0.67842489068
  8981.20000000    0.69995440790
  8981.40000000    0.70985768609
  8981.60000000    0.70775890774
  8981.80000000    0.69510084414
  8982.00000000    0.67339994699
  8982.20000000    0.64665508703
  8982.40000000    0.61775792742
  8982.60000000    0.58993169330
  8982.80000000    0.56646563977
  8983.00000000    0.54763765725
  8983.20000000    0.53363571314
  8983.40000000    0.52586997568
  8983.60000000    0.52311400661
  8983.80000000    0.52405050292
  8984.00000000    0.52886119384
  8984.20000000    0.53641921566
  8984.40000000    0.54569610211
  8984.60000000    0.55663347364
  8984.80000000    0.56760588763
  8985.00000000    0.57830849989
  8985.20000000    0.58852497692
  8985.40000000    0.59838808459
  8985.60000000    0.60702695753
  8985.80000000    0.61544216663
  8986.00000000    0.62402059288
  8986.20000000    0.63326870095
  8986.40000000    0.64255326255
  8986.60000000    0.65270182895
  8986.80000000    0.66353502461
  8987.00000000    0.67599021533
  8987.20000000    0.68944417730
  8987.40000000    0.70452366498
  8987.60000000    0.72034074643
  8987.80000000    0.73761786648
  8988.00000000    0.75637585797
  8988.20000000    0.77564569335
  8988.40000000    0.79628458443
  8988.60000000    0.81690307790
  8988.80000000    0.83800857998
  8989.00000000    0.85905119425
  8989.20000000    0.87858697211
  8989.40000000    0.89823947264
  8989.60000000    0.91819466228
  8989.80000000    0.93805141794
  8990.00000000    0.95910232518
  8990.20000000    0.97827822832
  8990.40000000    0.99606687765
  8990.60000000    1.01246427117
  8990.80000000    1.02647725282
  8991.00000000    1.03792197435
  8991.20000000    1.04838009355
  8991.40000000    1.05779064144
  8991.60000000    1.06535254894
  8991.80000000    1.07105075026
  8992.00000000    1.07432781619
  8992.20000000    1.07517621368
  8992.40000000    1.07381651309
  8992.60000000    1.07159709006
  8992.80000000    1.07015421526
  8993.00000000    1.06772002860
  8993.20000000    1.06668172933
  8993.40000000    1.06480277437
  8993.60000000    1.06415563213
  8993.80000000    1.06342064559
  8994.00000000    1.06436473293
  8994.20000000    1.06653051023
  8994.40000000    1.06950108257
  8994.60000000    1.07487105466
  8994.80000000    1.08217268505
  8995.00000000    1.08985491771
  8995.20000000    1.09623275362
  8995.40000000    1.10465924152
  8995.60000000    1.11414169604
  8995.80000000    1.12380136592
  8996.00000000    1.13304551179
  8996.20000000    1.14247628869
  8996.40000000    1.14997932657
  8996.60000000    1.15609416387
  8996.80000000    1.16063177359
  8997.00000000    1.16336381681
  8997.20000000    1.16487385192
  8997.40000000    1.16345616460
  8997.60000000    1.16030447216
  8997.80000000    1.15598938587
  8998.00000000    1.14966722918
  8998.20000000    1.14186506428
  8998.40000000    1.13348212203
  8998.60000000    1.12399228150
  8998.80000000    1.11405819574
  8999.00000000    1.10453319247
  8999.20000000    1.09460890520
  8999.40000000    1.08171758194
  8999.60000000    1.07176519296
  8999.80000000    1.06505893611
  9000.00000000    1.05907248996
  9000.20000000    1.05473662905
  9000.40000000    1.05084468882
  9000.60000000    1.04798752504
  9000.80000000    1.04575977738
  9001.00000000    1.04395923644
  9001.20000000    1.04347524621
  9001.40000000    1.04287751132
  9001.60000000    1.04295438887
  9001.80000000    1.04331487797
  9002.00000000    1.04290814935
  9002.20000000    1.04223725430
  9002.40000000    1.04082950791
  9002.60000000    1.03968771734
  9002.80000000    1.03933941565
  9003.00000000    1.03899930558
  9003.20000000    1.03858593832
  9003.40000000    1.03681331922
  9003.60000000    1.03443096420
  9003.80000000    1.03150054809
  9004.00000000    1.02878429851
  9004.20000000    1.02628174449
  9004.40000000    1.02361035960
  9004.60000000    1.02042951871
  9004.80000000    1.01761373558
  9005.00000000    1.01520420522
  9005.20000000    1.01245329452
  9005.40000000    1.00899636754
  9005.60000000    1.00546759381
  9005.80000000    1.00233518534
  9006.00000000    0.99945884313
  9006.20000000    0.99742730435
  9006.40000000    0.99430816378
  9006.60000000    0.99174734355
  9006.80000000    0.98942893569
  9007.00000000    0.98654104267
  9007.20000000    0.98439060954
  9007.40000000    0.98139597820
  9007.60000000    0.97775135416
  9007.80000000    0.97508782933
  9008.00000000    0.97274604594
  9008.20000000    0.97115231463
  9008.40000000    0.96999449382
  9008.60000000    0.96791691021
  9008.80000000    0.96564177322
  9009.00000000    0.96237201565
  9009.22786000    0.95967318329
  9009.48358100    0.95851968468
  9009.76716200    0.95918539040
  9010.07860400    0.95913372699
  9010.41790500    0.96023272206
  9010.78506700    0.96134975089
  9011.18009000    0.96363041214
  9011.60297300    0.96947665064
  9012.05371600    0.97848161691
  9012.53231900    0.98926249966
  9013.03878300    1.00563555703
  9013.57310700    1.02533760041
  9014.13529200    1.04437477977
  9014.72533700    1.05498802321
  9015.34324200    1.06806812899
  9015.98900800    1.07711967080
  9016.66263400    1.07883032515
  9017.36412000    1.07520736235
  9018.09346700    1.06699207384
  9018.85067400    1.05551167647
  9019.63574100    1.03744446313
  9020.44866900    1.02044806112
  9021.28945700    1.00666349249
  9022.15810600    0.99406495353
  9023.05461400    0.98572449409
  9023.97898300    0.97747959056
  9024.93121300    0.97180885798
  9025.91130300    0.96821262973
  9026.91925300    0.96739578986
  9027.95506400    0.96575044907
  9029.01873400    0.96369361352
  9030.11026600    0.96148480203
  9031.23272300    0.95970676324
  9032.36737300    0.95893626256
  9033.51421400    0.95852939034
  9034.67324800    0.96459564204
  9035.84447300    0.97331154957
  9037.02789000    0.98364407965
  9038.22349900    0.99318734355
  9039.43130000    0.99884290332
  9040.65129300    1.00287592781
  9041.88347800    1.00617307867
  9043.12785500    1.00822485517
  9044.38442300    1.01086117143
  9045.65318400    1.01323895916
  9046.93413600    1.01664624106
  9048.22728000    1.02167354090
  9049.53261700    1.02585988149
  9050.85014500    1.02983910537
  9052.17986500    1.03221871842
  9053.52177700    1.03336985077
  9054.87588100    1.03406310690
  9056.24217700    1.03405027607
  9057.62066400    1.03418812004
  9059.01134400    1.03262228299
  9060.41421500    1.03046423063
  9061.82927900    1.02773292501
  9063.25653400    1.02490801428
  9064.69598100    1.02356728455
  9066.14762000    1.02451240644
  9067.61145200    1.02594127941
  9069.08747500    1.02708662953
  9070.57568900    1.02893703234
  9072.07609600    1.03151591508
  9073.58869500    1.03252283291
  9075.11348500    1.03189811987
  9076.65046800    1.02998605064
  9078.19964200    1.02772293923
  9079.76100900    1.02353077465
  9081.33456700    1.01864600402
  9082.92031700    1.01441405773
  9084.51825900    1.01126606990
  9086.12839300    1.00897099064
  9087.75071900    1.00701740604
  9089.38523700    1.00517026104
  9091.03194600    1.00242827118
  9092.69084800    0.99894455007
  9094.36194200    0.99577497714
  9096.04522700    0.99256302521
  9097.74070400    0.98891284955
  9099.44837400    0.98531653531
  9101.16823500    0.98200675947
  9102.90028800    0.97851658035
  9104.64453300    0.97723070113
  9106.40097000    0.97648092756
  9108.16959800    0.97578642658
  9109.95041900    0.97575908801
  9111.74343200    0.97705835578
  9113.54863600    0.98023562258
  9115.36603200    0.98370624840
  9117.19562100    0.98672220535
  9119.03740100    0.98901027180
  9120.89137300    0.99198998551
  9122.75753700    0.99671907245
  9124.63589300    1.00232496962
  9126.52644100    1.00797889605
  9128.42918100    1.01406603000
  9130.34411200    1.01968508355
  9132.27123600    1.02414309057
  9134.21055200    1.02624803783
  9136.16205900    1.02647548845
  9138.12575800    1.02492341656
  9140.10164900    1.02280018069
  9142.08973300    1.02014913622
  9144.09000800    1.01604543749
  9146.10247500    1.01150487483
  9148.12713300    1.00693708201
  9150.16398400    1.00162929370
  9152.21302700    0.99617074857
  9154.27426100    0.99097318991
  9156.34768800    0.98692762895
  9158.43330600    0.98439660580
  9160.53111700    0.98316144609
  9162.64111900    0.98190674682
  9164.76331300    0.98330054890
  9166.89769900    0.98572730351
  9169.04427700    0.98748530195
  9171.20304700    0.98943799459
  9173.37400800    0.99081232395
  9175.55716200    0.99192489445
  9177.75250800    0.99295672139
  9179.96004500    0.99307141438
  9182.17977500    0.99384872849
  9184.41169600    0.99343604297
  9186.65580900    0.99359413094
  9188.91211400    0.99437145827
  9191.18061100    0.99510086907
  9193.46130000    0.99550761699
  9195.75418100    0.99681598443
  9198.05925400    0.99929923116
  9200.37651800    1.00219061426
  9202.70597500    1.00369209162
  9205.04762300    1.00440318099
  9207.40146400    1.00436996293
  9209.76749600    1.00441463725
  9212.14572000    1.00350137684
  9214.53613600    1.00208443968
  9216.93874400    1.00005147040
  9219.35354400    0.99754269506
  9221.78053600    0.99520491857
  9224.21972000    0.99224311244
  9226.67109600    0.98876288790
  9229.13466300    0.98550143451
  9231.61042300    0.98312554851
  9234.09837400    0.98208381241
  9236.59851700    0.98183823555
  9239.11085200    0.98184093840
  9241.63538000    0.98212806558
  9244.17209900    0.98220516942
  9246.72100900    0.98269594920
  9249.28211200    0.98351554114
  9251.85540700    0.98505671067
  9254.44089400    0.98747870050
  9257.03857200    0.98979529107
  9259.64844300    0.99173587296
  9262.27050500    0.99325088073
  9264.90475900    0.99560192315
  9267.55120500    0.99636234738
  9270.20984400    0.99761059585
  9272.88067400    0.99955885470
  9275.56369600    1.00098971289
  9278.25890900    1.00134511666
  9280.96631500    1.00194456083
  9283.68591300    1.00248021583
  9286.41770200    1.00193781086
  9289.16168400    1.00129008527
  9291.91785700    0.99961504021
  9294.68622200    0.99798215963
  9297.46678000    0.99790230066
  9300.25952900    0.99616771298
  9303.06447000    0.99612066546
  9305.88160200    0.99765951323
  9308.71092700    0.99678907472
  9311.55244400    0.99639211005
  9314.40615300    0.99859503210
  9317.27205300    1.00009685163
  9320.15014600    1.00002378938
  9323.04043000    0.99995117910
  9325.94290600    1.00039669137
  9328.85757400    1.00043216381
  9331.78443500    1.00031043547
  9334.72348700    0.99919703114
  9337.67473000    0.99950458825
  9340.63816600    1.00003539675
  9343.61379400    1.00057525312
  9346.60161400    1.00002437203
  9349.60162500    0.99987567159
  9352.61382900    0.99970378191
  9355.63822400    0.99898140847
  9358.67481100    0.99912471878
  9361.72359000    1.00055366361
  9364.78456100    1.00073438260
  9367.85772400    1.00047523373
  9370.94307900    1.00034870154
  9374.04062600    0.99933807799
  9377.15036500    0.99701798003
  9380.27229500    0.99601052315
  9383.40641800    0.99659487254
  9386.55273200    0.99765827321
  9389.71123900    0.99995516161
  9392.88193700    1.00191610252
  9396.06482700    1.00182217529
  9399.25990900    1.00226088180
  9402.46718300    1.00431386400
  9405.68664900    1.00571865936
  9408.91830700    1.00646441303
  9412.16215700    1.00594917809
  9415.41819800    1.00698337842
  9418.68643200    1.00876732619
  9421.96685700    1.00895993509
  9425.25947400    1.00791168647
  9428.56428400    1.00716018773
  9431.88128500    1.00693963677
  9435.21047800    1.00639008400
  9438.55186300    1.00598324390
  9441.90544000    1.00615246097
  9445.27120900    1.00621528044
  9448.64916900    1.00557517104
  9452.03932200    1.00409133344
  9455.44166600    1.00336729536
  9458.85620300    1.00209137583
  9462.28293100    1.00092856191
  9465.72185100    1.00110173699
  9469.17296400    1.00113679910
  9472.63626800    1.00097888416
  9476.11176400    1.00056347345
  9479.59945100    1.00036135499
  9483.09933100    1.00086920800
  9486.61140300    0.99975302438
  9490.13566600    0.99972555602
  9493.67212200    1.00094239368
  9497.22076900    1.00138921300
  9500.78160900    1.00011922857
  9504.35464000    0.99755193089
  9507.93986300    0.99735698748
  9511.53727800    0.99896968165
  9515.14688500    1.00027730477
  9518.76868400    1.00286812329
  9522.40267500    1.00447524900
  9526.04885700    1.00440827871
  9529.70723200    1.00405492690
  9533.37779900    1.00481092122
  9537.06055700    1.00488160745
  9540.75550700    1.00323479616
  9544.46265000    1.00264473399
  9548.18198400    1.00267339898
  9551.91351000    1.00098591030
  9555.65722800    0.99928169344
  9559.41313800    0.99855892115
  9563.18123900    0.99711902284
  9566.96153300    0.99745309272
  9570.75401900    0.99864528132
  9574.55869600    0.99955093676
  9578.37556500    1.00068404504
  9582.20462700    1.00205884391
  9586.04588000    1.00374914051
  9589.89932500    1.00496176385
  9593.76496200    1.00518674011
  9597.64279100    1.00573445851
  9601.53281200    1.00621878363
  9605.43502500    1.00712786771
  9609.34942900    1.00685951521
  9613.27602600    1.00710855848
  9617.21481400    1.00612946440
  9621.16579500    1.00500480808
  9625.12896700    1.00533482867
  9629.10433100    1.00351859035
  9633.09188800    1.00058079405
  9637.09163600    1.00035307642
  9641.10357500    1.00226508759
  9645.12770700    1.00074492557
  9649.16403100    1.00000113809
  9653.21254700    1.00229316530
  9657.27325400    1.00484924100
  9661.34615400    1.00489525297
  9665.43124500    1.00546986149
  9669.52852900    1.00558073056
  9673.63800400    1.00458935304
  9677.75967100    1.00268254623
  9681.89353000    1.00035857950
  9686.03958100    0.99786315248
  9690.19782400    0.99359879236
  9694.36825800    0.99184223549
  9698.55088500    0.99405954378
  9702.74570400    0.99457521218
  9706.95271400    0.99663261796
  9711.17191600    1.00127556730
  9715.40331100    1.00377444444
  9719.64689700    1.00366441360
  9723.90267500    1.00220001947
  9728.17064500    0.99956640191
  9732.45080700    0.99610408476
  9736.74316100    0.99290218620
  9741.04770700    0.99289679935
  9745.36444400    0.99058704007
  9749.69337400    0.99182424293
  9754.03449500    0.99252303320
  9758.38780900    0.99194756859
  9762.75331400    0.99233867956
  9767.13101100    0.99360180255
  9771.52090000    0.99462946954
  9775.92298100    0.99483564890
  9780.33725400    0.99461454205
  9784.76371900    0.99513672682
  9789.20237600    0.99500105242
  9793.65322400    0.99430754623
  9798.11626500    0.99537067138
  9802.59149700    0.99679924555
  9807.07892200    0.99556230402
  9811.57853800    0.99635477089
  9816.09034600    0.99723705667
  9820.61434600    0.99695038125
  9825.15053800    0.99859797002
  9829.69892200    0.99924269348
  9834.25949800    0.99846223872
  9838.83226600    0.99820245519
  9843.41722600    0.99778191502
  9848.01437700    0.99710537170
  9852.62372100    0.99693893655
  9857.24525600    0.99784772867
  9861.87898300    0.99712129259
  9866.52490200    0.99949540616
  9871.18301300    1.00096309599
  9875.85331600    1.00252863554
  9880.53581100    1.00357465750
  9885.23049800    1.00300573129
  9889.93737700    1.00147737405
  9894.65644800    1.00085651226
  9899.38771000    1.00313369730
  9904.13116500    1.00320265018
  9908.88681100    1.00244643171
  9913.65464900    1.00474338492
  9918.43467900    1.00531408901
  9923.22690100    1.00501677732
  9928.03131500    1.00643521228
  9932.84792100    1.00913253520
  9937.67671900    1.01011712514
