#---------------------------------
#  energy flat
  10182.0000000   -0.00034530052
  10187.0000000   -0.00023380568
  10192.0000000   -0.00022962953
  10197.0000000   -0.00010697563
  10202.0000000   -0.00018038976
  10207.0000000   -0.00051176977
  10212.0000000   -0.00049530123
  10217.0000000   -0.00073313700
  10222.0000000   -0.00082206919
  10227.0000000   -0.00088013962
  10232.0000000   -0.00065295680
  10237.0000000   -0.00029788078
  10242.0000000    0.00025274018
  10247.0000000    0.00054025162
  10252.0000000    0.00070449042
  10257.0000000    0.00080072875
  10262.0000000    0.00090394148
  10267.0000000    0.00093078446
  10272.0000000    0.00105352553
  10277.0000000    0.00091132632
  10282.0000000    0.00061324910
  10287.0000000    0.00016051440
  10292.0000000   -0.00036597466
  10297.0000000   -0.00072254972
  10302.0000000   -0.00076597389
  10307.0000000   -0.00087330108
  10312.0000000   -0.00064559517
  10317.0000000   -0.00011197433
  10322.0000000    0.00105736372
  10327.0000000    0.00245764184
  10332.0000000    0.00407273169
  10337.0000000    0.00577168880
  10341.0000000    0.00786459699
  10344.0000000    0.00987048371
  10346.0000000    0.01141909513
  10347.0000000    0.01250668249
  10347.2000000    0.01344021004
  10347.4000000    0.01393757560
  10347.6000000    0.01438080233
  10347.8000000    0.01501469191
  10348.0000000    0.01521765031
  10348.2000000    0.01572364670
  10348.4000000    0.01594133853
  10348.6000000    0.01628265173
  10348.8000000    0.01640087108
  10349.0000000    0.01646652084
  10349.2000000    0.01666206893
  10349.4000000    0.01667968245
  10349.6000000    0.01710529880
  10349.8000000    0.01778042456
  10350.0000000    0.01839774993
  10350.2000000    0.01899310591
  10350.4000000    0.01928838802
  10350.6000000    0.02011834563
  10350.8000000    0.02021398533
  10351.0000000    0.01995305847
  10351.2000000    0.01981313758
  10351.4000000    0.02020780499
  10351.6000000    0.02070438593
  10351.8000000    0.02144690191
  10352.0000000    0.02197469332
  10352.2000000    0.02237354538
  10352.4000000    0.02293725499
  10352.6000000    0.02339390745
  10352.8000000    0.02369956399
  10353.0000000    0.02390191213
  10353.2000000    0.02434200037
  10353.4000000    0.02489062782
  10353.6000000    0.02522174095
  10353.8000000    0.02568798322
  10354.0000000    0.02632701643
  10354.2000000    0.02687128488
  10354.4000000    0.02725392144
  10354.6000000    0.02751886488
  10354.8000000    0.02792713239
  10355.0000000    0.02838587717
  10355.2000000    0.02887068880
  10355.4000000    0.02955645054
  10355.6000000    0.03017116050
  10355.8000000    0.03092570733
  10356.0000000    0.03140441635
  10356.2000000    0.03175967836
  10356.4000000    0.03288787906
  10356.6000000    0.03363728226
  10356.8000000    0.03458929199
  10357.0000000    0.03559151745
  10357.2000000    0.03669417438
  10357.4000000    0.03744880838
  10357.6000000    0.03820335521
  10357.8000000    0.03858294047
  10358.0000000    0.03953277070
  10358.2000000    0.04063228914
  10358.4000000    0.04160844776
  10358.6000000    0.04248251849
  10358.8000000    0.04305721279
  10359.0000000    0.04405874081
  10359.2000000    0.04498695038
  10359.4000000    0.04610338176
  10359.6000000    0.04735450638
  10359.8000000    0.04836213701
  10360.0000000    0.05005596212
  10360.2000000    0.05165746353
  10360.4000000    0.05316690275
  10360.6000000    0.05448262782
  10360.8000000    0.05567246484
  10361.0000000    0.05702794402
  10361.2000000    0.05853877813
  10361.4000000    0.06024733668
  10361.6000000    0.06225631783
  10361.8000000    0.06376244421
  10362.0000000    0.06557248039
  10362.2000000    0.06769566745
  10362.4000000    0.06935383591
  10362.6000000    0.07150875652
  10362.8000000    0.07387761707
  10363.0000000    0.07633906288
  10363.2000000    0.07903606930
  10363.4000000    0.08171354737
  10363.6000000    0.08501941953
  10363.8000000    0.08787683731
  10364.0000000    0.09146063960
  10364.2000000    0.09500922113
  10364.4000000    0.09873442953
  10364.6000000    0.10229015983
  10364.8000000    0.10631858058
  10365.0000000    0.11049276644
  10365.2000000    0.11502334450
  10365.4000000    0.12023601960
  10365.6000000    0.12579654325
  10365.8000000    0.13154990926
  10366.0000000    0.13750849720
  10366.2000000    0.14426024960
  10366.4000000    0.15156978022
  10366.6000000    0.15982730713
  10366.8000000    0.16909455385
  10367.0000000    0.17866448984
  10367.2000000    0.18956479401
  10367.4000000    0.20195465720
  10367.6000000    0.21646072989
  10367.8000000    0.23217041090
  10368.0000000    0.25030143174
  10368.2000000    0.27065153458
  10368.4000000    0.29320380650
  10368.6000000    0.31828325487
  10368.8000000    0.34590731571
  10369.0000000    0.37712947323
  10369.2000000    0.41028406462
  10369.4000000    0.44644427680
  10369.6000000    0.48522808661
  10369.8000000    0.52810290932
  10370.0000000    0.57563402064
  10370.2000000    0.62716687245
  10370.4000000    0.68291418418
  10370.6000000    0.74291884843
  10370.8000000    0.80709786974
  10371.0000000    0.87684874498
  10371.2000000    0.95445193092
  10371.4000000    1.03089706289
  10371.6000000    1.08307613659
  10371.8000000    1.15095267932
  10372.0000000    1.22245416614
  10372.2000000    1.28880016674
  10372.4000000    1.34932654283
  10372.6000000    1.40411419708
  10372.8000000    1.45013135434
  10373.0000000    1.48965132222
  10373.2000000    1.52333527418
  10373.4000000    1.55289560116
  10373.6000000    1.57794435135
  10373.8000000    1.59797134645
  10374.0000000    1.61415142505
  10374.2000000    1.62809079261
  10374.4000000    1.63982745942
  10374.6000000    1.65081489151
  10374.8000000    1.66172786231
  10375.0000000    1.67202027540
  10375.2000000    1.68215906698
  10375.4000000    1.69165637689
  10375.6000000    1.69962715242
  10375.8000000    1.70593783331
  10376.0000000    1.71095597041
  10376.2000000    1.71516698216
  10376.4000000    1.71783158095
  10376.6000000    1.71824186404
  10376.8000000    1.71727032945
  10377.0000000    1.71375504057
  10377.2000000    1.70662682029
  10377.4000000    1.69703993268
  10377.6000000    1.68368109646
  10377.8000000    1.66716022327
  10378.0000000    1.64786264857
  10378.2000000    1.62665459334
  10378.4000000    1.60343771823
  10378.6000000    1.57967525336
  10378.8000000    1.55642103130
  10379.0000000    1.53233666291
  10379.2000000    1.50913227250
  10379.4000000    1.48656968365
  10379.6000000    1.46485743070
  10379.8000000    1.44448773217
  10380.0000000    1.42608462268
  10380.2000000    1.40795122864
  10380.4000000    1.39112987475
  10380.6000000    1.37536651786
  10380.8000000    1.36013999506
  10381.0000000    1.34546948556
  10381.2000000    1.33220673850
  10381.4000000    1.32008777211
  10381.6000000    1.30867720864
  10381.8000000    1.29798184787
  10382.0000000    1.28725891490
  10382.2000000    1.27612411965
  10382.4000000    1.26545065741
  10382.6000000    1.25570825419
  10382.8000000    1.24634104937
  10383.0000000    1.23692499855
  10383.2000000    1.22722105357
  10383.4000000    1.21797094224
  10383.6000000    1.20844827975
  10383.8000000    1.19837147393
  10384.0000000    1.18907490293
  10384.2000000    1.18109821106
  10384.4000000    1.17358703312
  10384.6000000    1.16681528856
  10384.8000000    1.16014795726
  10385.0000000    1.15282570010
  10385.2000000    1.14530952523
  10385.4000000    1.13802434794
  10385.6000000    1.13108594293
  10385.8000000    1.12423346711
  10386.0000000    1.11819295579
  10386.2000000    1.11296684976
  10386.4000000    1.10824478741
  10386.6000000    1.10425762129
  10386.8000000    1.10015377593
  10387.0000000    1.09620037069
  10387.2000000    1.09269869964
  10387.4000000    1.08945591993
  10387.6000000    1.08674438196
  10387.8000000    1.08390169090
  10388.0000000    1.08183016036
  10388.2000000    1.08090030527
  10388.4000000    1.07907873693
  10388.6000000    1.07669987781
  10388.8000000    1.07472950842
  10389.0000000    1.07284244680
  10389.2000000    1.07149133148
  10389.4000000    1.07012623022
  10389.6000000    1.06868524465
  10389.8000000    1.06685609533
  10390.0000000    1.06614490520
  10390.2000000    1.06557386193
  10390.4000000    1.06464638732
  10390.6000000    1.06380919191
  10390.8000000    1.06254738953
  10391.0000000    1.06119208994
  10391.2000000    1.06005871023
  10391.4000000    1.05931446156
  10391.6000000    1.05879091145
  10391.8000000    1.05881620554
  10392.0000000    1.05807863177
  10392.2000000    1.05683833513
  10392.4000000    1.05586546414
  10392.6000000    1.05496037609
  10392.8000000    1.05414678356
  10393.0000000    1.05390783816
  10393.2000000    1.05400902524
  10393.4000000    1.05416299865
  10393.6000000    1.05458352382
  10393.8000000    1.05486364355
  10394.0000000    1.05532784183
  10394.2000000    1.05655115811
  10394.4000000    1.05714254652
  10394.6000000    1.05710514524
  10394.8000000    1.05692175717
  10395.0000000    1.05637059574
  10395.2000000    1.05556726146
  10395.4000000    1.05501635231
  10395.6000000    1.05435781418
  10395.8000000    1.05278854354
  10396.0000000    1.05136760396
  10396.2000000    1.04975359773
  10396.4000000    1.04782813391
  10396.6000000    1.04574255680
  10396.8000000    1.04249220268
  10397.0000000    1.03806451723
  10397.2278600    1.03265844891
  10397.4835810    1.02722134342
  10397.7671620    1.02109820854
  10398.0786040    1.01417023118
  10398.4179050    1.00470736999
  10398.7850670    0.99030691880
  10399.1800900    0.97885938162
  10399.6029730    0.96503599925
  10400.0537160    0.95121371005
  10400.5323190    0.93870727584
  10401.0387830    0.92556327415
  10401.5731070    0.91443612905
  10402.1352920    0.90363749578
  10402.7253370    0.89480306127
  10403.3432420    0.88809100655
  10403.9890080    0.88327315193
  10404.6626340    0.88172214690
  10405.3641200    0.88214382336
  10406.0934670    0.88246307420
  10406.8506740    0.88631546461
  10407.6357410    0.88938906808
  10408.4486690    0.89426304090
  10409.2894570    0.89981681664
  10410.1581060    0.90782160898
  10411.0546140    0.91858996181
  10411.9789830    0.93193663189
  10412.9312130    0.94939646319
  10413.9113030    0.96497440254
  10414.9192530    0.97805721478
  10415.9550640    0.99676782290
  10417.0187340    1.01547703855
  10418.1102660    1.03234749026
  10419.2327230    1.04692782482
  10420.3673730    1.05936606567
  10421.5142140    1.06896167013
  10422.6732480    1.07543115700
  10423.8444730    1.08209664849
  10425.0278900    1.08651260053
  10426.2234990    1.08889961299
  10427.4313000    1.09088537256
  10428.6512930    1.09215100938
  10429.8834780    1.09332007016
  10431.1278550    1.09512263572
  10432.3844230    1.09636280629
  10433.6531840    1.09672240480
  10434.9341360    1.09734126193
  10436.2272800    1.09589501373
  10437.5326170    1.09381117805
  10438.8501450    1.09068388077
  10440.1798650    1.08471567256
  10441.5217770    1.07837883721
  10442.8758810    1.07304422433
  10444.2421770    1.06779036914
  10445.6206640    1.06240318689
  10447.0113440    1.05742234487
  10448.4142150    1.05279155353
  10449.8292790    1.04743171740
  10451.2565340    1.04142202162
  10452.6959810    1.03496282434
  10454.1476200    1.02900806851
  10455.6114520    1.02247673569
  10457.0874750    1.01702666055
  10458.5756890    1.01158641199
  10460.0760960    1.00689964278
  10461.5886950    1.00210362829
  10463.1134850    0.99931824657
  10464.6504680    0.99658159622
  10466.1996420    0.99507950440
  10467.7610090    0.99367025445
  10469.3345670    0.99142572516
  10470.9203170    0.98945762667
  10472.5182590    0.98717939990
  10474.1283930    0.98505604868
  10475.7507190    0.98352572203
  10477.3852370    0.98215877503
  10479.0319460    0.98068858766
  10480.6908480    0.97930500642
  10482.3619420    0.97829098727
  10484.0452270    0.97748939709
  10485.7407040    0.97706426739
  10487.4483740    0.97694040334
  10489.1682350    0.97790987831
  10490.9002880    0.97859798272
  10492.6445330    0.97944788350
  10494.4009700    0.98163435856
  10496.1695980    0.98380518048
  10497.9504190    0.98646644397
  10499.7434320    0.99033312650
  10501.5486360    0.99482766885
  10503.3660320    0.99923545708
  10505.1956210    1.00359632850
  10507.0374010    1.00713812425
  10508.8913730    1.01034563876
  10510.7575370    1.01302452942
  10512.6358930    1.01495133031
  10514.5264410    1.01580440505
  10516.4291810    1.01609032247
  10518.3441120    1.01659357755
  10520.2712360    1.01734315260
  10522.2105520    1.01668876509
  10524.1620590    1.01542238983
  10526.1257580    1.01441096749
  10528.1016490    1.01302089073
  10530.0897330    1.01152730963
  10532.0900080    1.01005420156
  10534.1024750    1.00860958435
  10536.1271330    1.00686861805
  10538.1639840    1.00478664960
  10540.2130270    1.00220237587
  10542.2742610    0.99990963207
  10544.3476880    0.99785903724
  10546.4333060    0.99538658866
  10548.5311170    0.99361459220
  10550.6411190    0.99240211174
  10552.7633130    0.99209954756
  10554.8976990    0.99168996159
  10557.0442770    0.99158598747
  10559.2030470    0.99169547910
  10561.3740080    0.99152194258
  10563.5571620    0.99179985642
  10565.7525080    0.99149655440
  10567.9600450    0.99146820660
  10570.1797750    0.99124304522
  10572.4116960    0.99041067374
  10574.6558090    0.99044028762
  10576.9121140    0.99040536657
  10579.1806110    0.98982156006
  10581.4613000    0.98912321349
  10583.7541810    0.98826813776
  10586.0592540    0.98705250424
  10588.3765180    0.98532478492
  10590.7059750    0.98311407836
  10593.0476230    0.98211549010
  10595.4014640    0.98170739014
  10597.7674960    0.98091924941
  10600.1457200    0.98004917229
  10602.5361360    0.97966865280
  10604.9387440    0.97998964595
  10607.3535440    0.98059117086
  10609.7805360    0.98089688357
  10612.2197200    0.98210454652
  10614.6710960    0.98389881609
  10617.1346630    0.98467878343
  10619.6104230    0.98579422623
  10622.0983740    0.98695471068
  10624.5985170    0.98820665611
  10627.1108520    0.98919492255
  10629.6353800    0.98971553112
  10632.1720990    0.99066680181
  10634.7210090    0.99153490152
  10637.2821120    0.99200998854
  10639.8554070    0.99188456433
  10642.4408940    0.99185570181
  10645.0385720    0.99209163176
  10647.6484430    0.99214979046
  10650.2705050    0.99165107585
  10652.9047590    0.99200705442
  10655.5512050    0.99181476259
  10658.2098440    0.99096271405
  10660.8806740    0.99048461350
  10663.5636960    0.98992878091
  10666.2589090    0.98920166520
  10668.9663150    0.98898700266
  10671.6859130    0.98871278130
  10674.4177020    0.98862542767
  10677.1616840    0.98904772778
  10679.9178570    0.98878413403
  10682.6862220    0.98825192007
  10685.4667800    0.98870493210
  10688.2595290    0.98917409206
  10691.0644700    0.98958791841
  10693.8816020    0.99046460917
  10696.7109270    0.99140347455
  10699.5524440    0.99216388157
  10702.4061530    0.99235924968
  10705.2720530    0.99217245155
  10708.1501460    0.99275282927
  10711.0404300    0.99354813871
  10713.9429060    0.99396602412
  10716.8575740    0.99389936732
  10719.7844350    0.99350258272
  10722.7234870    0.99345839104
  10725.6747300    0.99395868082
  10728.6381660    0.99505567026
  10731.6137940    0.99639635963
  10734.6016140    0.99711756394
  10737.6016250    0.99795759098
  10740.6138290    0.99865670241
  10743.6382240    0.99890703295
  10746.6748110    0.99914470430
  10749.7235900    0.99981960723
  10752.7845610    1.00075044303
  10755.8577240    1.00166018343
  10758.9430790    1.00233299537
  10762.0406260    1.00272495944
  10765.1503650    1.00302875782
  10768.2722950    1.00245507187
  10771.4064180    1.00189540848
  10774.5527320    1.00220517951
  10777.7112390    1.00323948587
  10780.8819370    1.00408258005
  10784.0648270    1.00488753668
  10787.2599090    1.00553978409
  10790.4671830    1.00597321903
  10793.6866490    1.00625424860
  10796.9183070    1.00694236697
  10800.1621570    1.00763006391
  10803.4181980    1.00778289244
  10806.6864320    1.00730753271
  10809.9668570    1.00641056408
  10813.2594740    1.00653233457
  10816.5642840    1.00681407716
  10819.8812850    1.00647548670
  10823.2104780    1.00693179836
  10826.5518630    1.00757078642
  10829.9054400    1.00787716858
  10833.2712090    1.00801741004
  10836.6491690    1.00741659681
  10840.0393220    1.00737453358
  10843.4416660    1.00717158793
  10846.8562030    1.00656901099
  10850.2829310    1.00680174912
  10853.7218510    1.00717911406
  10857.1729640    1.00779852703
  10860.6362680    1.00771752855
  10864.1117640    1.00743108456
  10867.5994510    1.00764827888
  10871.0993310    1.00787511075
  10874.6114030    1.00781007795
  10878.1356660    1.00854063463
  10881.6721220    1.00863229124
  10885.2207690    1.00841543833
  10888.7816090    1.00861242997
  10892.3546400    1.00869372153
  10895.9398630    1.00899529532
  10899.5372780    1.00898099032
  10903.1468850    1.00939236253
  10906.7686840    1.00966327316
  10910.4026750    1.00994421007
  10914.0488570    1.01015098039
  10917.7072320    1.01020288364
  10921.3777990    1.01012210193
  10925.0605570    1.00974286540
  10928.7555070    1.00896531965
  10932.4626500    1.00800207288
  10936.1819840    1.00764601584
  10939.9135100    1.00724634493
  10943.6572280    1.00715762861
  10947.4131380    1.00736550017
  10951.1812390    1.00735344787
  10954.9615330    1.00676607859
  10958.7540190    1.00645458636
  10962.5586960    1.00585646574
  10966.3755650    1.00514781319
  10970.2046270    1.00525239538
  10974.0458800    1.00537062011
  10977.8993250    1.00532711694
  10981.7649620    1.00547658712
  10985.6427910    1.00529985453
  10989.5328120    1.00485558966
  10993.4350250    1.00483157154
  10997.3494290    1.00419849889
  11001.2760260    1.00349423563
  11005.2148140    1.00302860491
  11009.1657950    1.00254407792
  11013.1289670    1.00246175936
  11017.1043310    1.00269433792
  11021.0918880    1.00315138500
  11025.0916360    1.00343527422
  11029.1035750    1.00326766231
  11033.1277070    1.00316007927
  11037.1640310    1.00246005301
  11041.2125470    1.00120664780
  11045.2732540    0.99984939789
  11049.3461540    0.99876218835
  11053.4312450    0.99803995841
  11057.5285290    0.99785508686
  11061.6380040    0.99763930202
  11065.7596710    0.99757027137
  11069.8935300    0.99755403933
  11074.0395810    0.99729790996
  11078.1978240    0.99696604219
  11082.3682580    0.99677528409
  11086.5508850    0.99621822129
  11090.7457040    0.99579318498
  11094.9527140    0.99527878159
  11099.1719160    0.99439227575
  11103.4033110    0.99393757989
  11107.6468970    0.99330040055
  11111.9026750    0.99283313118
  11116.1706450    0.99273755690
  11120.4508070    0.99257211297
  11124.7431610    0.99265269473
  11129.0477070    0.99273379840
  11133.3644440    0.99330262424
  11137.6933740    0.99369912156
  11142.0344950    0.99408975441
  11146.3878090    0.99445271765
  11150.7533140    0.99482205083
  11155.1310110    0.99426867034
  11159.5209000    0.99311440053
  11163.9229810    0.99329847868
  11168.3372540    0.99193878288
  11172.7637190    0.99024128991
  11177.2023760    0.99039123381
  11181.6532240    0.98981805312
  11186.1162650    0.98922502252
  11190.5914970    0.98932454130
  11195.0789220    0.98984566788
  11199.5785380    0.99022145676
  11204.0903460    0.99053189248
  11208.6143460    0.99067707837
  11213.1505380    0.99111512937
  11217.6989220    0.99178671924
  11222.2594980    0.99241079647
  11226.8322660    0.99317574926
  11231.4172260    0.99399453984
  11236.0143770    0.99483564227
  11240.6237210    0.99580115261
  11245.2452560    0.99673169770
  11249.8789830    0.99782645298
  11254.5249020    0.99807286091
  11259.1830130    0.99869547481
  11263.8533160    0.99989298393
  11268.5358110    1.00138744923
  11273.2304980    1.00289751792
  11277.9373770    1.00431662102
  11282.6564480    1.00578376469
  11287.3877100    1.00699376372
  11292.1311650    1.00850772949
  11296.8868110    1.00912233255
  11301.6546490    1.01001329158
  11306.4346790    1.01178415865
  11311.2269010    1.01361718528
  11316.0313150    1.01514141873
  11320.8479210    1.01827708553
  11325.6767190    1.02143253699
