#---------------------------------
#  energy flat
  10182.0000000    0.00295204534
  10187.0000000    0.00259226636
  10192.0000000    0.00243047980
  10197.0000000    0.00216937582
  10202.0000000    0.00173160762
  10207.0000000    0.00155851455
  10212.0000000    0.00135908245
  10217.0000000    0.00098504185
  10222.0000000    0.00057553992
  10227.0000000    0.00033409386
  10232.0000000    0.00033740804
  10237.0000000    0.00015082425
  10242.0000000    0.00011096812
  10247.0000000   -0.00012739435
  10252.0000000   -0.00039350916
  10257.0000000   -0.00065011623
  10262.0000000   -0.00046127249
  10267.0000000   -0.00042545208
  10272.0000000   -0.00024765788
  10277.0000000   -0.00008284048
  10282.0000000   -9.37453072e-6
  10287.0000000    0.00005728181
  10292.0000000    0.00008821986
  10297.0000000   -6.88398779e-6
  10302.0000000   -0.00009350795
  10307.0000000   -0.00020839819
  10312.0000000    0.00016379090
  10317.0000000    0.00088828057
  10322.0000000    0.00176438027
  10327.0000000    0.00322237981
  10332.0000000    0.00458080496
  10337.0000000    0.00589631677
  10341.0000000    0.00725970665
  10344.0000000    0.00883132146
  10346.0000000    0.00990334798
  10347.0000000    0.01071527863
  10347.2000000    0.01169895426
  10347.4000000    0.01198882130
  10347.6000000    0.01249569624
  10347.8000000    0.01274907408
  10348.0000000    0.01292690388
  10348.2000000    0.01302995653
  10348.4000000    0.01306542708
  10348.6000000    0.01344882979
  10348.8000000    0.01396572642
  10349.0000000    0.01420702685
  10349.2000000    0.01444511521
  10349.4000000    0.01469129800
  10349.6000000    0.01467678864
  10349.8000000    0.01476994809
  10350.0000000    0.01497424540
  10350.2000000    0.01511263089
  10350.4000000    0.01528082446
  10350.6000000    0.01537359846
  10350.8000000    0.01585451982
  10351.0000000    0.01600164217
  10351.2000000    0.01612049823
  10351.4000000    0.01638402624
  10351.6000000    0.01677243979
  10351.8000000    0.01693369527
  10352.0000000    0.01737273115
  10352.2000000    0.01785493735
  10352.4000000    0.01825440045
  10352.6000000    0.01853771484
  10352.8000000    0.01870539448
  10353.0000000    0.01898845191
  10353.2000000    0.01911797207
  10353.4000000    0.01968176502
  10353.6000000    0.01991304377
  10353.8000000    0.02019134733
  10354.0000000    0.02067972072
  10354.2000000    0.02109023336
  10354.4000000    0.02163141328
  10354.6000000    0.02200505128
  10354.8000000    0.02262293560
  10355.0000000    0.02308638327
  10355.2000000    0.02367330317
  10355.4000000    0.02403434983
  10355.6000000    0.02432691501
  10355.8000000    0.02469322947
  10356.0000000    0.02521500845
  10356.2000000    0.02559879661
  10356.4000000    0.02630738998
  10356.6000000    0.02728811050
  10356.8000000    0.02803190823
  10357.0000000    0.02879793354
  10357.2000000    0.02943316307
  10357.4000000    0.02989095748
  10357.6000000    0.03056897188
  10357.8000000    0.03127422469
  10358.0000000    0.03199952086
  10358.2000000    0.03272700124
  10358.4000000    0.03353593989
  10358.6000000    0.03456599791
  10358.8000000    0.03540988395
  10359.0000000    0.03611308103
  10359.2000000    0.03691842216
  10359.4000000    0.03781639958
  10359.6000000    0.03865488933
  10359.8000000    0.03948361438
  10360.0000000    0.04066592483
  10360.2000000    0.04200061622
  10360.4000000    0.04322339884
  10360.6000000    0.04460601441
  10360.8000000    0.04598426156
  10361.0000000    0.04718700082
  10361.2000000    0.04845629432
  10361.4000000    0.04971004137
  10361.6000000    0.05100850053
  10361.8000000    0.05212965304
  10362.0000000    0.05364961702
  10362.2000000    0.05523986123
  10362.4000000    0.05687109154
  10362.6000000    0.05890087635
  10362.8000000    0.06108034394
  10363.0000000    0.06356226068
  10363.2000000    0.06558035352
  10363.4000000    0.06765292319
  10363.6000000    0.06959585344
  10363.8000000    0.07175412132
  10364.0000000    0.07438918988
  10364.2000000    0.07743681759
  10364.4000000    0.08059571164
  10364.6000000    0.08374599732
  10364.8000000    0.08697954003
  10365.0000000    0.09044846374
  10365.2000000    0.09428459206
  10365.4000000    0.09832937690
  10365.6000000    0.10265207062
  10365.8000000    0.10752993970
  10366.0000000    0.11284837723
  10366.2000000    0.11851898687
  10366.4000000    0.12469389257
  10366.6000000    0.13131977385
  10366.8000000    0.13893985715
  10367.0000000    0.14764870600
  10367.2000000    0.15724087599
  10367.4000000    0.16814845567
  10367.6000000    0.18051020676
  10367.8000000    0.19423439236
  10368.0000000    0.20988351136
  10368.2000000    0.22754030684
  10368.4000000    0.24710070754
  10368.6000000    0.26915624950
  10368.8000000    0.29356585832
  10369.0000000    0.32052200165
  10369.2000000    0.35041552498
  10369.4000000    0.38311601800
  10369.6000000    0.41916709259
  10369.8000000    0.45815631808
  10370.0000000    0.49986771444
  10370.2000000    0.54473928045
  10370.4000000    0.59299419122
  10370.6000000    0.64481155214
  10370.8000000    0.70028014503
  10371.0000000    0.76107089223
  10371.2000000    0.82677663089
  10371.4000000    0.90434045779
  10371.6000000    0.98923681364
  10371.8000000    1.06642161547
  10372.0000000    1.12717908555
  10372.2000000    1.22027523110
  10372.4000000    1.31411812027
  10372.6000000    1.40721659123
  10372.8000000    1.49907760789
  10373.0000000    1.58767807537
  10373.2000000    1.67019265031
  10373.4000000    1.74327100784
  10373.6000000    1.80872116106
  10373.8000000    1.86625427974
  10374.0000000    1.91587987111
  10374.2000000    1.95873269719
  10374.4000000    1.99550425347
  10374.6000000    2.02681434170
  10374.8000000    2.05267632380
  10375.0000000    2.07429999580
  10375.2000000    2.09322818210
  10375.4000000    2.10985095680
  10375.6000000    2.12510650279
  10375.8000000    2.13832413800
  10376.0000000    2.14924638196
  10376.2000000    2.15738525538
  10376.4000000    2.16225200823
  10376.6000000    2.16408690342
  10376.8000000    2.16254432106
  10377.0000000    2.15583680415
  10377.2000000    2.14590701628
  10377.4000000    2.13164768984
  10377.6000000    2.11268905013
  10377.8000000    2.09050094313
  10378.0000000    2.06470794062
  10378.2000000    2.03522421554
  10378.4000000    2.00349648696
  10378.6000000    1.96966685659
  10378.8000000    1.93420300236
  10379.0000000    1.89780901104
  10379.2000000    1.86110262888
  10379.4000000    1.82347458851
  10379.6000000    1.78509166064
  10379.8000000    1.74597440208
  10380.0000000    1.70626260197
  10380.2000000    1.66611609279
  10380.4000000    1.62494744940
  10380.6000000    1.58272121006
  10380.8000000    1.54118243150
  10381.0000000    1.50013222129
  10381.2000000    1.45966385787
  10381.4000000    1.41993563180
  10381.6000000    1.38116108153
  10381.8000000    1.34385285407
  10382.0000000    1.30821986246
  10382.2000000    1.27405961689
  10382.4000000    1.24138239549
  10382.6000000    1.21046726320
  10382.8000000    1.18177444581
  10383.0000000    1.15570224033
  10383.2000000    1.13237553208
  10383.4000000    1.11129477819
  10383.6000000    1.09245304020
  10383.8000000    1.07678875806
  10384.0000000    1.06274523033
  10384.2000000    1.04761737406
  10384.4000000    1.03346194567
  10384.6000000    1.02451734449
  10384.8000000    1.01647784518
  10385.0000000    1.00989849415
  10385.2000000    1.00444446423
  10385.4000000    0.99903084378
  10385.6000000    0.99424659876
  10385.8000000    0.98958165081
  10386.0000000    0.98521844570
  10386.2000000    0.98179605752
  10386.4000000    0.97933966869
  10386.6000000    0.97730245474
  10386.8000000    0.97609376224
  10387.0000000    0.97531349448
  10387.2000000    0.97577186535
  10387.4000000    0.97709293276
  10387.6000000    0.97857209516
  10387.8000000    0.98075000891
  10388.0000000    0.98284806614
  10388.2000000    0.98526636265
  10388.4000000    0.98802982372
  10388.6000000    0.99156475571
  10388.8000000    0.99574473080
  10389.0000000    1.00050268053
  10389.2000000    1.00516381117
  10389.4000000    1.00993061166
  10389.6000000    1.01460418988
  10389.8000000    1.01997882745
  10390.0000000    1.02546761346
  10390.2000000    1.02983248459
  10390.4000000    1.03333169123
  10390.6000000    1.03854877065
  10390.8000000    1.04389258798
  10391.0000000    1.04927217682
  10391.2000000    1.05477464813
  10391.4000000    1.06034269816
  10391.6000000    1.06531823608
  10391.8000000    1.06915675010
  10392.0000000    1.07242485034
  10392.2000000    1.07528699456
  10392.4000000    1.07807800911
  10392.6000000    1.08065964583
  10392.8000000    1.08220704308
  10393.0000000    1.08358232160
  10393.2000000    1.08498077538
  10393.4000000    1.08624231396
  10393.6000000    1.08734766447
  10393.8000000    1.08788876431
  10394.0000000    1.08800540249
  10394.2000000    1.08812542735
  10394.4000000    1.08800420644
  10394.6000000    1.08737886313
  10394.8000000    1.08630567250
  10395.0000000    1.08481007373
  10395.2000000    1.08272940692
  10395.4000000    1.08026641774
  10395.6000000    1.07724097258
  10395.8000000    1.07382446742
  10396.0000000    1.07015283689
  10396.2000000    1.06579334955
  10396.4000000    1.06077298640
  10396.6000000    1.05551265755
  10396.8000000    1.04899451968
  10397.0000000    1.04146962817
  10397.2278600    1.03358008294
  10397.4835810    1.02477032611
  10397.7671620    1.01324214854
  10398.0786040    0.99707633633
  10398.4179050    0.98403311528
  10398.7850670    0.96842826330
  10399.1800900    0.95210670233
  10399.6029730    0.93476746326
  10400.0537160    0.91615945631
  10400.5323190    0.89778567259
  10401.0387830    0.88049438091
  10401.5731070    0.86354429182
  10402.1352920    0.84887789485
  10402.7253370    0.83807821729
  10403.3432420    0.83128981649
  10403.9890080    0.82855808610
  10404.6626340    0.83016768804
  10405.3641200    0.83597314803
  10406.0934670    0.84387684395
  10406.8506740    0.85393944430
  10407.6357410    0.86449714090
  10408.4486690    0.87559677258
  10409.2894570    0.88867616582
  10410.1581060    0.90396311299
  10411.0546140    0.92407676510
  10411.9789830    0.94927322623
  10412.9312130    0.97176584485
  10413.9113030    0.99231802870
  10414.9192530    1.02248989476
  10415.9550640    1.05043401855
  10417.0187340    1.07600498483
  10418.1102660    1.09841625610
  10419.2327230    1.11616369943
  10420.3673730    1.13133362298
  10421.5142140    1.14334341972
  10422.6732480    1.15162306584
  10423.8444730    1.15779318357
  10425.0278900    1.16227307190
  10426.2234990    1.16486736971
  10427.4313000    1.16544084586
  10428.6512930    1.16495551496
  10429.8834780    1.16254353566
  10431.1278550    1.15738254947
  10432.3844230    1.15025238367
  10433.6531840    1.14159237859
  10434.9341360    1.13115501224
  10436.2272800    1.11984010934
  10437.5326170    1.10882861477
  10438.8501450    1.09861666418
  10440.1798650    1.08925532061
  10441.5217770    1.08009901288
  10442.8758810    1.07181526533
  10444.2421770    1.06494825746
  10445.6206640    1.05847262006
  10447.0113440    1.05230244421
  10448.4142150    1.04540722007
  10449.8292790    1.03840537958
  10451.2565340    1.03090137211
  10452.6959810    1.02369093417
  10454.1476200    1.01717227549
  10455.6114520    1.01186822985
  10457.0874750    1.00752405487
  10458.5756890    1.00406616275
  10460.0760960    1.00045193996
  10461.5886950    0.99662809546
  10463.1134850    0.99308327657
  10464.6504680    0.98914977465
  10466.1996420    0.98542775579
  10467.7610090    0.98281314366
  10469.3345670    0.98164836043
  10470.9203170    0.98090233538
  10472.5182590    0.98106909002
  10474.1283930    0.98206935022
  10475.7507190    0.98317319975
  10477.3852370    0.98423454540
  10479.0319460    0.98479867506
  10480.6908480    0.98498364481
  10482.3619420    0.98505321086
  10484.0452270    0.98533639443
  10485.7407040    0.98539670662
  10487.4483740    0.98550919284
  10489.1682350    0.98597870656
  10490.9002880    0.98702580644
  10492.6445330    0.98923311276
  10494.4009700    0.99253697081
  10496.1695980    0.99633049537
  10497.9504190    1.00142524452
  10499.7434320    1.00685534005
  10501.5486360    1.01227110308
  10503.3660320    1.01733004085
  10505.1956210    1.02181299825
  10507.0374010    1.02494525775
  10508.8913730    1.02716497155
  10510.7575370    1.02824114685
  10512.6358930    1.02867333962
  10514.5264410    1.02841478884
  10516.4291810    1.02767466514
  10518.3441120    1.02687490208
  10520.2712360    1.02489177069
  10522.2105520    1.02210864562
  10524.1620590    1.01871616976
  10526.1257580    1.01441083018
  10528.1016490    1.00946933794
  10530.0897330    1.00350336676
  10532.0900080    0.99659714767
  10534.1024750    0.99037721094
  10536.1271330    0.98499381122
  10538.1639840    0.98015469643
  10540.2130270    0.97591991037
  10542.2742610    0.97306668188
  10544.3476880    0.97082580551
  10546.4333060    0.96838438862
  10548.5311170    0.96736916200
  10550.6411190    0.96782419873
  10552.7633130    0.96834889589
  10554.8976990    0.96951100442
  10557.0442770    0.97098582322
  10559.2030470    0.97309722497
  10561.3740080    0.97504459131
  10563.5571620    0.97699502615
  10565.7525080    0.97982408358
  10567.9600450    0.98257231366
  10570.1797750    0.98444805333
  10572.4116960    0.98576638761
  10574.6558090    0.98661677352
  10576.9121140    0.98681473372
  10579.1806110    0.98710086016
  10581.4613000    0.98781178455
  10583.7541810    0.98809103577
  10586.0592540    0.98711194141
  10588.3765180    0.98605472599
  10590.7059750    0.98494351152
  10593.0476230    0.98313789940
  10595.4014640    0.98071467091
  10597.7674960    0.97831721147
  10600.1457200    0.97615616318
  10602.5361360    0.97367280297
  10604.9387440    0.97172556648
  10607.3535440    0.97100353896
  10609.7805360    0.97120776116
  10612.2197200    0.97280348152
  10614.6710960    0.97477966813
  10617.1346630    0.97676820967
  10619.6104230    0.97903132053
  10622.0983740    0.98083212400
  10624.5985170    0.98204428319
  10627.1108520    0.98335474990
  10629.6353800    0.98512874388
  10632.1720990    0.98684777054
  10634.7210090    0.98869792554
  10637.2821120    0.98980428011
  10639.8554070    0.98981867848
  10642.4408940    0.99032816654
  10645.0385720    0.99095321914
  10647.6484430    0.99118273292
  10650.2705050    0.99134459208
  10652.9047590    0.99183322341
  10655.5512050    0.99220867550
  10658.2098440    0.99112543864
  10660.8806740    0.98923487884
  10663.5636960    0.98732968263
  10666.2589090    0.98529697935
  10668.9663150    0.98277540127
  10671.6859130    0.97941153879
  10674.4177020    0.97680620095
  10677.1616840    0.97545471722
  10679.9178570    0.97534644435
  10682.6862220    0.97651800966
  10685.4667800    0.97809148965
  10688.2595290    0.97951761267
  10691.0644700    0.98055956791
  10693.8816020    0.98175940137
  10696.7109270    0.98387911179
  10699.5524440    0.98629846993
  10702.4061530    0.98819937417
  10705.2720530    0.98935602181
  10708.1501460    0.99039983952
  10711.0404300    0.99226675303
  10713.9429060    0.99448604575
  10716.8575740    0.99609747352
  10719.7844350    0.99699262667
  10722.7234870    0.99791544629
  10725.6747300    0.99938322080
  10728.6381660    1.00100177173
  10731.6137940    1.00156670069
  10734.6016140    1.00209892854
  10737.6016250    1.00267270678
  10740.6138290    1.00295421657
  10743.6382240    1.00298814568
  10746.6748110    1.00286902566
  10749.7235900    1.00267519371
  10752.7845610    1.00238913269
  10755.8577240    1.00249286191
  10758.9430790    1.00232309736
  10762.0406260    1.00203241705
  10765.1503650    1.00241709402
  10768.2722950    1.00337144613
  10771.4064180    1.00409135100
  10774.5527320    1.00487404064
  10777.7112390    1.00652733279
  10780.8819370    1.00821266105
  10784.0648270    1.00916571726
  10787.2599090    1.00926409160
  10790.4671830    1.00884945192
  10793.6866490    1.00969964725
  10796.9183070    1.01143503581
  10800.1621570    1.01294053681
  10803.4181980    1.01355307086
  10806.6864320    1.01452421061
  10809.9668570    1.01493287989
  10813.2594740    1.01535585596
  10816.5642840    1.01586883105
  10819.8812850    1.01618980141
  10823.2104780    1.01692894808
  10826.5518630    1.01680543883
  10829.9054400    1.01628838145
  10833.2712090    1.01601442599
  10836.6491690    1.01499517089
  10840.0393220    1.01423652825
  10843.4416660    1.01423022501
  10846.8562030    1.01394417912
  10850.2829310    1.01344124574
  10853.7218510    1.01339868765
  10857.1729640    1.01334590328
  10860.6362680    1.01311834287
  10864.1117640    1.01340535797
  10867.5994510    1.01355391461
  10871.0993310    1.01319364485
  10874.6114030    1.01304526627
  10878.1356660    1.01303342110
  10881.6721220    1.01287975298
  10885.2207690    1.01299895246
  10888.7816090    1.01340947288
  10892.3546400    1.01357987062
  10895.9398630    1.01389890384
  10899.5372780    1.01326545020
  10903.1468850    1.01312030617
  10906.7686840    1.01329695410
  10910.4026750    1.01314142194
  10914.0488570    1.01340201345
  10917.7072320    1.01357176189
  10921.3777990    1.01337190012
  10925.0605570    1.01313885039
  10928.7555070    1.01255147023
  10932.4626500    1.01152889356
  10936.1819840    1.01091046649
  10939.9135100    1.00989661747
  10943.6572280    1.00829089042
  10947.4131380    1.00687383013
  10951.1812390    1.00597682177
  10954.9615330    1.00528602344
  10958.7540190    1.00472659136
  10962.5586960    1.00533430783
  10966.3755650    1.00564571984
  10970.2046270    1.00532341946
  10974.0458800    1.00419499369
  10977.8993250    1.00336439878
  10981.7649620    1.00284196546
  10985.6427910    1.00209482029
  10989.5328120    1.00153163675
  10993.4350250    1.00123270932
  10997.3494290    1.00113882501
  11001.2760260    0.99996378012
  11005.2148140    0.99993387039
  11009.1657950    1.00013708734
  11013.1289670    0.99991507861
  11017.1043310    0.99891325186
  11021.0918880    0.99865315304
  11025.0916360    0.99776985992
  11029.1035750    0.99666537822
  11033.1277070    0.99563510241
  11037.1640310    0.99595607233
  11041.2125470    0.99719679205
  11045.2732540    0.99757595713
  11049.3461540    0.99763758186
  11053.4312450    0.99778695821
  11057.5285290    0.99785509113
  11061.6380040    0.99746771104
  11065.7596710    0.99696058110
  11069.8935300    0.99633133718
  11074.0395810    0.99587547884
  11078.1978240    0.99539645674
  11082.3682580    0.99486761873
  11086.5508850    0.99418397835
  11090.7457040    0.99332539449
  11094.9527140    0.99312078707
  11099.1719160    0.99272935412
  11103.4033110    0.99250163542
  11107.6468970    0.99230409716
  11111.9026750    0.99226407263
  11116.1706450    0.99276796724
  11120.4508070    0.99269281883
  11124.7431610    0.99227147050
  11129.0477070    0.99148704727
  11133.3644440    0.99047845110
  11137.6933740    0.98985257150
  11142.0344950    0.98990183181
  11146.3878090    0.98984124990
  11150.7533140    0.98990400660
  11155.1310110    0.99026320894
  11159.5209000    0.98974423888
  11163.9229810    0.99174885086
  11168.3372540    0.99110184621
  11172.7637190    0.99013098899
  11177.2023760    0.99113661314
  11181.6532240    0.99056980069
  11186.1162650    0.99007883923
  11190.5914970    0.99042247292
  11195.0789220    0.99165979422
  11199.5785380    0.99270929867
  11204.0903460    0.99317822191
  11208.6143460    0.99254898935
  11213.1505380    0.99195176974
  11217.6989220    0.99140286081
  11222.2594980    0.99140096466
  11226.8322660    0.99240477663
  11231.4172260    0.99281092039
  11236.0143770    0.99350816112
  11240.6237210    0.99448545000
  11245.2452560    0.99468289197
  11249.8789830    0.99514471535
  11254.5249020    0.99584009131
  11259.1830130    0.99711910540
  11263.8533160    0.99889637680
  11268.5358110    1.00027023659
  11273.2304980    1.00240922967
  11277.9373770    1.00398634193
  11282.6564480    1.00553509196
  11287.3877100    1.00737761508
  11292.1311650    1.00890387187
  11296.8868110    1.01079081534
  11301.6546490    1.01338966656
  11306.4346790    1.01589848964
  11311.2269010    1.01883163607
  11316.0313150    1.02122112888
  11320.8479210    1.02352346492
  11325.6767190    1.02714243088
