#---------------------------------
#  energy flat
  10182.0000000    0.00189129093
  10187.0000000    0.00195597831
  10192.0000000    0.00193668516
  10197.0000000    0.00185626805
  10202.0000000    0.00163299748
  10207.0000000    0.00171629910
  10212.0000000    0.00132731851
  10217.0000000    0.00080318989
  10222.0000000    0.00039412324
  10227.0000000    0.00030097918
  10232.0000000   -0.00009752497
  10237.0000000   -0.00028945436
  10242.0000000   -0.00025151954
  10247.0000000   -0.00050007085
  10252.0000000   -0.00057044492
  10257.0000000   -0.00005728426
  10262.0000000   -0.00011467166
  10267.0000000   -0.00010236388
  10272.0000000   -6.76821450e-6
  10277.0000000   -0.00025029800
  10282.0000000   -0.00001046363
  10287.0000000   -0.00007451752
  10292.0000000    0.00020219902
  10297.0000000    0.00011909800
  10302.0000000   -0.00020191897
  10307.0000000    0.00015947071
  10312.0000000   -0.00013548632
  10317.0000000    0.00068372706
  10322.0000000    0.00170033796
  10327.0000000    0.00336065522
  10332.0000000    0.00474219178
  10337.0000000    0.00661453820
  10341.0000000    0.00823196204
  10344.0000000    0.01015938381
  10346.0000000    0.01176660330
  10347.0000000    0.01335352619
  10347.2000000    0.01442614672
  10347.4000000    0.01504925502
  10347.6000000    0.01527886697
  10347.8000000    0.01589738664
  10348.0000000    0.01630976444
  10348.2000000    0.01654171399
  10348.4000000    0.01655185108
  10348.6000000    0.01668622739
  10348.8000000    0.01738405238
  10349.0000000    0.01840247517
  10349.2000000    0.01919311162
  10349.4000000    0.01925701355
  10349.6000000    0.01910525005
  10349.8000000    0.01942395061
  10350.0000000    0.01937348319
  10350.2000000    0.01927825503
  10350.4000000    0.01926761343
  10350.6000000    0.01956060036
  10350.8000000    0.01976718260
  10351.0000000    0.02016224483
  10351.2000000    0.02068535571
  10351.4000000    0.02068380479
  10351.6000000    0.02098328506
  10351.8000000    0.02136198408
  10352.0000000    0.02153324255
  10352.2000000    0.02201124637
  10352.4000000    0.02245790900
  10352.6000000    0.02287963721
  10352.8000000    0.02323123736
  10353.0000000    0.02345245125
  10353.2000000    0.02348076969
  10353.4000000    0.02404327349
  10353.6000000    0.02474066559
  10353.8000000    0.02504326267
  10354.0000000    0.02571243039
  10354.2000000    0.02630359147
  10354.4000000    0.02684384476
  10354.6000000    0.02770850528
  10354.8000000    0.02863351057
  10355.0000000    0.02970673714
  10355.2000000    0.03004708217
  10355.4000000    0.03053720688
  10355.6000000    0.03066249251
  10355.8000000    0.03113400299
  10356.0000000    0.03208350981
  10356.2000000    0.03258930512
  10356.4000000    0.03342487548
  10356.6000000    0.03419066408
  10356.8000000    0.03554665393
  10357.0000000    0.03613088878
  10357.2000000    0.03675347761
  10357.4000000    0.03755554234
  10357.6000000    0.03791051903
  10357.8000000    0.03838099057
  10358.0000000    0.03879605228
  10358.2000000    0.03955552071
  10358.4000000    0.04045663051
  10358.6000000    0.04186370129
  10358.8000000    0.04270178241
  10359.0000000    0.04393275384
  10359.2000000    0.04454590568
  10359.4000000    0.04603106969
  10359.6000000    0.04741078188
  10359.8000000    0.04914823376
  10360.0000000    0.05071789776
  10360.2000000    0.05158108645
  10360.4000000    0.05275837961
  10360.6000000    0.05391939613
  10360.8000000    0.05515556223
  10361.0000000    0.05667501107
  10361.2000000    0.05815878983
  10361.4000000    0.05967044667
  10361.6000000    0.06150434628
  10361.8000000    0.06363174483
  10362.0000000    0.06560105221
  10362.2000000    0.06755754606
  10362.4000000    0.06941638010
  10362.6000000    0.07166221715
  10362.8000000    0.07379463721
  10363.0000000    0.07595666690
  10363.2000000    0.07838431744
  10363.4000000    0.08093006019
  10363.6000000    0.08378765636
  10363.8000000    0.08637218599
  10364.0000000    0.08918008648
  10364.2000000    0.09226832606
  10364.4000000    0.09583516803
  10364.6000000    0.09984546178
  10364.8000000    0.10397921555
  10365.0000000    0.10866066084
  10365.2000000    0.11337517887
  10365.4000000    0.11870457283
  10365.6000000    0.12399812355
  10365.8000000    0.12934708410
  10366.0000000    0.13542624229
  10366.2000000    0.14210936760
  10366.4000000    0.15003540460
  10366.6000000    0.15884851832
  10366.8000000    0.16876238289
  10367.0000000    0.17948246045
  10367.2000000    0.19165860439
  10367.4000000    0.20494225226
  10367.6000000    0.21973754949
  10367.8000000    0.23653158309
  10368.0000000    0.25539396167
  10368.2000000    0.27624157047
  10368.4000000    0.29951093506
  10368.6000000    0.32538144474
  10368.8000000    0.35392599806
  10369.0000000    0.38524069646
  10369.2000000    0.41936796308
  10369.4000000    0.45739296476
  10369.6000000    0.49817720270
  10369.8000000    0.54245572289
  10370.0000000    0.59032583885
  10370.2000000    0.64251757505
  10370.4000000    0.69881102374
  10370.6000000    0.75964651990
  10370.8000000    0.82393370200
  10371.0000000    0.89579177127
  10371.2000000    0.97230268417
  10371.4000000    1.04051889212
  10371.6000000    1.08864381543
  10371.8000000    1.16132980969
  10372.0000000    1.22989605523
  10372.2000000    1.29431415405
  10372.4000000    1.35386170014
  10372.6000000    1.40788849354
  10372.8000000    1.45245402925
  10373.0000000    1.49163110248
  10373.2000000    1.52475566068
  10373.4000000    1.55260222899
  10373.6000000    1.57632125355
  10373.8000000    1.59603394303
  10374.0000000    1.61259568623
  10374.2000000    1.62739415274
  10374.4000000    1.63960685254
  10374.6000000    1.64990736100
  10374.8000000    1.65961270004
  10375.0000000    1.66900511305
  10375.2000000    1.67788858753
  10375.4000000    1.68637775217
  10375.6000000    1.69454186890
  10375.8000000    1.70130598658
  10376.0000000    1.70726299017
  10376.2000000    1.71163471738
  10376.4000000    1.71316267231
  10376.6000000    1.71323694848
  10376.8000000    1.71088544948
  10377.0000000    1.70569121601
  10377.2000000    1.69781112669
  10377.4000000    1.68738959301
  10377.6000000    1.67447198148
  10377.8000000    1.65862817302
  10378.0000000    1.64080671404
  10378.2000000    1.62070111868
  10378.4000000    1.59922183933
  10378.6000000    1.57670410513
  10378.8000000    1.55303363285
  10379.0000000    1.52924935643
  10379.2000000    1.50610277136
  10379.4000000    1.48291164366
  10379.6000000    1.46034573931
  10379.8000000    1.43929074945
  10380.0000000    1.41931257228
  10380.2000000    1.40060531509
  10380.4000000    1.38324239550
  10380.6000000    1.36757220234
  10380.8000000    1.35283423551
  10381.0000000    1.33896338803
  10381.2000000    1.32694110614
  10381.4000000    1.31550456481
  10381.6000000    1.30421896975
  10381.8000000    1.29294510348
  10382.0000000    1.28169543270
  10382.2000000    1.27062822144
  10382.4000000    1.25994467633
  10382.6000000    1.24983319035
  10382.8000000    1.24028614429
  10383.0000000    1.23029698364
  10383.2000000    1.22027400930
  10383.4000000    1.21089477905
  10383.6000000    1.20178510324
  10383.8000000    1.19326324157
  10384.0000000    1.18455553392
  10384.2000000    1.17606906915
  10384.4000000    1.16773579660
  10384.6000000    1.15992020874
  10384.8000000    1.15197175927
  10385.0000000    1.14395105211
  10385.2000000    1.13659798144
  10385.4000000    1.12978198750
  10385.6000000    1.12367726451
  10385.8000000    1.11823394321
  10386.0000000    1.11265775816
  10386.2000000    1.10707788302
  10386.4000000    1.10252390137
  10386.6000000    1.09771671165
  10386.8000000    1.09366910114
  10387.0000000    1.08988999995
  10387.2000000    1.08620400101
  10387.4000000    1.08288088049
  10387.6000000    1.07980514323
  10387.8000000    1.07705782575
  10388.0000000    1.07471823301
  10388.2000000    1.07289510639
  10388.4000000    1.07130325817
  10388.6000000    1.06991550250
  10388.8000000    1.06879244344
  10389.0000000    1.06730136978
  10389.2000000    1.06631377383
  10389.4000000    1.06542048827
  10389.6000000    1.06385945448
  10389.8000000    1.06261679386
  10390.0000000    1.06171553574
  10390.2000000    1.06082512561
  10390.4000000    1.06005707527
  10390.6000000    1.05980185061
  10390.8000000    1.05917410605
  10391.0000000    1.05791099087
  10391.2000000    1.05728433342
  10391.4000000    1.05680237117
  10391.6000000    1.05608831685
  10391.8000000    1.05538995602
  10392.0000000    1.05436790310
  10392.2000000    1.05378767913
  10392.4000000    1.05312254409
  10392.6000000    1.05234808266
  10392.8000000    1.05228332104
  10393.0000000    1.05201105295
  10393.2000000    1.05178321975
  10393.4000000    1.05208500330
  10393.6000000    1.05243503040
  10393.8000000    1.05301996259
  10394.0000000    1.05365781282
  10394.2000000    1.05381387588
  10394.4000000    1.05387636660
  10394.6000000    1.05393913488
  10394.8000000    1.05395438952
  10395.0000000    1.05340837714
  10395.2000000    1.05278887708
  10395.4000000    1.05197242888
  10395.6000000    1.05093479037
  10395.8000000    1.04969656683
  10396.0000000    1.04755041679
  10396.2000000    1.04560280482
  10396.4000000    1.04343382803
  10396.6000000    1.04082842675
  10396.8000000    1.03779716302
  10397.0000000    1.03375892593
  10397.2278600    1.02864780949
  10397.4835810    1.02291544005
  10397.7671620    1.01617695916
  10398.0786040    1.00923676229
  10398.4179050    1.00042592097
  10398.7850670    0.98762497156
  10399.1800900    0.97442636731
  10399.6029730    0.96195581213
  10400.0537160    0.94882602351
  10400.5323190    0.93642265882
  10401.0387830    0.92430252648
  10401.5731070    0.91218055458
  10402.1352920    0.90169891331
  10402.7253370    0.89277222620
  10403.3432420    0.88679509941
  10403.9890080    0.88225885791
  10404.6626340    0.88092455271
  10405.3641200    0.88212820914
  10406.0934670    0.88451394173
  10406.8506740    0.88739860105
  10407.6357410    0.89244375789
  10408.4486690    0.89774624494
  10409.2894570    0.90421998988
  10410.1581060    0.91310741241
  10411.0546140    0.92385429457
  10411.9789830    0.93712094305
  10412.9312130    0.95165691427
  10413.9113030    0.96273187464
  10414.9192530    0.97813691532
  10415.9550640    0.99529890730
  10417.0187340    1.01260385445
  10418.1102660    1.02829214258
  10419.2327230    1.04301182642
  10420.3673730    1.05505812614
  10421.5142140    1.06467399775
  10422.6732480    1.07214308136
  10423.8444730    1.07886761170
  10425.0278900    1.08368971059
  10426.2234990    1.08622083317
  10427.4313000    1.08831878374
  10428.6512930    1.09057992763
  10429.8834780    1.09260723578
  10431.1278550    1.09409493220
  10432.3844230    1.09563193830
  10433.6531840    1.09616115133
  10434.9341360    1.09544571436
  10436.2272800    1.09442137501
  10437.5326170    1.09146308053
  10438.8501450    1.08743177967
  10440.1798650    1.08338962187
  10441.5217770    1.07866997097
  10442.8758810    1.07318487634
  10444.2421770    1.06807631135
  10445.6206640    1.06287988458
  10447.0113440    1.05707371015
  10448.4142150    1.05139855976
  10449.8292790    1.04533064021
  10451.2565340    1.03948500913
  10452.6959810    1.03348903688
  10454.1476200    1.02720125711
  10455.6114520    1.02133264515
  10457.0874750    1.01666673212
  10458.5756890    1.01274136123
  10460.0760960    1.00885887866
  10461.5886950    1.00536472340
  10463.1134850    1.00208347965
  10464.6504680    1.00000644759
  10466.1996420    0.99812706080
  10467.7610090    0.99659923318
  10469.3345670    0.99557497797
  10470.9203170    0.99350175567
  10472.5182590    0.99159422706
  10474.1283930    0.99028750294
  10475.7507190    0.98838036936
  10477.3852370    0.98675346047
  10479.0319460    0.98555686465
  10480.6908480    0.98447573917
  10482.3619420    0.98356406410
  10484.0452270    0.98310351553
  10485.7407040    0.98267084622
  10487.4483740    0.98239205487
  10489.1682350    0.98248162331
  10490.9002880    0.98281342769
  10492.6445330    0.98378548403
  10494.4009700    0.98590419941
  10496.1695980    0.98838371719
  10497.9504190    0.99132732668
  10499.7434320    0.99465633027
  10501.5486360    0.99825548990
  10503.3660320    1.00252937357
  10505.1956210    1.00626994552
  10507.0374010    1.01010669743
  10508.8913730    1.01346723853
  10510.7575370    1.01549433296
  10512.6358930    1.01668395182
  10514.5264410    1.01759993805
  10516.4291810    1.01807160266
  10518.3441120    1.01763458070
  10520.2712360    1.01634223344
  10522.2105520    1.01435718170
  10524.1620590    1.01243405993
  10526.1257580    1.01043920580
  10528.1016490    1.00861141028
  10530.0897330    1.00658081492
  10532.0900080    1.00444525271
  10534.1024750    1.00246860305
  10536.1271330    1.00029397856
  10538.1639840    0.99835407233
  10540.2130270    0.99688504270
  10542.2742610    0.99588374082
  10544.3476880    0.99508381099
  10546.4333060    0.99423447988
  10548.5311170    0.99360391057
  10550.6411190    0.99280002150
  10552.7633130    0.99162690622
  10554.8976990    0.99079096736
  10557.0442770    0.99115011183
  10559.2030470    0.99174583624
  10561.3740080    0.99149946128
  10563.5571620    0.99036066941
  10565.7525080    0.99012809558
  10567.9600450    0.98965949113
  10570.1797750    0.98854920174
  10572.4116960    0.98799343305
  10574.6558090    0.98717007773
  10576.9121140    0.98672555544
  10579.1806110    0.98634266719
  10581.4613000    0.98608203207
  10583.7541810    0.98591335519
  10586.0592540    0.98537673458
  10588.3765180    0.98451978108
  10590.7059750    0.98379960852
  10593.0476230    0.98295940553
  10595.4014640    0.98215844277
  10597.7674960    0.98155737199
  10600.1457200    0.98121553833
  10602.5361360    0.98100405972
  10604.9387440    0.98073171041
  10607.3535440    0.98067737434
  10609.7805360    0.98075404968
  10612.2197200    0.98156163547
  10614.6710960    0.98273814258
  10617.1346630    0.98408070503
  10619.6104230    0.98605898323
  10622.0983740    0.98801556217
  10624.5985170    0.98932834047
  10627.1108520    0.99003475943
  10629.6353800    0.99083803535
  10632.1720990    0.99118426834
  10634.7210090    0.99138567375
  10637.2821120    0.99100988802
  10639.8554070    0.99108840007
  10642.4408940    0.99190327219
  10645.0385720    0.99260377470
  10647.6484430    0.99201017192
  10650.2705050    0.99093695727
  10652.9047590    0.99087444110
  10655.5512050    0.99138639563
  10658.2098440    0.99122898665
  10660.8806740    0.99084768090
  10663.5636960    0.99008396829
  10666.2589090    0.98930589852
  10668.9663150    0.98851857725
  10671.6859130    0.98829990339
  10674.4177020    0.98784373449
  10677.1616840    0.98661542657
  10679.9178570    0.98610192351
  10682.6862220    0.98601652562
  10685.4667800    0.98615408221
  10688.2595290    0.98679964050
  10691.0644700    0.98800361244
  10693.8816020    0.98918594406
  10696.7109270    0.99011842438
  10699.5524440    0.99094685342
  10702.4061530    0.99111262592
  10705.2720530    0.99083823562
  10708.1501460    0.99094684439
  10711.0404300    0.99215304098
  10713.9429060    0.99306306145
  10716.8575740    0.99374682104
  10719.7844350    0.99459837494
  10722.7234870    0.99515188242
  10725.6747300    0.99478738635
  10728.6381660    0.99523706920
  10731.6137940    0.99588477133
  10734.6016140    0.99608315791
  10737.6016250    0.99600945640
  10740.6138290    0.99604607590
  10743.6382240    0.99650719868
  10746.6748110    0.99710753459
  10749.7235900    0.99771364575
  10752.7845610    0.99839537385
  10755.8577240    0.99915502442
  10758.9430790    0.99972269707
  10762.0406260    1.00000008369
  10765.1503650    1.00017752172
  10768.2722950    1.00067737327
  10771.4064180    1.00235159337
  10774.5527320    1.00388734219
  10777.7112390    1.00518923139
  10780.8819370    1.00551409496
  10784.0648270    1.00574001858
  10787.2599090    1.00594094944
  10790.4671830    1.00617022567
  10793.6866490    1.00614370168
  10796.9183070    1.00638274900
  10800.1621570    1.00676563606
  10803.4181980    1.00736525597
  10806.6864320    1.00837778451
  10809.9668570    1.00916063125
  10813.2594740    1.01017108688
  10816.5642840    1.01135355321
  10819.8812850    1.01185730089
  10823.2104780    1.01251778784
  10826.5518630    1.01302695110
  10829.9054400    1.01282426580
  10833.2712090    1.01287401541
  10836.6491690    1.01325842850
  10840.0393220    1.01317733030
  10843.4416660    1.01267589451
  10846.8562030    1.01239910436
  10850.2829310    1.01290017352
  10853.7218510    1.01271054873
  10857.1729640    1.01171263884
  10860.6362680    1.01101964687
  10864.1117640    1.01000871661
  10867.5994510    1.00918527778
  10871.0993310    1.00904644927
  10874.6114030    1.00930322779
  10878.1356660    1.00906714768
  10881.6721220    1.00896000927
  10885.2207690    1.00904986711
  10888.7816090    1.00954988163
  10892.3546400    1.00957506681
  10895.9398630    1.00904526736
  10899.5372780    1.00875026776
  10903.1468850    1.00830170682
  10906.7686840    1.00793805268
  10910.4026750    1.00762627175
  10914.0488570    1.00712381918
  10917.7072320    1.00691471661
  10921.3777990    1.00699746636
  10925.0605570    1.00675795388
  10928.7555070    1.00664386213
  10932.4626500    1.00684453435
  10936.1819840    1.00721686611
  10939.9135100    1.00714019688
  10943.6572280    1.00701930493
  10947.4131380    1.00634437036
  10951.1812390    1.00560884890
  10954.9615330    1.00471747631
  10958.7540190    1.00453844038
  10962.5586960    1.00435452744
  10966.3755650    1.00398116214
  10970.2046270    1.00430873285
  10974.0458800    1.00433851516
  10977.8993250    1.00431955654
  10981.7649620    1.00451338709
  10985.6427910    1.00465342719
  10989.5328120    1.00495794898
  10993.4350250    1.00516802378
  10997.3494290    1.00480379359
  11001.2760260    1.00410747472
  11005.2148140    1.00339714696
  11009.1657950    1.00313393167
  11013.1289670    1.00297830050
  11017.1043310    1.00231438596
  11021.0918880    1.00197080523
  11025.0916360    1.00178297797
  11029.1035750    1.00124868966
  11033.1277070    1.00024807400
  11037.1640310    0.99953087752
  11041.2125470    0.99928723018
  11045.2732540    0.99854264116
  11049.3461540    0.99797662470
  11053.4312450    0.99777176710
  11057.5285290    0.99743467663
  11061.6380040    0.99696063727
  11065.7596710    0.99662304531
  11069.8935300    0.99605187921
  11074.0395810    0.99573461284
  11078.1978240    0.99568014710
  11082.3682580    0.99532184387
  11086.5508850    0.99497133879
  11090.7457040    0.99478619290
  11094.9527140    0.99465941742
  11099.1719160    0.99439089690
  11103.4033110    0.99405898348
  11107.6468970    0.99383522454
  11111.9026750    0.99348289831
  11116.1706450    0.99292600847
  11120.4508070    0.99264546411
  11124.7431610    0.99227063190
  11129.0477070    0.99236491870
  11133.3644440    0.99279083725
  11137.6933740    0.99292540840
  11142.0344950    0.99271191697
  11146.3878090    0.99321815859
  11150.7533140    0.99323082208
  11155.1310110    0.99273729796
  11159.5209000    0.99227842791
  11163.9229810    0.99349359836
  11168.3372540    0.99317595954
  11172.7637190    0.99256257695
  11177.2023760    0.99376049797
  11181.6532240    0.99339851940
  11186.1162650    0.99283263544
  11190.5914970    0.99268263692
  11195.0789220    0.99242172509
  11199.5785380    0.99223517396
  11204.0903460    0.99246310917
  11208.6143460    0.99275066477
  11213.1505380    0.99286943401
  11217.6989220    0.99315659321
  11222.2594980    0.99331874298
  11226.8322660    0.99354253012
  11231.4172260    0.99380618141
  11236.0143770    0.99438858366
  11240.6237210    0.99504505951
  11245.2452560    0.99565947969
  11249.8789830    0.99656875138
  11254.5249020    0.99774829831
  11259.1830130    0.99931144218
  11263.8533160    1.00054561922
  11268.5358110    1.00137831748
  11273.2304980    1.00238435020
  11277.9373770    1.00334693354
  11282.6564480    1.00436934707
  11287.3877100    1.00556429455
  11292.1311650    1.00677235020
  11296.8868110    1.00848038461
  11301.6546490    1.00991269021
  11306.4346790    1.01167472851
  11311.2269010    1.01377742280
  11316.0313150    1.01523128328
  11320.8479210    1.01839157707
  11325.6767190    1.02131973864
