#---------------------------------
#  energy flat
  10182.0000000    0.00422499156
  10187.0000000    0.00349331046
  10192.0000000    0.00272874163
  10197.0000000    0.00304647835
  10202.0000000    0.00280788334
  10207.0000000    0.00216704599
  10212.0000000    0.00166810889
  10217.0000000    0.00167686186
  10222.0000000    0.00099106261
  10227.0000000    0.00120151171
  10232.0000000    0.00105433541
  10237.0000000    0.00078837228
  10242.0000000    0.00081080931
  10247.0000000    0.00011316588
  10252.0000000   -0.00039232578
  10257.0000000   -0.00136020062
  10262.0000000   -0.00194664671
  10267.0000000   -0.00147344068
  10272.0000000   -0.00113098067
  10277.0000000   -0.00110083916
  10282.0000000   -0.00060026502
  10287.0000000   -0.00084207981
  10292.0000000   -0.00029757869
  10297.0000000   -0.00009356915
  10302.0000000    0.00005236939
  10307.0000000    0.00078407763
  10312.0000000    0.00120542222
  10317.0000000    0.00223679985
  10322.0000000    0.00304221802
  10327.0000000    0.00383970174
  10332.0000000    0.00489166296
  10337.0000000    0.00609621867
  10341.0000000    0.00778631428
  10344.0000000    0.00905753698
  10346.0000000    0.01027947135
  10347.0000000    0.01077527396
  10347.2000000    0.01176054053
  10347.4000000    0.01333939627
  10347.6000000    0.01392886007
  10347.8000000    0.01443667948
  10348.0000000    0.01446889160
  10348.2000000    0.01497878087
  10348.4000000    0.01573222339
  10348.6000000    0.01615736349
  10348.8000000    0.01625109638
  10349.0000000    0.01631136658
  10349.2000000    0.01660794552
  10349.4000000    0.01655644341
  10349.6000000    0.01692040772
  10349.8000000    0.01707267158
  10350.0000000    0.01761222881
  10350.2000000    0.01753266863
  10350.4000000    0.01757258523
  10350.6000000    0.01788077837
  10350.8000000    0.01816263832
  10351.0000000    0.01866240829
  10351.2000000    0.01871060432
  10351.4000000    0.01908192812
  10351.6000000    0.01931158166
  10351.8000000    0.01938772077
  10352.0000000    0.01975306498
  10352.2000000    0.02010874986
  10352.4000000    0.02073558608
  10352.6000000    0.02092671728
  10352.8000000    0.02124951442
  10353.0000000    0.02123055506
  10353.2000000    0.02152931885
  10353.4000000    0.02206830112
  10353.6000000    0.02260613347
  10353.8000000    0.02332243354
  10354.0000000    0.02344295959
  10354.2000000    0.02393985476
  10354.4000000    0.02398264615
  10354.6000000    0.02434258574
  10354.8000000    0.02481406765
  10355.0000000    0.02558153920
  10355.2000000    0.02630473880
  10355.4000000    0.02656337035
  10355.6000000    0.02704094684
  10355.8000000    0.02752760771
  10356.0000000    0.02800150445
  10356.2000000    0.02843469400
  10356.4000000    0.02834524449
  10356.6000000    0.02855960409
  10356.8000000    0.02889206057
  10357.0000000    0.03034775977
  10357.2000000    0.03151528881
  10357.4000000    0.03273766907
  10357.6000000    0.03431445495
  10357.8000000    0.03458435572
  10358.0000000    0.03520981204
  10358.2000000    0.03594796061
  10358.4000000    0.03678385245
  10358.6000000    0.03768069011
  10358.8000000    0.03856384370
  10359.0000000    0.03947367546
  10359.2000000    0.04046883135
  10359.4000000    0.04158403898
  10359.6000000    0.04205414098
  10359.8000000    0.04282471732
  10360.0000000    0.04350594480
  10360.2000000    0.04459458926
  10360.4000000    0.04595542000
  10360.6000000    0.04712570884
  10360.8000000    0.04832727553
  10361.0000000    0.04935186939
  10361.2000000    0.05104594721
  10361.4000000    0.05241413743
  10361.6000000    0.05410718032
  10361.8000000    0.05573444773
  10362.0000000    0.05722648443
  10362.2000000    0.05819059246
  10362.4000000    0.05884698165
  10362.6000000    0.05997633331
  10362.8000000    0.06214279863
  10363.0000000    0.06450923519
  10363.2000000    0.06719017512
  10363.4000000    0.06917920764
  10363.6000000    0.07090812806
  10363.8000000    0.07264429297
  10364.0000000    0.07435343475
  10364.2000000    0.07704552891
  10364.4000000    0.08013641564
  10364.6000000    0.08482086275
  10364.8000000    0.08902096318
  10365.0000000    0.09270405917
  10365.2000000    0.09591062794
  10365.4000000    0.09955347671
  10365.6000000    0.10334052555
  10365.8000000    0.10829623900
  10366.0000000    0.11423984950
  10366.2000000    0.12079648283
  10366.4000000    0.12787219045
  10366.6000000    0.13588669350
  10366.8000000    0.14395018318
  10367.0000000    0.15193674315
  10367.2000000    0.16042650850
  10367.4000000    0.17024178768
  10367.6000000    0.18171203301
  10367.8000000    0.19719308746
  10368.0000000    0.21387373938
  10368.2000000    0.23253110533
  10368.4000000    0.25261161339
  10368.6000000    0.27463778761
  10368.8000000    0.29919539771
  10369.0000000    0.32658434304
  10369.2000000    0.35651323365
  10369.4000000    0.38928461374
  10369.6000000    0.42597607418
  10369.8000000    0.46629576504
  10370.0000000    0.51061373086
  10370.2000000    0.55902610505
  10370.4000000    0.61193064523
  10370.6000000    0.66943774382
  10370.8000000    0.73167504202
  10371.0000000    0.79818464135
  10371.2000000    0.87048018268
  10371.4000000    0.95259075885
  10371.6000000    1.03439729594
  10371.8000000    1.09182091027
  10372.0000000    1.16523785446
  10372.2000000    1.24729576426
  10372.4000000    1.32722823140
  10372.6000000    1.40453760014
  10372.8000000    1.47830209345
  10373.0000000    1.54629017441
  10373.2000000    1.60596465714
  10373.4000000    1.66077714386
  10373.6000000    1.70912326448
  10373.8000000    1.75333643809
  10374.0000000    1.79204802843
  10374.2000000    1.82565728773
  10374.4000000    1.85583459056
  10374.6000000    1.88189550359
  10374.8000000    1.90472224582
  10375.0000000    1.92476167603
  10375.2000000    1.94337369034
  10375.4000000    1.95995250997
  10375.6000000    1.97434634497
  10375.8000000    1.98674677175
  10376.0000000    1.99649879501
  10376.2000000    2.00467299063
  10376.4000000    2.01118403416
  10376.6000000    2.01511681807
  10376.8000000    2.01609025824
  10377.0000000    2.01236866364
  10377.2000000    2.00440165292
  10377.4000000    1.99244749788
  10377.6000000    1.97600138292
  10377.8000000    1.95557249259
  10378.0000000    1.93243999843
  10378.2000000    1.90637483587
  10378.4000000    1.87803682908
  10378.6000000    1.84810052133
  10378.8000000    1.81661466875
  10379.0000000    1.78414641208
  10379.2000000    1.75184751158
  10379.4000000    1.72009537089
  10379.6000000    1.68851051572
  10379.8000000    1.65788202142
  10380.0000000    1.62744036046
  10380.2000000    1.59721957025
  10380.4000000    1.56759682424
  10380.6000000    1.53746129867
  10380.8000000    1.50752870369
  10381.0000000    1.47764034993
  10381.2000000    1.44787098184
  10381.4000000    1.41849979978
  10381.6000000    1.39007577569
  10381.8000000    1.36190619669
  10382.0000000    1.33508923692
  10382.2000000    1.31037878403
  10382.4000000    1.28680867425
  10382.6000000    1.26493454880
  10382.8000000    1.24401907803
  10383.0000000    1.22480097079
  10383.2000000    1.20630141402
  10383.4000000    1.18832216087
  10383.6000000    1.17135422724
  10383.8000000    1.15528147073
  10384.0000000    1.14137225358
  10384.2000000    1.12891937419
  10384.4000000    1.11815695601
  10384.6000000    1.10797256510
  10384.8000000    1.09861757383
  10385.0000000    1.09039671078
  10385.2000000    1.08254527826
  10385.4000000    1.07551680460
  10385.6000000    1.06833891633
  10385.8000000    1.06129403354
  10386.0000000    1.05488697124
  10386.2000000    1.05007653299
  10386.4000000    1.04600027772
  10386.6000000    1.04260806858
  10386.8000000    1.04007998263
  10387.0000000    1.03802182669
  10387.2000000    1.03634114674
  10387.4000000    1.03443009416
  10387.6000000    1.03320216569
  10387.8000000    1.03296530986
  10388.0000000    1.03211170674
  10388.2000000    1.03310149670
  10388.4000000    1.03345912978
  10388.6000000    1.03445549811
  10388.8000000    1.03544480562
  10389.0000000    1.03677892780
  10389.2000000    1.03790912201
  10389.4000000    1.03911274878
  10389.6000000    1.04136264069
  10389.8000000    1.04307788617
  10390.0000000    1.04566046837
  10390.2000000    1.04781465616
  10390.4000000    1.05000869670
  10390.6000000    1.05299923774
  10390.8000000    1.05550112718
  10391.0000000    1.05778712590
  10391.2000000    1.06011803561
  10391.4000000    1.06326798257
  10391.6000000    1.06559556939
  10391.8000000    1.06740115494
  10392.0000000    1.06835080188
  10392.2000000    1.06882352372
  10392.4000000    1.06980480222
  10392.6000000    1.07041586751
  10392.8000000    1.07151364014
  10393.0000000    1.07327865749
  10393.2000000    1.07591307506
  10393.4000000    1.07801421907
  10393.6000000    1.07952298317
  10393.8000000    1.08046834499
  10394.0000000    1.08119597028
  10394.2000000    1.08192112396
  10394.4000000    1.08206125565
  10394.6000000    1.08216441720
  10394.8000000    1.08236330918
  10395.0000000    1.08263010305
  10395.2000000    1.08218216238
  10395.4000000    1.08103926524
  10395.6000000    1.07977223210
  10395.8000000    1.07754208025
  10396.0000000    1.07558911397
  10396.2000000    1.07254837681
  10396.4000000    1.06897321022
  10396.6000000    1.06495767742
  10396.8000000    1.05970028308
  10397.0000000    1.05410302490
  10397.2278600    1.04709259736
  10397.4835810    1.03853516031
  10397.7671620    1.02922834404
  10398.0786040    1.01815476770
  10398.4179050    1.00117137203
  10398.7850670    0.98409527153
  10399.1800900    0.96805170696
  10399.6029730    0.95119731424
  10400.0537160    0.93457482666
  10400.5323190    0.91685333862
  10401.0387830    0.90026764447
  10401.5731070    0.88489048983
  10402.1352920    0.87015597640
  10402.7253370    0.85943924659
  10403.3432420    0.85160248745
  10403.9890080    0.84632136382
  10404.6626340    0.84546562025
  10405.3641200    0.84635846765
  10406.0934670    0.85061257390
  10406.8506740    0.85661280917
  10407.6357410    0.86534541639
  10408.4486690    0.87384001219
  10409.2894570    0.88451799087
  10410.1581060    0.89630615527
  10411.0546140    0.90982540163
  10411.9789830    0.92974528031
  10412.9312130    0.95348465690
  10413.9113030    0.97274501394
  10414.9192530    0.99250529893
  10415.9550640    1.01858437940
  10417.0187340    1.04273508717
  10418.1102660    1.06393383487
  10419.2327230    1.08197988618
  10420.3673730    1.09678146493
  10421.5142140    1.10903400571
  10422.6732480    1.11969672681
  10423.8444730    1.12807986989
  10425.0278900    1.13511045923
  10426.2234990    1.14099682141
  10427.4313000    1.14464051333
  10428.6512930    1.14694349478
  10429.8834780    1.14674982712
  10431.1278550    1.14511395006
  10432.3844230    1.14242473119
  10433.6531840    1.13770285575
  10434.9341360    1.13149864193
  10436.2272800    1.12335438093
  10437.5326170    1.11434589776
  10438.8501450    1.10520542714
  10440.1798650    1.09680502705
  10441.5217770    1.08807017076
  10442.8758810    1.07893274158
  10444.2421770    1.07084067766
  10445.6206640    1.06378358813
  10447.0113440    1.05771220771
  10448.4142150    1.05170770779
  10449.8292790    1.04434919483
  10451.2565340    1.03746016841
  10452.6959810    1.03084485970
  10454.1476200    1.02470836237
  10455.6114520    1.01917711186
  10457.0874750    1.01345393069
  10458.5756890    1.00818800608
  10460.0760960    1.00397884285
  10461.5886950    1.00072863698
  10463.1134850    0.99653581607
  10464.6504680    0.99389149781
  10466.1996420    0.99170319044
  10467.7610090    0.98949498045
  10469.3345670    0.98781461778
  10470.9203170    0.98638650081
  10472.5182590    0.98537981607
  10474.1283930    0.98466890711
  10475.7507190    0.98392733792
  10477.3852370    0.98257637648
  10479.0319460    0.98201722258
  10480.6908480    0.98120610579
  10482.3619420    0.98031173320
  10484.0452270    0.98013043499
  10485.7407040    0.97954805540
  10487.4483740    0.97860380535
  10489.1682350    0.97726077159
  10490.9002880    0.97673521536
  10492.6445330    0.97818313953
  10494.4009700    0.98087099211
  10496.1695980    0.98480576716
  10497.9504190    0.98994937268
  10499.7434320    0.99569611503
  10501.5486360    1.00206033328
  10503.3660320    1.00818701803
  10505.1956210    1.01279614405
  10507.0374010    1.01618859639
  10508.8913730    1.01952447134
  10510.7575370    1.02165550976
  10512.6358930    1.02355666119
  10514.5264410    1.02576658910
  10516.4291810    1.02746980436
  10518.3441120    1.02842232429
  10520.2712360    1.02754255343
  10522.2105520    1.02418701439
  10524.1620590    1.01860732172
  10526.1257580    1.01226663780
  10528.1016490    1.00659063266
  10530.0897330    1.00121753139
  10532.0900080    0.99623816519
  10534.1024750    0.99166102044
  10536.1271330    0.98580787523
  10538.1639840    0.98138560560
  10540.2130270    0.97893532324
  10542.2742610    0.97745539888
  10544.3476880    0.97585518868
  10546.4333060    0.97458494026
  10548.5311170    0.97390607238
  10550.6411190    0.97297262726
  10552.7633130    0.97165572681
  10554.8976990    0.97139750831
  10557.0442770    0.97282595778
  10559.2030470    0.97572018170
  10561.3740080    0.97837312207
  10563.5571620    0.98102452611
  10565.7525080    0.98430901897
  10567.9600450    0.98681297878
  10570.1797750    0.98910500614
  10572.4116960    0.99119414600
  10574.6558090    0.99259565619
  10576.9121140    0.99353497837
  10579.1806110    0.99419591866
  10581.4613000    0.99368916883
  10583.7541810    0.99274082081
  10586.0592540    0.99225105632
  10588.3765180    0.99070360542
  10590.7059750    0.98916214945
  10593.0476230    0.98814116254
  10595.4014640    0.98639871726
  10597.7674960    0.98357923996
  10600.1457200    0.97993637374
  10602.5361360    0.97587646300
  10604.9387440    0.97129665866
  10607.3535440    0.96793558563
  10609.7805360    0.96649509127
  10612.2197200    0.96635460514
  10614.6710960    0.96964622798
  10617.1346630    0.97446192044
  10619.6104230    0.97878898882
  10622.0983740    0.98170623844
  10624.5985170    0.98392121087
  10627.1108520    0.98582521120
  10629.6353800    0.98750020583
  10632.1720990    0.98979814116
  10634.7210090    0.99177408642
  10637.2821120    0.99414818582
  10639.8554070    0.99612383058
  10642.4408940    0.99763736177
  10645.0385720    0.99899078645
  10647.6484430    0.99956432410
  10650.2705050    0.99898358046
  10652.9047590    0.99924505712
  10655.5512050    0.99840998760
  10658.2098440    0.99702894460
  10660.8806740    0.99649630522
  10663.5636960    0.99440870674
  10666.2589090    0.99207288332
  10668.9663150    0.98829471013
  10671.6859130    0.98401269831
  10674.4177020    0.98066027594
  10677.1616840    0.97743748365
  10679.9178570    0.97555395747
  10682.6862220    0.97473776428
  10685.4667800    0.97513875309
  10688.2595290    0.97672254849
  10691.0644700    0.97789501166
  10693.8816020    0.97887887115
  10696.7109270    0.98047594524
  10699.5524440    0.98280936178
  10702.4061530    0.98624763267
  10705.2720530    0.99010938399
  10708.1501460    0.99126413011
  10711.0404300    0.99213848677
  10713.9429060    0.99431501804
  10716.8575740    0.99653643540
  10719.7844350    0.99889176909
  10722.7234870    1.00057264450
  10725.6747300    1.00111381442
  10728.6381660    1.00098743817
  10731.6137940    1.00118865292
  10734.6016140    1.00085454521
  10737.6016250    1.00224009026
  10740.6138290    1.00256751039
  10743.6382240    1.00229489995
  10746.6748110    1.00376874470
  10749.7235900    1.00293667376
  10752.7845610    1.00221783446
  10755.8577240    1.00163539176
  10758.9430790    1.00120054474
  10762.0406260    1.00116527960
  10765.1503650    1.00129630914
  10768.2722950    1.00129387525
  10771.4064180    1.00150561754
  10774.5527320    1.00306249774
  10777.7112390    1.00460842098
  10780.8819370    1.00627413630
  10784.0648270    1.00799581946
  10787.2599090    1.00911421217
  10790.4671830    1.00949694489
  10793.6866490    1.00994307909
  10796.9183070    1.01061162570
  10800.1621570    1.01073107498
  10803.4181980    1.01096087496
  10806.6864320    1.01016498184
  10809.9668570    1.00963046304
  10813.2594740    1.01003745266
  10816.5642840    1.01067076742
  10819.8812850    1.01213257156
  10823.2104780    1.01406921078
  10826.5518630    1.01522480056
  10829.9054400    1.01549636474
  10833.2712090    1.01451736280
  10836.6491690    1.01421051548
  10840.0393220    1.01454873452
  10843.4416660    1.01478370175
  10846.8562030    1.01508910251
  10850.2829310    1.01490681341
  10853.7218510    1.01483690954
  10857.1729640    1.01403378509
  10860.6362680    1.01222426646
  10864.1117640    1.01073701851
  10867.5994510    1.01050260524
  10871.0993310    1.01130879871
  10874.6114030    1.01110396024
  10878.1356660    1.01016987228
  10881.6721220    1.01074387310
  10885.2207690    1.01235570175
  10888.7816090    1.01297879460
  10892.3546400    1.01223466004
  10895.9398630    1.01268400586
  10899.5372780    1.01329519107
  10903.1468850    1.01258052049
  10906.7686840    1.01103338680
  10910.4026750    1.01022949323
  10914.0488570    1.01018272635
  10917.7072320    1.00907745234
  10921.3777990    1.00900432648
  10925.0605570    1.01014951181
  10928.7555070    1.01085792335
  10932.4626500    1.01000344716
  10936.1819840    1.00931684256
  10939.9135100    1.00880928329
  10943.6572280    1.00765940968
  10947.4131380    1.00635678116
  10951.1812390    1.00584541583
  10954.9615330    1.00654704608
  10958.7540190    1.00654516755
  10962.5586960    1.00596945594
  10966.3755650    1.00574350281
  10970.2046270    1.00519850101
  10974.0458800    1.00463297166
  10977.8993250    1.00470652177
  10981.7649620    1.00459123504
  10985.6427910    1.00503667074
  10989.5328120    1.00366001835
  10993.4350250    1.00194842601
  10997.3494290    1.00047533155
  11001.2760260    0.99926475442
  11005.2148140    0.99875677548
  11009.1657950    0.99914241698
  11013.1289670    1.00278216313
  11017.1043310    1.00300388586
  11021.0918880    1.00144664447
  11025.0916360    1.00062461044
  11029.1035750    0.99902771091
  11033.1277070    0.99708902885
  11037.1640310    0.99509609141
  11041.2125470    0.99351790479
  11045.2732540    0.99365512208
  11049.3461540    0.99511872348
  11053.4312450    0.99616396054
  11057.5285290    0.99536233448
  11061.6380040    0.99447180670
  11065.7596710    0.99478740429
  11069.8935300    0.99452929386
  11074.0395810    0.99271088535
  11078.1978240    0.99206055177
  11082.3682580    0.99274628273
  11086.5508850    0.99256104821
  11090.7457040    0.99209583973
  11094.9527140    0.99163649111
  11099.1719160    0.99142930986
  11103.4033110    0.99173558517
  11107.6468970    0.99292473588
  11111.9026750    0.99294815913
  11116.1706450    0.99380914979
  11120.4508070    0.99391592653
  11124.7431610    0.99337793829
  11129.0477070    0.99351208896
  11133.3644440    0.99208758660
  11137.6933740    0.99154994414
  11142.0344950    0.99154443222
  11146.3878090    0.99179593320
  11150.7533140    0.99376805665
  11155.1310110    0.99317576776
  11159.5209000    0.99162029208
  11163.9229810    0.99241076325
  11168.3372540    0.99223787585
  11172.7637190    0.99212481394
  11177.2023760    0.99293336047
  11181.6532240    0.99303990967
  11186.1162650    0.99384772427
  11190.5914970    0.99445982048
  11195.0789220    0.99389508812
  11199.5785380    0.99274832586
  11204.0903460    0.99376726512
  11208.6143460    0.99415270494
  11213.1505380    0.99551912690
  11217.6989220    0.99398283807
  11222.2594980    0.99295530188
  11226.8322660    0.99330119620
  11231.4172260    0.99300401764
  11236.0143770    0.99381584614
  11240.6237210    0.99314395971
  11245.2452560    0.99533800711
  11249.8789830    0.99792429814
  11254.5249020    1.00017662929
  11259.1830130    1.00093281449
  11263.8533160    1.00041892035
  11268.5358110    1.00110503879
  11273.2304980    1.00272268095
  11277.9373770    1.00423804234
  11282.6564480    1.00549892128
  11287.3877100    1.00667217943
  11292.1311650    1.00841990703
  11296.8868110    1.00917434882
  11301.6546490    1.00993513780
  11306.4346790    1.01131216473
  11311.2269010    1.01382501683
  11316.0313150    1.01631539921
  11320.8479210    1.01806161034
  11325.6767190    1.01962005537
