#---------------------------------
#  energy flat
  8794.00000000    0.00857318130
  8799.00000000    0.00670295022
  8804.00000000    0.00526198149
  8809.00000000    0.00281651065
  8814.00000000    0.00031397956
  8819.00000000   -0.00187119176
  8824.00000000   -0.00258368475
  8829.00000000   -0.00248725312
  8834.00000000   -0.00269769668
  8839.00000000   -0.00189920235
  8844.00000000   -0.00110332916
  8849.00000000    0.00024439515
  8854.00000000    0.00119914985
  8859.00000000    0.00172625521
  8864.00000000    0.00173679405
  8869.00000000    0.00167757019
  8874.00000000    0.00132356872
  8879.00000000    0.00146637440
  8884.00000000    0.00268062211
  8889.00000000    0.00187901031
  8894.00000000    0.00232304564
  8899.00000000    0.00084759882
  8904.00000000   -0.00059941870
  8909.00000000   -0.00175690089
  8914.00000000   -0.00271215192
  8919.00000000   -0.00254878036
  8924.00000000   -0.00129965130
  8929.00000000    0.00082090653
  8934.00000000    0.00288319437
  8939.00000000    0.00520477360
  8944.00000000    0.00741545837
  8949.00000000    0.00918841250
  8953.00000000    0.01086437354
  8956.00000000    0.01239414467
  8958.00000000    0.01359706875
  8959.00000000    0.01500967330
  8959.20000000    0.01590417029
  8959.40000000    0.01573448378
  8959.60000000    0.01517344067
  8959.80000000    0.01525477889
  8960.00000000    0.01535406184
  8960.20000000    0.01589289007
  8960.40000000    0.01617000740
  8960.60000000    0.01590878256
  8960.80000000    0.01627501870
  8961.00000000    0.01577285047
  8961.20000000    0.01551585979
  8961.40000000    0.01539012781
  8961.60000000    0.01553296204
  8961.80000000    0.01570523370
  8962.00000000    0.01540207060
  8962.20000000    0.01550175680
  8962.40000000    0.01578593105
  8962.60000000    0.01614632003
  8962.80000000    0.01626455585
  8963.00000000    0.01706388523
  8963.20000000    0.01714663483
  8963.40000000    0.01763969389
  8963.60000000    0.01745972445
  8963.80000000    0.01728419078
  8964.00000000    0.01728931426
  8964.20000000    0.01755211612
  8964.40000000    0.01757861199
  8964.60000000    0.01822430215
  8964.80000000    0.01873712059
  8965.00000000    0.01786436326
  8965.20000000    0.01800840724
  8965.40000000    0.01821374562
  8965.60000000    0.01853643048
  8965.80000000    0.01902202938
  8966.00000000    0.02000080615
  8966.20000000    0.01966356821
  8966.40000000    0.01985600250
  8966.60000000    0.01944134007
  8966.80000000    0.01964950121
  8967.00000000    0.02067747479
  8967.20000000    0.02097717426
  8967.40000000    0.02114501014
  8967.60000000    0.02136950301
  8967.80000000    0.02171416514
  8968.00000000    0.02191143846
  8968.20000000    0.02241236096
  8968.40000000    0.02222251182
  8968.60000000    0.02257826340
  8968.80000000    0.02289651249
  8969.00000000    0.02324419901
  8969.20000000    0.02360821726
  8969.40000000    0.02455412895
  8969.60000000    0.02538491203
  8969.80000000    0.02576022136
  8970.00000000    0.02603733868
  8970.20000000    0.02635437801
  8970.40000000    0.02696780797
  8970.60000000    0.02828773640
  8970.80000000    0.02959092985
  8971.00000000    0.02997047333
  8971.20000000    0.03003366517
  8971.40000000    0.03053398279
  8971.60000000    0.03076049192
  8971.80000000    0.03121967778
  8972.00000000    0.03122782565
  8972.20000000    0.03203219569
  8972.40000000    0.03294262115
  8972.60000000    0.03364879920
  8972.80000000    0.03505300741
  8973.00000000    0.03592855153
  8973.20000000    0.03706056427
  8973.40000000    0.03800103205
  8973.60000000    0.03868180519
  8973.80000000    0.03912768371
  8974.00000000    0.03972760470
  8974.20000000    0.04066041068
  8974.40000000    0.04222874269
  8974.60000000    0.04350612798
  8974.80000000    0.04449276817
  8975.00000000    0.04609134412
  8975.20000000    0.04763084357
  8975.40000000    0.04985063008
  8975.60000000    0.05226538920
  8975.80000000    0.05490153397
  8976.00000000    0.05733484270
  8976.20000000    0.05996251917
  8976.40000000    0.06335314947
  8976.60000000    0.06731478539
  8976.80000000    0.07204401254
  8977.00000000    0.07705833926
  8977.20000000    0.08285295966
  8977.40000000    0.08917140513
  8977.60000000    0.09642721117
  8977.80000000    0.10511174101
  8978.00000000    0.11492658776
  8978.20000000    0.12662704345
  8978.40000000    0.14069822091
  8978.60000000    0.15807304493
  8978.80000000    0.17989876901
  8979.00000000    0.20616974764
  8979.20000000    0.23691743449
  8979.40000000    0.27382198135
  8979.60000000    0.31616196940
  8979.80000000    0.36399022471
  8980.00000000    0.41561409469
  8980.20000000    0.46884308063
  8980.40000000    0.52121036496
  8980.60000000    0.56944839217
  8980.80000000    0.61178587538
  8981.00000000    0.64493267696
  8981.20000000    0.66758326671
  8981.40000000    0.67886520770
  8981.60000000    0.67944366496
  8981.80000000    0.67199038827
  8982.00000000    0.65815004311
  8982.20000000    0.64102223021
  8982.40000000    0.62392208878
  8982.60000000    0.60686937815
  8982.80000000    0.59132467903
  8983.00000000    0.57814550794
  8983.20000000    0.56733045345
  8983.40000000    0.56095263690
  8983.60000000    0.55870881233
  8983.80000000    0.56039997455
  8984.00000000    0.56393465417
  8984.20000000    0.56984151522
  8984.40000000    0.57808466820
  8984.60000000    0.58684705704
  8984.80000000    0.59681360617
  8985.00000000    0.60814440681
  8985.20000000    0.61858689016
  8985.40000000    0.62987867142
  8985.60000000    0.64110960954
  8985.80000000    0.65207586030
  8986.00000000    0.66317200630
  8986.20000000    0.67418714641
  8986.40000000    0.68531605156
  8986.60000000    0.69556389766
  8986.80000000    0.70663220882
  8987.00000000    0.71743482426
  8987.20000000    0.72928251634
  8987.40000000    0.74174682920
  8987.60000000    0.75483219856
  8987.80000000    0.76748674010
  8988.00000000    0.77955782269
  8988.20000000    0.79201869631
  8988.40000000    0.80416568523
  8988.60000000    0.81719685274
  8988.80000000    0.82930179645
  8989.00000000    0.84233063904
  8989.20000000    0.85497543082
  8989.40000000    0.86811485905
  8989.60000000    0.88225540890
  8989.80000000    0.89666074116
  8990.00000000    0.91155627397
  8990.20000000    0.92585907256
  8990.40000000    0.94089825730
  8990.60000000    0.95712063198
  8990.80000000    0.97393785108
  8991.00000000    0.98981029630
  8991.20000000    1.00570133796
  8991.40000000    1.02105428587
  8991.60000000    1.03606633047
  8991.80000000    1.05083626861
  8992.00000000    1.06453965040
  8992.20000000    1.07687242336
  8992.40000000    1.08786725092
  8992.60000000    1.09719306268
  8992.80000000    1.10483130898
  8993.00000000    1.11106829910
  8993.20000000    1.11664117866
  8993.40000000    1.12122069191
  8993.60000000    1.12714751827
  8993.80000000    1.13292982486
  8994.00000000    1.13793894091
  8994.20000000    1.14266360848
  8994.40000000    1.14641325752
  8994.60000000    1.14963892598
  8994.80000000    1.15202486705
  8995.00000000    1.15336925281
  8995.20000000    1.15518105426
  8995.40000000    1.15599646459
  8995.60000000    1.15583947728
  8995.80000000    1.15480465503
  8996.00000000    1.15303716870
  8996.20000000    1.15076203318
  8996.40000000    1.14686324698
  8996.60000000    1.13981913655
  8996.80000000    1.13297831106
  8997.00000000    1.12625145002
  8997.20000000    1.11922481628
  8997.40000000    1.11199841642
  8997.60000000    1.10310844363
  8997.80000000    1.09509720361
  8998.00000000    1.08681018423
  8998.20000000    1.07989346240
  8998.40000000    1.07265075619
  8998.60000000    1.06588232027
  8998.80000000    1.05955045047
  8999.00000000    1.05192277378
  8999.20000000    1.04524984267
  8999.40000000    1.03936733168
  8999.60000000    1.03416797558
  8999.80000000    1.02911081103
  9000.00000000    1.02353470543
  9000.20000000    1.01899439896
  9000.40000000    1.01341677021
  9000.60000000    1.00917032299
  9000.80000000    1.00512836964
  9001.00000000    1.00070135488
  9001.20000000    0.99796905372
  9001.40000000    0.99621912048
  9001.60000000    0.99412949161
  9001.80000000    0.99420940610
  9002.00000000    0.99340906484
  9002.20000000    0.99312977040
  9002.40000000    0.99101975386
  9002.60000000    0.98919951873
  9002.80000000    0.98715471633
  9003.00000000    0.98599892855
  9003.20000000    0.98593902391
  9003.40000000    0.98606143371
  9003.60000000    0.98741259828
  9003.80000000    0.98805871996
  9004.00000000    0.98896861297
  9004.20000000    0.98999730797
  9004.40000000    0.99066049861
  9004.60000000    0.99218044333
  9004.80000000    0.99360607096
  9005.00000000    0.99627658316
  9005.20000000    0.99854892738
  9005.40000000    0.99928593137
  9005.60000000    1.00042865125
  9005.80000000    1.00081168711
  9006.00000000    1.00204321009
  9006.20000000    1.00415386734
  9006.40000000    1.00671419485
  9006.60000000    1.00890115412
  9006.80000000    1.00940276292
  9007.00000000    1.01044275741
  9007.20000000    1.01093336380
  9007.40000000    1.01260695501
  9007.60000000    1.01566737518
  9007.80000000    1.01903148789
  9008.00000000    1.02190125630
  9008.20000000    1.02292981684
  9008.40000000    1.02491533895
  9008.60000000    1.02668072837
  9008.80000000    1.02927040918
  9009.00000000    1.03146837325
  9009.22786000    1.03398323460
  9009.48358100    1.03621839920
  9009.76716200    1.03723814470
  9010.07860400    1.03727496923
  9010.41790500    1.03720819735
  9010.78506700    1.03775786205
  9011.18009000    1.03749002980
  9011.60297300    1.03588675989
  9012.05371600    1.03403687148
  9012.53231900    1.03218538006
  9013.03878300    1.03186307186
  9013.57310700    1.03045026307
  9014.13529200    1.02935616379
  9014.72533700    1.02662363856
  9015.34324200    1.02242512855
  9015.98900800    1.01561484215
  9016.66263400    1.00663722089
  9017.36412000    0.99696459682
  9018.09346700    0.98693253274
  9018.85067400    0.97800147104
  9019.63574100    0.96998980933
  9020.44866900    0.96246189571
  9021.28945700    0.95611482112
  9022.15810600    0.94951387909
  9023.05461400    0.94436913681
  9023.97898300    0.93941666642
  9024.93121300    0.93569693300
  9025.91130300    0.93253113822
  9026.91925300    0.93086518758
  9027.95506400    0.92962932783
  9029.01873400    0.92937448606
  9030.11026600    0.93026586818
  9031.23272300    0.93341659866
  9032.36737300    0.93867514080
  9033.51421400    0.94577598993
  9034.67324800    0.95343864547
  9035.84447300    0.96169802581
  9037.02789000    0.96980229664
  9038.22349900    0.97706273492
  9039.43130000    0.98425724703
  9040.65129300    0.99119411850
  9041.88347800    0.99777660071
  9043.12785500    1.00584960596
  9044.38442300    1.01232445531
  9045.65318400    1.01723504901
  9046.93413600    1.01917427322
  9048.22728000    1.01925110142
  9049.53261700    1.01684475507
  9050.85014500    1.01427659287
  9052.17986500    1.01232310597
  9053.52177700    1.01044013543
  9054.87588100    1.01015321580
  9056.24217700    1.00990783836
  9057.62066400    1.00934514023
  9059.01134400    1.00869883107
  9060.41421500    1.00843470111
  9061.82927900    1.00746903334
  9063.25653400    1.00679426519
  9064.69598100    1.00663906667
  9066.14762000    1.00711113392
  9067.61145200    1.00830364336
  9069.08747500    1.00993152690
  9070.57568900    1.01192645980
  9072.07609600    1.01301539541
  9073.58869500    1.01349051818
  9075.11348500    1.01380853919
  9076.65046800    1.01516048521
  9078.19964200    1.01568718921
  9079.76100900    1.01520680372
  9081.33456700    1.01496883468
  9082.92031700    1.01444504190
  9084.51825900    1.01328260179
  9086.12839300    1.01093613711
  9087.75071900    1.00731171133
  9089.38523700    1.00387375682
  9091.03194600    1.00025755404
  9092.69084800    0.99592578404
  9094.36194200    0.99145532081
  9096.04522700    0.98698752490
  9097.74070400    0.98392552904
  9099.44837400    0.98156284956
  9101.16823500    0.97946943843
  9102.90028800    0.97816006099
  9104.64453300    0.97751557110
  9106.40097000    0.97761199611
  9108.16959800    0.97903285826
  9109.95041900    0.98025891189
  9111.74343200    0.98241544752
  9113.54863600    0.98484920948
  9115.36603200    0.98712469330
  9117.19562100    0.98952055393
  9119.03740100    0.99186602721
  9120.89137300    0.99353950513
  9122.75753700    0.99482911882
  9124.63589300    0.99574152825
  9126.52644100    0.99688121444
  9128.42918100    0.99824475427
  9130.34411200    0.99908512823
  9132.27123600    1.00024735032
  9134.21055200    1.00131587277
  9136.16205900    1.00246389556
  9138.12575800    1.00375815462
  9140.10164900    1.00429294356
  9142.08973300    1.00441807963
  9144.09000800    1.00391117029
  9146.10247500    1.00406302056
  9148.12713300    1.00422076154
  9150.16398400    1.00355731152
  9152.21302700    1.00322072535
  9154.27426100    1.00266862209
  9156.34768800    1.00161830771
  9158.43330600    1.00222032181
  9160.53111700    1.00209949059
  9162.64111900    1.00197520805
  9164.76331300    1.00282776479
  9166.89769900    1.00406920326
  9169.04427700    1.00481719035
  9171.20304700    1.00586006706
  9173.37400800    1.00589652064
  9175.55716200    1.00530679365
  9177.75250800    1.00539216283
  9179.96004500    1.00509850546
  9182.17977500    1.00503793053
  9184.41169600    1.00496322328
  9186.65580900    1.00505299579
  9188.91211400    1.00461080293
  9191.18061100    1.00422294462
  9193.46130000    1.00428941675
  9195.75418100    1.00479808970
  9198.05925400    1.00497670142
  9200.37651800    1.00497603573
  9202.70597500    1.00449804840
  9205.04762300    1.00405120760
  9207.40146400    1.00314874403
  9209.76749600    1.00202733075
  9212.14572000    1.00108291754
  9214.53613600    1.00069532480
  9216.93874400    1.00067618856
  9219.35354400    1.00064600164
  9221.78053600    1.00038171733
  9224.21972000    0.99944333748
  9226.67109600    0.99931558685
  9229.13466300    0.99913948697
  9231.61042300    0.99929968210
  9234.09837400    0.99984773705
  9236.59851700    1.00006822211
  9239.11085200    1.00098493638
  9241.63538000    1.00216794971
  9244.17209900    1.00284618518
  9246.72100900    1.00343654188
  9249.28211200    1.00393209442
  9251.85540700    1.00461021532
  9254.44089400    1.00530792144
  9257.03857200    1.00531622617
  9259.64844300    1.00524920622
  9262.27050500    1.00535317902
  9264.90475900    1.00563855092
  9267.55120500    1.00643873401
  9270.20984400    1.00679390548
  9272.88067400    1.00721410287
  9275.56369600    1.00775448647
  9278.25890900    1.00789397125
  9280.96631500    1.00816596923
  9283.68591300    1.00774171004
  9286.41770200    1.00685781473
  9289.16168400    1.00607349796
  9291.91785700    1.00591531786
  9294.68622200    1.00511333396
  9297.46678000    1.00404166460
  9300.25952900    1.00309056290
  9303.06447000    1.00245993830
  9305.88160200    1.00204121449
  9308.71092700    1.00145482100
  9311.55244400    1.00148860809
  9314.40615300    1.00170090490
  9317.27205300    1.00222830494
  9320.15014600    1.00146453569
  9323.04043000    1.00192941153
  9325.94290600    1.00172026754
  9328.85757400    1.00178745085
  9331.78443500    1.00192880857
  9334.72348700    1.00151151868
  9337.67473000    1.00149277761
  9340.63816600    1.00146920122
  9343.61379400    1.00147050322
  9346.60161400    1.00101910135
  9349.60162500    1.00066893356
  9352.61382900    1.00096344459
  9355.63822400    1.00075645773
  9358.67481100    1.00013856317
  9361.72359000    0.99996814413
  9364.78456100    0.99899215138
  9367.85772400    0.99802299317
  9370.94307900    0.99797187258
  9374.04062600    0.99771275866
  9377.15036500    0.99797256389
  9380.27229500    0.99786841664
  9383.40641800    0.99755137610
  9386.55273200    0.99769351051
  9389.71123900    0.99825150708
  9392.88193700    0.99867799411
  9396.06482700    0.99916515630
  9399.25990900    0.99938538588
  9402.46718300    0.99942601986
  9405.68664900    0.99920825305
  9408.91830700    0.99892103783
  9412.16215700    0.99933118533
  9415.41819800    0.99959975515
  9418.68643200    0.99931121317
  9421.96685700    0.99876782166
  9425.25947400    0.99841055290
  9428.56428400    0.99822066909
  9431.88128500    0.99785764149
  9435.21047800    0.99745193147
  9438.55186300    0.99694245551
  9441.90544000    0.99645483389
  9445.27120900    0.99574167612
  9448.64916900    0.99549436376
  9452.03932200    0.99554413177
  9455.44166600    0.99560890801
  9458.85620300    0.99584776744
  9462.28293100    0.99597298813
  9465.72185100    0.99601298917
  9469.17296400    0.99618813575
  9472.63626800    0.99601955780
  9476.11176400    0.99537114097
  9479.59945100    0.99528225452
  9483.09933100    0.99574904437
  9486.61140300    0.99550749696
  9490.13566600    0.99541147899
  9493.67212200    0.99625234406
  9497.22076900    0.99712254978
  9500.78160900    0.99734883223
  9504.35464000    0.99722009517
  9507.93986300    0.99744380952
  9511.53727800    0.99746203987
  9515.14688500    0.99761731171
  9518.76868400    0.99773840468
  9522.40267500    0.99840979163
  9526.04885700    0.99860495174
  9529.70723200    0.99861760400
  9533.37779900    0.99858984938
  9537.06055700    0.99838957507
  9540.75550700    0.99886738806
  9544.46265000    0.99978914393
  9548.18198400    0.99951980389
  9551.91351000    0.99971324797
  9555.65722800    1.00073859391
  9559.41313800    1.00145397015
  9563.18123900    1.00235753364
  9566.96153300    1.00281671218
  9570.75401900    1.00218522807
  9574.55869600    1.00133585408
  9578.37556500    1.00011749810
  9582.20462700    0.99933800066
  9586.04588000    0.99938340536
  9589.89932500    0.99925417102
  9593.76496200    0.99898913231
  9597.64279100    0.99885092720
  9601.53281200    0.99907799669
  9605.43502500    0.99850828382
  9609.34942900    0.99815084402
  9613.27602600    0.99808562981
  9617.21481400    0.99737196937
  9621.16579500    0.99743102968
  9625.12896700    0.99647530510
  9629.10433100    0.99549327159
  9633.09188800    0.99516289894
  9637.09163600    0.99477819980
  9641.10357500    0.99512158549
  9645.12770700    0.99549552393
  9649.16403100    0.99651991483
  9653.21254700    0.99787023640
  9657.27325400    1.00010468759
  9661.34615400    1.00107442402
  9665.43124500    1.00119126333
  9669.52852900    1.00245421389
  9673.63800400    1.00353949138
  9677.75967100    1.00320475967
  9681.89353000    1.00288850664
  9686.03958100    1.00283881721
  9690.19782400    1.00281664585
  9694.36825800    1.00203129870
  9698.55088500    1.00234426510
  9702.74570400    1.00240352101
  9706.95271400    1.00181395943
  9711.17191600    1.00207494762
  9715.40331100    1.00187679429
  9719.64689700    1.00083285966
  9723.90267500    1.00037556750
  9728.17064500    1.00015375693
  9732.45080700    0.99873675890
  9736.74316100    0.99803122141
  9741.04770700    0.99751580786
  9745.36444400    0.99691315099
  9749.69337400    0.99613661332
  9754.03449500    0.99703034000
  9758.38780900    0.99841608705
  9762.75331400    0.99887366846
  9767.13101100    0.99928425197
  9771.52090000    1.00021124409
  9775.92298100    1.00092602941
  9780.33725400    1.00177103061
  9784.76371900    1.00202246992
  9789.20237600    1.00254901332
  9793.65322400    1.00236356053
  9798.11626500    1.00181699482
  9802.59149700    1.00159490910
  9807.07892200    1.00124369679
  9811.57853800    1.00100577538
  9816.09034600    1.00136106978
  9820.61434600    1.00293709762
  9825.15053800    1.00440318186
  9829.69892200    1.00614004902
  9834.25949800    1.00698275838
  9838.83226600    1.00777617981
  9843.41722600    1.00770337924
  9848.01437700    1.00782254968
  9852.62372100    1.00744296960
  9857.24525600    1.00761839894
  9861.87898300    1.00739116581
  9866.52490200    1.00661736482
  9871.18301300    1.00593338443
  9875.85331600    1.00479206712
  9880.53581100    1.00387778891
  9885.23049800    1.00183446824
  9889.93737700    1.00013000158
  9894.65644800    0.99931206351
  9899.38771000    0.99785279100
  9904.13116500    0.99670270336
  9908.88681100    0.99527392325
  9913.65464900    0.99300800298
  9918.43467900    0.99081756371
  9923.22690100    0.98959345175
  9928.03131500    0.98881513029
  9932.84792100    0.98746485304
  9937.67671900    0.98737748320
