#---------------------------------
#  energy flat
  10182.0000000    0.00344716646
  10187.0000000    0.00307036207
  10192.0000000    0.00291559613
  10197.0000000    0.00273885898
  10202.0000000    0.00277756893
  10207.0000000    0.00225872712
  10212.0000000    0.00176689698
  10217.0000000    0.00155397196
  10222.0000000    0.00100333652
  10227.0000000    0.00041535002
  10232.0000000   -0.00022446268
  10237.0000000   -0.00032132802
  10242.0000000    0.00004333129
  10247.0000000    0.00021645334
  10252.0000000    0.00016792466
  10257.0000000    0.00009005796
  10262.0000000   -0.00011110601
  10267.0000000   -0.00039989632
  10272.0000000   -0.00061527695
  10277.0000000   -0.00080713546
  10282.0000000   -0.00047414055
  10287.0000000   -0.00044809636
  10292.0000000   -0.00022017552
  10297.0000000   -0.00018792769
  10302.0000000   -0.00010139806
  10307.0000000    0.00008865475
  10312.0000000    0.00067612797
  10317.0000000    0.00120970710
  10322.0000000    0.00177572608
  10327.0000000    0.00308398422
  10332.0000000    0.00429156251
  10337.0000000    0.00593972818
  10341.0000000    0.00782979650
  10344.0000000    0.00988486823
  10346.0000000    0.01140871452
  10347.0000000    0.01220075115
  10347.2000000    0.01297887582
  10347.4000000    0.01346297402
  10347.6000000    0.01413524916
  10347.8000000    0.01460849100
  10348.0000000    0.01473924045
  10348.2000000    0.01486818050
  10348.4000000    0.01501495601
  10348.6000000    0.01533233150
  10348.8000000    0.01558353488
  10349.0000000    0.01588527203
  10349.2000000    0.01599185315
  10349.4000000    0.01621578638
  10349.6000000    0.01646065688
  10349.8000000    0.01648607376
  10350.0000000    0.01670031381
  10350.2000000    0.01664366176
  10350.4000000    0.01710901981
  10350.6000000    0.01747511969
  10350.8000000    0.01761866414
  10351.0000000    0.01767639162
  10351.2000000    0.01816578876
  10351.4000000    0.01822480867
  10351.6000000    0.01852925992
  10351.8000000    0.01893788055
  10352.0000000    0.01909383227
  10352.2000000    0.01960739773
  10352.4000000    0.02019799168
  10352.6000000    0.02053152246
  10352.8000000    0.02086505325
  10353.0000000    0.02116730738
  10353.2000000    0.02145353545
  10353.4000000    0.02186383623
  10353.6000000    0.02236357276
  10353.8000000    0.02278602232
  10354.0000000    0.02337015415
  10354.2000000    0.02361993585
  10354.4000000    0.02409214375
  10354.6000000    0.02432124667
  10354.8000000    0.02475817139
  10355.0000000    0.02540576123
  10355.2000000    0.02597709806
  10355.4000000    0.02636129187
  10355.6000000    0.02675168932
  10355.8000000    0.02704541345
  10356.0000000    0.02738049515
  10356.2000000    0.02779932593
  10356.4000000    0.02835838472
  10356.6000000    0.02903582956
  10356.8000000    0.02965278895
  10357.0000000    0.03034509667
  10357.2000000    0.03109931150
  10357.4000000    0.03167064832
  10357.6000000    0.03218201667
  10357.8000000    0.03270527532
  10358.0000000    0.03332313941
  10358.2000000    0.03414417256
  10358.4000000    0.03523881190
  10358.6000000    0.03599225128
  10358.8000000    0.03690013533
  10359.0000000    0.03765344547
  10359.2000000    0.03861082937
  10359.4000000    0.03967755234
  10359.6000000    0.04071778063
  10359.8000000    0.04149771470
  10360.0000000    0.04244307905
  10360.2000000    0.04341842765
  10360.4000000    0.04431984958
  10360.6000000    0.04547949785
  10360.8000000    0.04678635323
  10361.0000000    0.04810845920
  10361.2000000    0.04948303760
  10361.4000000    0.05102950840
  10361.6000000    0.05253462163
  10361.8000000    0.05383863367
  10362.0000000    0.05541625189
  10362.2000000    0.05679380286
  10362.4000000    0.05861387984
  10362.6000000    0.06056436241
  10362.8000000    0.06243859196
  10363.0000000    0.06426099531
  10363.2000000    0.06604669381
  10363.4000000    0.06806787198
  10363.6000000    0.07009137651
  10363.8000000    0.07243204191
  10364.0000000    0.07500689456
  10364.2000000    0.07779745280
  10364.4000000    0.08071815813
  10364.6000000    0.08341139683
  10364.8000000    0.08659666138
  10365.0000000    0.08967620564
  10365.2000000    0.09294987199
  10365.4000000    0.09687323994
  10365.6000000    0.10112126482
  10365.8000000    0.10583223601
  10366.0000000    0.11107594441
  10366.2000000    0.11646621371
  10366.4000000    0.12234967203
  10366.6000000    0.12868289394
  10366.8000000    0.13546923974
  10367.0000000    0.14297133000
  10367.2000000    0.15121242836
  10367.4000000    0.16093309381
  10367.6000000    0.17192020564
  10367.8000000    0.18402965854
  10368.0000000    0.19764207142
  10368.2000000    0.21291899730
  10368.4000000    0.23025527172
  10368.6000000    0.24978388512
  10368.8000000    0.27188364702
  10369.0000000    0.29648709287
  10369.2000000    0.32396204656
  10369.4000000    0.35501443015
  10369.6000000    0.38857217783
  10369.8000000    0.42457648432
  10370.0000000    0.46334270110
  10370.2000000    0.50569694564
  10370.4000000    0.55133511056
  10370.6000000    0.60061545581
  10370.8000000    0.65408041179
  10371.0000000    0.71176681258
  10371.2000000    0.77384900620
  10371.4000000    0.84257115782
  10371.6000000    0.92515326542
  10371.8000000    1.01464286282
  10372.0000000    1.08819195995
  10372.2000000    1.16376473472
  10372.4000000    1.26377776604
  10372.6000000    1.36365948708
  10372.8000000    1.46324934386
  10373.0000000    1.56100250990
  10373.2000000    1.65399888172
  10373.4000000    1.73799698156
  10373.6000000    1.81299189766
  10373.8000000    1.87967068224
  10374.0000000    1.93786118394
  10374.2000000    1.98755513077
  10374.4000000    2.02896861559
  10374.6000000    2.06323974658
  10374.8000000    2.09194941649
  10375.0000000    2.11642985547
  10375.2000000    2.13733632214
  10375.4000000    2.15619516897
  10375.6000000    2.17353732323
  10375.8000000    2.18832083215
  10376.0000000    2.20016882446
  10376.2000000    2.20974431321
  10376.4000000    2.21716801035
  10376.6000000    2.22099679471
  10376.8000000    2.22137955309
  10377.0000000    2.21772461325
  10377.2000000    2.20903344786
  10377.4000000    2.19518560254
  10377.6000000    2.17619865379
  10377.8000000    2.15317064476
  10378.0000000    2.12559442759
  10378.2000000    2.09440468302
  10378.4000000    2.06084239623
  10378.6000000    2.02475428530
  10378.8000000    1.98697913290
  10379.0000000    1.94798634710
  10379.2000000    1.90787363457
  10379.4000000    1.86725567190
  10379.6000000    1.82567028759
  10379.8000000    1.78326378377
  10380.0000000    1.74001677357
  10380.2000000    1.69558598870
  10380.4000000    1.65086888784
  10380.6000000    1.60634263371
  10380.8000000    1.56188883971
  10381.0000000    1.51713244392
  10381.2000000    1.47313194118
  10381.4000000    1.43048443108
  10381.6000000    1.38898338361
  10381.8000000    1.34905659087
  10382.0000000    1.31079943318
  10382.2000000    1.27457482275
  10382.4000000    1.24066812648
  10382.6000000    1.20820178791
  10382.8000000    1.17800812772
  10383.0000000    1.15017322079
  10383.2000000    1.12462727580
  10383.4000000    1.10226749317
  10383.6000000    1.08240888762
  10383.8000000    1.06444143456
  10384.0000000    1.04516173117
  10384.2000000    1.03037431205
  10384.4000000    1.01966921978
  10384.6000000    1.00979109625
  10384.8000000    1.00132127322
  10385.0000000    0.99363783576
  10385.2000000    0.98659732441
  10385.4000000    0.98037990268
  10385.6000000    0.97507190390
  10385.8000000    0.97076353890
  10386.0000000    0.96652452037
  10386.2000000    0.96314968869
  10386.4000000    0.96044621358
  10386.6000000    0.95827942432
  10386.8000000    0.95737178515
  10387.0000000    0.95732031806
  10387.2000000    0.95780398428
  10387.4000000    0.95930640853
  10387.6000000    0.96118603105
  10387.8000000    0.96355813553
  10388.0000000    0.96671015678
  10388.2000000    0.97028124942
  10388.4000000    0.97404162009
  10388.6000000    0.97855321420
  10388.8000000    0.98337609020
  10389.0000000    0.98813027501
  10389.2000000    0.99307709625
  10389.4000000    0.99793713152
  10389.6000000    1.00289287051
  10389.8000000    1.00802935419
  10390.0000000    1.01321553051
  10390.2000000    1.01912035765
  10390.4000000    1.02540211816
  10390.6000000    1.03003687564
  10390.8000000    1.03479318247
  10391.0000000    1.04130233619
  10391.2000000    1.04735558344
  10391.4000000    1.05284487718
  10391.6000000    1.05783225314
  10391.8000000    1.06255267376
  10392.0000000    1.06646487139
  10392.2000000    1.06962028390
  10392.4000000    1.07209232060
  10392.6000000    1.07472545100
  10392.8000000    1.07788181188
  10393.0000000    1.08091157191
  10393.2000000    1.08256547343
  10393.4000000    1.08353599693
  10393.6000000    1.08448744800
  10393.8000000    1.08563281747
  10394.0000000    1.08624421197
  10394.2000000    1.08649404015
  10394.4000000    1.08606126348
  10394.6000000    1.08579138537
  10394.8000000    1.08516898665
  10395.0000000    1.08394462901
  10395.2000000    1.08273764176
  10395.4000000    1.08077929038
  10395.6000000    1.07861342656
  10395.8000000    1.07618266628
  10396.0000000    1.07295711520
  10396.2000000    1.06884294291
  10396.4000000    1.06460474687
  10396.6000000    1.05995043909
  10396.8000000    1.05402133235
  10397.0000000    1.04637567568
  10397.2278600    1.03794228238
  10397.4835810    1.02908975863
  10397.7671620    1.01850607969
  10398.0786040    1.00318798163
  10398.4179050    0.98752102888
  10398.7850670    0.97122696546
  10399.1800900    0.95402369488
  10399.6029730    0.93498992145
  10400.0537160    0.91524227239
  10400.5323190    0.89517907639
  10401.0387830    0.87546131041
  10401.5731070    0.85596962108
  10402.1352920    0.83922613619
  10402.7253370    0.82559932242
  10403.3432420    0.81725569371
  10403.9890080    0.81417681794
  10404.6626340    0.81560735599
  10405.3641200    0.82174864692
  10406.0934670    0.83043614278
  10406.8506740    0.84087348832
  10407.6357410    0.85174867479
  10408.4486690    0.86393805001
  10409.2894570    0.87779068320
  10410.1581060    0.89343827801
  10411.0546140    0.91653949283
  10411.9789830    0.94447476531
  10412.9312130    0.97024763806
  10413.9113030    0.99346984382
  10414.9192530    1.02734711043
  10415.9550640    1.05843178125
  10417.0187340    1.08715505366
  10418.1102660    1.11250759800
  10419.2327230    1.13139514423
  10420.3673730    1.14651491910
  10421.5142140    1.15883695952
  10422.6732480    1.16823480109
  10423.8444730    1.17590569040
  10425.0278900    1.18091049057
  10426.2234990    1.18343421765
  10427.4313000    1.18413930983
  10428.6512930    1.18259093735
  10429.8834780    1.17831446385
  10431.1278550    1.17153057701
  10432.3844230    1.16250985425
  10433.6531840    1.15184855686
  10434.9341360    1.14027633263
  10436.2272800    1.12817541895
  10437.5326170    1.11613147974
  10438.8501450    1.10505303236
  10440.1798650    1.09432740371
  10441.5217770    1.08430917176
  10442.8758810    1.07524512527
  10444.2421770    1.06609143721
  10445.6206640    1.05715563954
  10447.0113440    1.04869019938
  10448.4142150    1.04108820622
  10449.8292790    1.03387500578
  10451.2565340    1.02596153201
  10452.6959810    1.01777368982
  10454.1476200    1.01022436974
  10455.6114520    1.00389921611
  10457.0874750    0.99894652041
  10458.5756890    0.99474505823
  10460.0760960    0.99041873289
  10461.5886950    0.98682045554
  10463.1134850    0.98407730873
  10464.6504680    0.98165283637
  10466.1996420    0.97971495715
  10467.7610090    0.97771428412
  10469.3345670    0.97611081737
  10470.9203170    0.97581534543
  10472.5182590    0.97660519902
  10474.1283930    0.97831224545
  10475.7507190    0.98056931476
  10477.3852370    0.98291669536
  10479.0319460    0.98451780242
  10480.6908480    0.98549010904
  10482.3619420    0.98640007718
  10484.0452270    0.98673369766
  10485.7407040    0.98710627362
  10487.4483740    0.98702730528
  10489.1682350    0.98738505085
  10490.9002880    0.98860920662
  10492.6445330    0.99050884327
  10494.4009700    0.99294291385
  10496.1695980    0.99702169258
  10497.9504190    1.00266098525
  10499.7434320    1.00904327498
  10501.5486360    1.01545934462
  10503.3660320    1.02160604756
  10505.1956210    1.02649705602
  10507.0374010    1.02972091073
  10508.8913730    1.03229116870
  10510.7575370    1.03478376728
  10512.6358930    1.03689191182
  10514.5264410    1.03822918772
  10516.4291810    1.03895793716
  10518.3441120    1.03884708285
  10520.2712360    1.03748175422
  10522.2105520    1.03423201813
  10524.1620590    1.02909812061
  10526.1257580    1.02303772538
  10528.1016490    1.01598153036
  10530.0897330    1.00763870313
  10532.0900080    0.99909173772
  10534.1024750    0.99079344769
  10536.1271330    0.98253647092
  10538.1639840    0.97481909803
  10540.2130270    0.96933975999
  10542.2742610    0.96558916130
  10544.3476880    0.96282509989
  10546.4333060    0.96096760861
  10548.5311170    0.95984882239
  10550.6411190    0.95914035372
  10552.7633130    0.95936137467
  10554.8976990    0.96082245316
  10557.0442770    0.96357307874
  10559.2030470    0.96677380312
  10561.3740080    0.97019622843
  10563.5571620    0.97355869721
  10565.7525080    0.97683027656
  10567.9600450    0.98015605273
  10570.1797750    0.98280587051
  10572.4116960    0.98515252443
  10574.6558090    0.98659844494
  10576.9121140    0.98776868738
  10579.1806110    0.98856324833
  10581.4613000    0.98901161564
  10583.7541810    0.98951367686
  10586.0592540    0.98904867769
  10588.3765180    0.98803975113
  10590.7059750    0.98683893517
  10593.0476230    0.98491295104
  10595.4014640    0.98240134303
  10597.7674960    0.97913553553
  10600.1457200    0.97516639417
  10602.5361360    0.97156062105
  10604.9387440    0.96829617088
  10607.3535440    0.96632185725
  10609.7805360    0.96640993920
  10612.2197200    0.96803067776
  10614.6710960    0.97034129924
  10617.1346630    0.97255614587
  10619.6104230    0.97480148231
  10622.0983740    0.97732091856
  10624.5985170    0.97964049871
  10627.1108520    0.98142894120
  10629.6353800    0.98358301553
  10632.1720990    0.98585025977
  10634.7210090    0.98773625899
  10637.2821120    0.98957503105
  10639.8554070    0.99093728019
  10642.4408940    0.99172430229
  10645.0385720    0.99283591105
  10647.6484430    0.99351579613
  10650.2705050    0.99313171266
  10652.9047590    0.99264160295
  10655.5512050    0.99262885534
  10658.2098440    0.99142932302
  10660.8806740    0.98906158704
  10663.5636960    0.98767387374
  10666.2589090    0.98586333660
  10668.9663150    0.98250524748
  10671.6859130    0.97874850310
  10674.4177020    0.97565798326
  10677.1616840    0.97367302342
  10679.9178570    0.97206563472
  10682.6862220    0.97107972015
  10685.4667800    0.97139833958
  10688.2595290    0.97296036766
  10691.0644700    0.97553329275
  10693.8816020    0.97913480917
  10696.7109270    0.98224823475
  10699.5524440    0.98532472500
  10702.4061530    0.98791434868
  10705.2720530    0.98983211335
  10708.1501460    0.99111815686
  10711.0404300    0.99267956900
  10713.9429060    0.99502200312
  10716.8575740    0.99716533413
  10719.7844350    0.99898501360
  10722.7234870    1.00061574680
  10725.6747300    1.00241943871
  10728.6381660    1.00375868369
  10731.6137940    1.00459291160
  10734.6016140    1.00556471986
  10737.6016250    1.00627087015
  10740.6138290    1.00607522080
  10743.6382240    1.00585014272
  10746.6748110    1.00497680029
  10749.7235900    1.00370847950
  10752.7845610    1.00247371307
  10755.8577240    1.00110806354
  10758.9430790    1.00002480129
  10762.0406260    0.99988895554
  10765.1503650    1.00005503172
  10768.2722950    1.00065608720
  10771.4064180    1.00107246523
  10774.5527320    1.00240291310
  10777.7112390    1.00460392751
  10780.8819370    1.00653240836
  10784.0648270    1.00817844747
  10787.2599090    1.00988082978
  10790.4671830    1.01112947196
  10793.6866490    1.01248131342
  10796.9183070    1.01371137370
  10800.1621570    1.01489373657
  10803.4181980    1.01546195841
  10806.6864320    1.01636069461
  10809.9668570    1.01676268687
  10813.2594740    1.01660087782
  10816.5642840    1.01663070770
  10819.8812850    1.01619086179
  10823.2104780    1.01642915853
  10826.5518630    1.01660001531
  10829.9054400    1.01660354477
  10833.2712090    1.01651718020
  10836.6491690    1.01610248785
  10840.0393220    1.01538339570
  10843.4416660    1.01473537437
  10846.8562030    1.01427954515
  10850.2829310    1.01385864540
  10853.7218510    1.01331308720
  10857.1729640    1.01208625279
  10860.6362680    1.01140274820
  10864.1117640    1.01103475544
  10867.5994510    1.01142006005
  10871.0993310    1.01257848061
  10874.6114030    1.01298720488
  10878.1356660    1.01305456591
  10881.6721220    1.01341843576
  10885.2207690    1.01348579005
  10888.7816090    1.01371874411
  10892.3546400    1.01420384407
  10895.9398630    1.01411751719
  10899.5372780    1.01420597760
  10903.1468850    1.01432470957
  10906.7686840    1.01482058574
  10910.4026750    1.01479640142
  10914.0488570    1.01472208871
  10917.7072320    1.01496471146
  10921.3777990    1.01519033577
  10925.0605570    1.01514827177
  10928.7555070    1.01444541530
  10932.4626500    1.01323226851
  10936.1819840    1.01243402821
  10939.9135100    1.01140250575
  10943.6572280    1.01009076365
  10947.4131380    1.00898022243
  10951.1812390    1.00808885560
  10954.9615330    1.00676724348
  10958.7540190    1.00538725867
  10962.5586960    1.00523246737
  10966.3755650    1.00536891139
  10970.2046270    1.00436144935
  10974.0458800    1.00340918016
  10977.8993250    1.00277162863
  10981.7649620    1.00297354643
  10985.6427910    1.00297173792
  10989.5328120    1.00291438615
  10993.4350250    1.00233321102
  10997.3494290    1.00231474270
  11001.2760260    1.00168249910
  11005.2148140    1.00125914772
  11009.1657950    1.00115266847
  11013.1289670    1.00110143738
  11017.1043310    1.00025244263
  11021.0918880    0.99965540677
  11025.0916360    0.99940084698
  11029.1035750    0.99933219654
  11033.1277070    0.99945808999
  11037.1640310    0.99936896667
  11041.2125470    0.99884528390
  11045.2732540    0.99836595873
  11049.3461540    0.99764896013
  11053.4312450    0.99683750282
  11057.5285290    0.99617305765
  11061.6380040    0.99550785746
  11065.7596710    0.99478050354
  11069.8935300    0.99389835977
  11074.0395810    0.99384076562
  11078.1978240    0.99346080449
  11082.3682580    0.99342280478
  11086.5508850    0.99324191079
  11090.7457040    0.99295881196
  11094.9527140    0.99236635450
  11099.1719160    0.99191501334
  11103.4033110    0.99123074250
  11107.6468970    0.99085199706
  11111.9026750    0.99006388433
  11116.1706450    0.98923642214
  11120.4508070    0.98966117664
  11124.7431610    0.98931805778
  11129.0477070    0.98874395910
  11133.3644440    0.98969044834
  11137.6933740    0.98985481053
  11142.0344950    0.98885906745
  11146.3878090    0.98827271848
  11150.7533140    0.98785412122
  11155.1310110    0.98794302114
  11159.5209000    0.98797220168
  11163.9229810    0.98977789920
  11168.3372540    0.98915071054
  11172.7637190    0.98876888264
  11177.2023760    0.99101941462
  11181.6532240    0.99079279572
  11186.1162650    0.99101949120
  11190.5914970    0.99203640177
  11195.0789220    0.99311967223
  11199.5785380    0.99411056971
  11204.0903460    0.99374463287
  11208.6143460    0.99346458597
  11213.1505380    0.99282215328
  11217.6989220    0.99188351990
  11222.2594980    0.99153589613
  11226.8322660    0.99158377806
  11231.4172260    0.99175703995
  11236.0143770    0.99284232447
  11240.6237210    0.99398756050
  11245.2452560    0.99464267560
  11249.8789830    0.99581065672
  11254.5249020    0.99708583705
  11259.1830130    0.99819885962
  11263.8533160    0.99937106214
  11268.5358110    1.00077191827
  11273.2304980    1.00269739398
  11277.9373770    1.00458563877
  11282.6564480    1.00624582389
  11287.3877100    1.00782738552
  11292.1311650    1.00956334688
  11296.8868110    1.01102433895
  11301.6546490    1.01335862554
  11306.4346790    1.01615358564
  11311.2269010    1.01911405580
  11316.0313150    1.02142103138
  11320.8479210    1.02471303179
  11325.6767190    1.02737513887
