#---------------------------------
#  energy flat
  8794.00000000    0.00446315080
  8799.00000000    0.00371743075
  8804.00000000    0.00276352656
  8809.00000000    0.00132892078
  8814.00000000   -0.00030121561
  8819.00000000   -0.00174674340
  8824.00000000   -0.00277297261
  8829.00000000   -0.00285311608
  8834.00000000   -0.00260133703
  8839.00000000   -0.00226830889
  8844.00000000   -0.00141994840
  8849.00000000   -0.00011765856
  8854.00000000    0.00094767696
  8859.00000000    0.00159531224
  8864.00000000    0.00211601246
  8869.00000000    0.00232556862
  8874.00000000    0.00213434033
  8879.00000000    0.00213171648
  8884.00000000    0.00303841648
  8889.00000000    0.00229389519
  8894.00000000    0.00207669383
  8899.00000000    0.00061238551
  8904.00000000   -0.00095088687
  8909.00000000   -0.00190519065
  8914.00000000   -0.00257445663
  8919.00000000   -0.00264887270
  8924.00000000   -0.00193224230
  8929.00000000   -0.00049888835
  8934.00000000    0.00069990880
  8939.00000000    0.00223449112
  8944.00000000    0.00325613861
  8949.00000000    0.00378203344
  8953.00000000    0.00496406662
  8956.00000000    0.00632100376
  8958.00000000    0.00746617911
  8959.00000000    0.00829596677
  8959.20000000    0.00906276800
  8959.40000000    0.00915719969
  8959.60000000    0.00897844797
  8959.80000000    0.00912282787
  8960.00000000    0.00905382902
  8960.20000000    0.00979812025
  8960.40000000    0.01006996799
  8960.60000000    0.01037165146
  8960.80000000    0.00994582258
  8961.00000000    0.00960284114
  8961.20000000    0.00989160467
  8961.40000000    0.01042731217
  8961.60000000    0.01088856353
  8961.80000000    0.01035644486
  8962.00000000    0.01092185489
  8962.20000000    0.01046299359
  8962.40000000    0.01118171134
  8962.60000000    0.01134487177
  8962.80000000    0.01159554147
  8963.00000000    0.01214909713
  8963.20000000    0.01251871017
  8963.40000000    0.01260528335
  8963.60000000    0.01292055274
  8963.80000000    0.01314764688
  8964.00000000    0.01355615293
  8964.20000000    0.01355801394
  8964.40000000    0.01380189068
  8964.60000000    0.01391457012
  8964.80000000    0.01420639715
  8965.00000000    0.01418708012
  8965.20000000    0.01440618255
  8965.40000000    0.01452418980
  8965.60000000    0.01472624324
  8965.80000000    0.01537676503
  8966.00000000    0.01568350992
  8966.20000000    0.01613676957
  8966.40000000    0.01700533195
  8966.60000000    0.01678702124
  8966.80000000    0.01731833330
  8967.00000000    0.01736667944
  8967.20000000    0.01752997307
  8967.40000000    0.01784257855
  8967.60000000    0.01874896838
  8967.80000000    0.01928001404
  8968.00000000    0.01984502449
  8968.20000000    0.02039045524
  8968.40000000    0.02023208238
  8968.60000000    0.02064391832
  8968.80000000    0.02094773291
  8969.00000000    0.02138341079
  8969.20000000    0.02223052874
  8969.40000000    0.02287878621
  8969.60000000    0.02372936724
  8969.80000000    0.02429397810
  8970.00000000    0.02473618254
  8970.20000000    0.02529040418
  8970.40000000    0.02489787410
  8970.60000000    0.02563896865
  8970.80000000    0.02579919879
  8971.00000000    0.02666456448
  8971.20000000    0.02765153743
  8971.40000000    0.02828820691
  8971.60000000    0.02883297168
  8971.80000000    0.02958632019
  8972.00000000    0.02997537973
  8972.20000000    0.03091933062
  8972.40000000    0.03204855607
  8972.60000000    0.03246132437
  8972.80000000    0.03327154724
  8973.00000000    0.03422109232
  8973.20000000    0.03524349519
  8973.40000000    0.03654201178
  8973.60000000    0.03728270674
  8973.80000000    0.03947469695
  8974.00000000    0.04440105207
  8974.20000000    0.04930676193
  8974.40000000    0.04759586545
  8974.60000000    0.04356084537
  8974.80000000    0.04464305291
  8975.00000000    0.04438251931
  8975.20000000    0.04702137952
  8975.40000000    0.04940690239
  8975.60000000    0.05211515732
  8975.80000000    0.05435123515
  8976.00000000    0.05696945009
  8976.20000000    0.06021541417
  8976.40000000    0.06283642622
  8976.60000000    0.06646093114
  8976.80000000    0.07046797277
  8977.00000000    0.07536009672
  8977.20000000    0.08128181981
  8977.40000000    0.08775390560
  8977.60000000    0.09608979226
  8977.80000000    0.10517090625
  8978.00000000    0.11592761626
  8978.20000000    0.12838842607
  8978.40000000    0.14388861787
  8978.60000000    0.16235533387
  8978.80000000    0.18512292392
  8979.00000000    0.21216341700
  8979.20000000    0.24455875799
  8979.40000000    0.28340061501
  8979.60000000    0.32954916287
  8979.80000000    0.38354943645
  8980.00000000    0.44426607960
  8980.20000000    0.51013178402
  8980.40000000    0.57765723138
  8980.60000000    0.64248885062
  8980.80000000    0.69968523172
  8981.00000000    0.74348861105
  8981.20000000    0.76992963740
  8981.40000000    0.77722109700
  8981.60000000    0.76570610068
  8981.80000000    0.73864180448
  8982.00000000    0.70064262391
  8982.20000000    0.65750295101
  8982.40000000    0.61416446194
  8982.60000000    0.57498663655
  8982.80000000    0.54156209008
  8983.00000000    0.51565739077
  8983.20000000    0.49741692213
  8983.40000000    0.48580122844
  8983.60000000    0.48134588761
  8983.80000000    0.48212609522
  8984.00000000    0.48752715515
  8984.20000000    0.49587680112
  8984.40000000    0.50724043190
  8984.60000000    0.52014757198
  8984.80000000    0.53259949359
  8985.00000000    0.54509914180
  8985.20000000    0.55625928815
  8985.40000000    0.56640652724
  8985.60000000    0.57607284067
  8985.80000000    0.58491658259
  8986.00000000    0.59376249770
  8986.20000000    0.60255158042
  8986.40000000    0.61235671821
  8986.60000000    0.62358735310
  8986.80000000    0.63623562644
  8987.00000000    0.65063013074
  8987.20000000    0.66647463969
  8987.40000000    0.68442633842
  8987.60000000    0.70415290473
  8987.80000000    0.72603794074
  8988.00000000    0.74898644835
  8988.20000000    0.77227211382
  8988.40000000    0.79705986251
  8988.60000000    0.82202386900
  8988.80000000    0.84666704852
  8989.00000000    0.87099526156
  8989.20000000    0.89535081974
  8989.40000000    0.91920653622
  8989.60000000    0.94322385836
  8989.80000000    0.96636412965
  8990.00000000    0.98896033805
  8990.20000000    1.01075408466
  8990.40000000    1.03085322772
  8990.60000000    1.04887496399
  8990.80000000    1.06463521756
  8991.00000000    1.07753514252
  8991.20000000    1.08751320257
  8991.40000000    1.09468421187
  8991.60000000    1.09942191611
  8991.80000000    1.10105208090
  8992.00000000    1.10060696919
  8992.20000000    1.09849842049
  8992.40000000    1.09565587101
  8992.60000000    1.09166828014
  8992.80000000    1.08783003905
  8993.00000000    1.08364939078
  8993.20000000    1.08025956025
  8993.40000000    1.07749165579
  8993.60000000    1.07688035275
  8993.80000000    1.07826022252
  8994.00000000    1.08134303050
  8994.20000000    1.08675879000
  8994.40000000    1.09493745513
  8994.60000000    1.10724427686
  8994.80000000    1.12143544822
  8995.00000000    1.13209977958
  8995.20000000    1.14877165193
  8995.40000000    1.16552147979
  8995.60000000    1.18242971297
  8995.80000000    1.19869185215
  8996.00000000    1.21392642605
  8996.20000000    1.22715285126
  8996.40000000    1.23829653833
  8996.60000000    1.24738758926
  8996.80000000    1.25419717451
  8997.00000000    1.25835527762
  8997.20000000    1.25973483021
  8997.40000000    1.25823300542
  8997.60000000    1.25316890913
  8997.80000000    1.24534890515
  8998.00000000    1.23478471451
  8998.20000000    1.22189670128
  8998.40000000    1.20712973738
  8998.60000000    1.19110131581
  8998.80000000    1.17417559219
  8999.00000000    1.15779400521
  8999.20000000    1.14267740734
  8999.40000000    1.12704337986
  8999.60000000    1.10821443212
  8999.80000000    1.09479470956
  9000.00000000    1.08337015188
  9000.20000000    1.07396100464
  9000.40000000    1.06568924476
  9000.60000000    1.05886095475
  9000.80000000    1.05335892268
  9001.00000000    1.04853129097
  9001.20000000    1.04501766301
  9001.40000000    1.04292938988
  9001.60000000    1.04208053092
  9001.80000000    1.04099821313
  9002.00000000    1.04037931386
  9002.20000000    1.03968625701
  9002.40000000    1.03877306050
  9002.60000000    1.03700837880
  9002.80000000    1.03544045828
  9003.00000000    1.03307512958
  9003.20000000    1.03094305731
  9003.40000000    1.02869846651
  9003.60000000    1.02661014506
  9003.80000000    1.02442928411
  9004.00000000    1.02160312336
  9004.20000000    1.01930910853
  9004.40000000    1.01609487870
  9004.60000000    1.01400737804
  9004.80000000    1.01221919767
  9005.00000000    1.01021007690
  9005.20000000    1.00825120109
  9005.40000000    1.00574505633
  9005.60000000    1.00357153016
  9005.80000000    1.00166961910
  9006.00000000    0.99972897809
  9006.20000000    0.99797710449
  9006.40000000    0.99689616492
  9006.60000000    0.99474503116
  9006.80000000    0.99274377146
  9007.00000000    0.99052796352
  9007.20000000    0.98856698721
  9007.40000000    0.98610509267
  9007.60000000    0.98421849726
  9007.80000000    0.98187413864
  9008.00000000    0.98009202577
  9008.20000000    0.97802530325
  9008.40000000    0.97612550279
  9008.60000000    0.97413662306
  9008.80000000    0.97257492862
  9009.00000000    0.97123290120
  9009.22786000    0.97001332912
  9009.48358100    0.96876071456
  9009.76716200    0.96762778731
  9010.07860400    0.96741754083
  9010.41790500    0.96831442602
  9010.78506700    0.97129034379
  9011.18009000    0.97621834805
  9011.60297300    0.98378026542
  9012.05371600    0.99474583795
  9012.53231900    1.01030278317
  9013.03878300    1.03304296912
  9013.57310700    1.05841874632
  9014.13529200    1.07810372053
  9014.72533700    1.09224672318
  9015.34324200    1.10773786887
  9015.98900800    1.11416575033
  9016.66263400    1.11136941170
  9017.36412000    1.10219651683
  9018.09346700    1.08524873757
  9018.85067400    1.05564417015
  9019.63574100    1.02850204495
  9020.44866900    1.00325999027
  9021.28945700    0.97907860033
  9022.15810600    0.95859619962
  9023.05461400    0.94121927747
  9023.97898300    0.92800647487
  9024.93121300    0.92045172620
  9025.91130300    0.91739386111
  9026.91925300    0.91785445741
  9027.95506400    0.92023467366
  9029.01873400    0.92431505124
  9030.11026600    0.92832440193
  9031.23272300    0.93289339862
  9032.36737300    0.93881040429
  9033.51421400    0.94612323943
  9034.67324800    0.95620580761
  9035.84447300    0.96857847681
  9037.02789000    0.98157537177
  9038.22349900    0.99417022317
  9039.43130000    1.00490840605
  9040.65129300    1.01289205157
  9041.88347800    1.01698034299
  9043.12785500    1.01968414402
  9044.38442300    1.02295569987
  9045.65318400    1.02582361381
  9046.93413600    1.02935731517
  9048.22728000    1.03361820514
  9049.53261700    1.03803420829
  9050.85014500    1.04219255713
  9052.17986500    1.04451368715
  9053.52177700    1.04498787488
  9054.87588100    1.04344689426
  9056.24217700    1.04044417070
  9057.62066400    1.03617963135
  9059.01134400    1.03158763502
  9060.41421500    1.02689101981
  9061.82927900    1.02244394536
  9063.25653400    1.01821298122
  9064.69598100    1.01496625900
  9066.14762000    1.01248946386
  9067.61145200    1.01130191763
  9069.08747500    1.01118637825
  9070.57568900    1.01211153932
  9072.07609600    1.01403863061
  9073.58869500    1.01594324283
  9075.11348500    1.01729938245
  9076.65046800    1.01752137745
  9078.19964200    1.01705502719
  9079.76100900    1.01552856951
  9081.33456700    1.01334917542
  9082.92031700    1.01149701462
  9084.51825900    1.01131215145
  9086.12839300    1.01165002542
  9087.75071900    1.01172277181
  9089.38523700    1.01266746229
  9091.03194600    1.01307048082
  9092.69084800    1.01163594864
  9094.36194200    1.00928169669
  9096.04522700    1.00596654903
  9097.74070400    1.00221700242
  9099.44837400    0.99757630521
  9101.16823500    0.99245667615
  9102.90028800    0.98732733409
  9104.64453300    0.98290231138
  9106.40097000    0.97937271441
  9108.16959800    0.97642457381
  9109.95041900    0.97462406680
  9111.74343200    0.97409010544
  9113.54863600    0.97445463843
  9115.36603200    0.97514288989
  9117.19562100    0.97655986643
  9119.03740100    0.97824321156
  9120.89137300    0.98066905470
  9122.75753700    0.98352794008
  9124.63589300    0.98655170062
  9126.52644100    0.98979716379
  9128.42918100    0.99381424393
  9130.34411200    0.99766133525
  9132.27123600    1.00119413087
  9134.21055200    1.00408238721
  9136.16205900    1.00608376753
  9138.12575800    1.00782809160
  9140.10164900    1.00849255186
  9142.08973300    1.00846135192
  9144.09000800    1.00821832906
  9146.10247500    1.00777207204
  9148.12713300    1.00651048149
  9150.16398400    1.00533454796
  9152.21302700    1.00428162753
  9154.27426100    1.00333606229
  9156.34768800    1.00223364408
  9158.43330600    1.00165106102
  9160.53111700    1.00098711627
  9162.64111900    0.99950582453
  9164.76331300    0.99863961082
  9166.89769900    0.99797294891
  9169.04427700    0.99696990159
  9171.20304700    0.99685776760
  9173.37400800    0.99643915898
  9175.55716200    0.99608412112
  9177.75250800    0.99668322934
  9179.96004500    0.99690482705
  9182.17977500    0.99690210993
  9184.41169600    0.99728966659
  9186.65580900    0.99736477660
  9188.91211400    0.99750359999
  9191.18061100    0.99801596280
  9193.46130000    0.99867997293
  9195.75418100    0.99883552312
  9198.05925400    0.99879429572
  9200.37651800    0.99855416404
  9202.70597500    0.99870784302
  9205.04762300    0.99904728212
  9207.40146400    0.99886334028
  9209.76749600    0.99856199112
  9212.14572000    0.99782115475
  9214.53613600    0.99640692537
  9216.93874400    0.99489095893
  9219.35354400    0.99307637184
  9221.78053600    0.99149378982
  9224.21972000    0.99011228446
  9226.67109600    0.98901813604
  9229.13466300    0.98815217432
  9231.61042300    0.98782070838
  9234.09837400    0.98785720813
  9236.59851700    0.98835593134
  9239.11085200    0.98940181070
  9241.63538000    0.99080565818
  9244.17209900    0.99226347353
  9246.72100900    0.99367903436
  9249.28211200    0.99490869411
  9251.85540700    0.99596544577
  9254.44089400    0.99699307513
  9257.03857200    0.99827628696
  9259.64844300    0.99939890435
  9262.27050500    0.99998684370
  9264.90475900    1.00089806885
  9267.55120500    1.00116496827
  9270.20984400    1.00104452237
  9272.88067400    1.00117758214
  9275.56369600    1.00129872971
  9278.25890900    1.00125656250
  9280.96631500    1.00100595930
  9283.68591300    1.00098956165
  9286.41770200    1.00085962732
  9289.16168400    1.00039600667
  9291.91785700    1.00029360485
  9294.68622200    1.00039167241
  9297.46678000    1.00043382245
  9300.25952900    1.00045803132
  9303.06447000    1.00082406672
  9305.88160200    1.00155444607
  9308.71092700    1.00173984466
  9311.55244400    1.00174082287
  9314.40615300    1.00145841262
  9317.27205300    1.00109599743
  9320.15014600    1.00110815873
  9323.04043000    1.00118201055
  9325.94290600    1.00105660476
  9328.85757400    1.00072965687
  9331.78443500    1.00048631282
  9334.72348700    1.00011916447
  9337.67473000    0.99998527852
  9340.63816600    1.00003946559
  9343.61379400    0.99992432857
  9346.60161400    0.99965301472
  9349.60162500    0.99976585661
  9352.61382900    1.00012974361
  9355.63822400    1.00017255732
  9358.67481100    1.00037920859
  9361.72359000    1.00030676898
  9364.78456100    1.00012740270
  9367.85772400    1.00023597342
  9370.94307900    1.00023243273
  9374.04062600    1.00020342479
  9377.15036500    1.00020548868
  9380.27229500    1.00041317338
  9383.40641800    1.00069600298
  9386.55273200    1.00115180208
  9389.71123900    1.00161705690
  9392.88193700    1.00253482872
  9396.06482700    1.00312703724
  9399.25990900    1.00418304278
  9402.46718300    1.00491756900
  9405.68664900    1.00534743879
  9408.91830700    1.00567860974
  9412.16215700    1.00585384328
  9415.41819800    1.00599011941
  9418.68643200    1.00614660412
  9421.96685700    1.00625113728
  9425.25947400    1.00589723142
  9428.56428400    1.00599489861
  9431.88128500    1.00600365773
  9435.21047800    1.00598239906
  9438.55186300    1.00574786362
  9441.90544000    1.00565916145
  9445.27120900    1.00589958296
  9448.64916900    1.00578904692
  9452.03932200    1.00548606244
  9455.44166600    1.00518244242
  9458.85620300    1.00469970867
  9462.28293100    1.00461780176
  9465.72185100    1.00429019401
  9469.17296400    1.00422888836
  9472.63626800    1.00396157877
  9476.11176400    1.00328660544
  9479.59945100    1.00284490379
  9483.09933100    1.00251446072
  9486.61140300    1.00249932905
  9490.13566600    1.00255549184
  9493.67212200    1.00242374188
  9497.22076900    1.00194903662
  9500.78160900    1.00088362201
  9504.35464000    0.99949388383
  9507.93986300    0.99851478292
  9511.53727800    0.99763703073
  9515.14688500    0.99655799812
  9518.76868400    0.99559041759
  9522.40267500    0.99511734851
  9526.04885700    0.99466141068
  9529.70723200    0.99413068574
  9533.37779900    0.99379954739
  9537.06055700    0.99348178055
  9540.75550700    0.99340274016
  9544.46265000    0.99361116467
  9548.18198400    0.99391524773
  9551.91351000    0.99397613082
  9555.65722800    0.99438652534
  9559.41313800    0.99440745763
  9563.18123900    0.99460740116
  9566.96153300    0.99506839618
  9570.75401900    0.99534210605
  9574.55869600    0.99555027106
  9578.37556500    0.99617478930
  9582.20462700    0.99764374955
  9586.04588000    0.99876879032
  9589.89932500    0.99980857960
  9593.76496200    1.00073222269
  9597.64279100    1.00162444048
  9601.53281200    1.00202518761
  9605.43502500    1.00207539793
  9609.34942900    1.00210647884
  9613.27602600    1.00187363243
  9617.21481400    1.00165339692
  9621.16579500    1.00117114442
  9625.12896700    1.00147808272
  9629.10433100    1.00130275898
  9633.09188800    1.00103972970
  9637.09163600    1.00085313271
  9641.10357500    1.00118921342
  9645.12770700    1.00128906699
  9649.16403100    1.00104086058
  9653.21254700    1.00151713574
  9657.27325400    1.00205144331
  9661.34615400    1.00200157469
  9665.43124500    1.00212814557
  9669.52852900    1.00278152787
  9673.63800400    1.00272415241
  9677.75967100    1.00188817031
  9681.89353000    1.00102542337
  9686.03958100    1.00080944030
  9690.19782400    1.00047125124
  9694.36825800    1.00025790749
  9698.55088500    1.00012343136
  9702.74570400    1.00053998669
  9706.95271400    1.00086596543
  9711.17191600    1.00136282620
  9715.40331100    1.00146782247
  9719.64689700    1.00139528174
  9723.90267500    1.00099164788
  9728.17064500    1.00046566538
  9732.45080700    0.99974211434
  9736.74316100    0.99871914386
  9741.04770700    0.99780744663
  9745.36444400    0.99681515049
  9749.69337400    0.99625578819
  9754.03449500    0.99595029400
  9758.38780900    0.99613277518
  9762.75331400    0.99620515243
  9767.13101100    0.99646761889
  9771.52090000    0.99694892766
  9775.92298100    0.99714079885
  9780.33725400    0.99780617819
  9784.76371900    0.99774685548
  9789.20237600    0.99835581145
  9793.65322400    0.99854780947
  9798.11626500    0.99888231308
  9802.59149700    0.99911377341
  9807.07892200    1.00008564978
  9811.57853800    1.00139950934
  9816.09034600    1.00192861416
  9820.61434600    1.00246771547
  9825.15053800    1.00248974795
  9829.69892200    1.00147645052
  9834.25949800    1.00069892035
  9838.83226600    1.00027346582
  9843.41722600    0.99898978489
  9848.01437700    0.99808918347
  9852.62372100    0.99802978804
  9857.24525600    0.99832779163
  9861.87898300    0.99927272792
  9866.52490200    1.00030303073
  9871.18301300    1.00167576769
  9875.85331600    1.00242422486
  9880.53581100    1.00249489137
  9885.23049800    1.00294059276
  9889.93737700    1.00212895593
  9894.65644800    1.00158381944
  9899.38771000    1.00087187105
  9904.13116500    1.00052947168
  9908.88681100    1.00016570392
  9913.65464900    0.99996346796
  9918.43467900    0.99968318996
  9923.22690100    0.99957174457
  9928.03131500    0.99955236191
  9932.84792100    1.00022652237
  9937.67671900    1.00103266621
