#---------------------------------
#  energy flat
  8794.00000000    0.01193290244
  8799.00000000    0.00953636697
  8804.00000000    0.00723763631
  8809.00000000    0.00398647791
  8814.00000000    0.00045166521
  8819.00000000   -0.00122912610
  8824.00000000   -0.00263053318
  8829.00000000   -0.00251606732
  8834.00000000   -0.00221290526
  8839.00000000   -0.00128468709
  8844.00000000   -0.00068058715
  8849.00000000   -0.00051427050
  8854.00000000    0.00019048096
  8859.00000000    0.00100605077
  8864.00000000    0.00099200802
  8869.00000000    0.00106417991
  8874.00000000    0.00075143597
  8879.00000000    0.00152491514
  8884.00000000    0.00329474272
  8889.00000000    0.00316642491
  8894.00000000    0.00421928831
  8899.00000000    0.00219363845
  8904.00000000    0.00010942771
  8909.00000000   -0.00215148238
  8914.00000000   -0.00377676285
  8919.00000000   -0.00374993498
  8924.00000000   -0.00162589537
  8929.00000000    0.00081758574
  8934.00000000    0.00350466387
  8939.00000000    0.00525903789
  8944.00000000    0.00629746440
  8949.00000000    0.00515510791
  8953.00000000    0.00393621810
  8956.00000000    0.00388033373
  8958.00000000    0.00454641813
  8959.00000000    0.00470733606
  8959.20000000    0.00496806977
  8959.40000000    0.00457609360
  8959.60000000    0.00470099859
  8959.80000000    0.00489259792
  8960.00000000    0.00525784655
  8960.20000000    0.00571134318
  8960.40000000    0.00571831305
  8960.60000000    0.00628100133
  8960.80000000    0.00659094245
  8961.00000000    0.00694195753
  8961.20000000    0.00750301912
  8961.40000000    0.00749087537
  8961.60000000    0.00760520686
  8961.80000000    0.00765731742
  8962.00000000    0.00798860886
  8962.20000000    0.00777495873
  8962.40000000    0.00773963462
  8962.60000000    0.00807600948
  8962.80000000    0.00821616470
  8963.00000000    0.00838011028
  8963.20000000    0.00808268554
  8963.40000000    0.00847314788
  8963.60000000    0.00761512466
  8963.80000000    0.00789171861
  8964.00000000    0.00788160823
  8964.20000000    0.00805002721
  8964.40000000    0.00912532658
  8964.60000000    0.00928357874
  8964.80000000    0.00935805630
  8965.00000000    0.00941667362
  8965.20000000    0.00994581139
  8965.40000000    0.01029153972
  8965.60000000    0.01097439982
  8965.80000000    0.01141935632
  8966.00000000    0.01173621088
  8966.20000000    0.01173667399
  8966.40000000    0.01218773058
  8966.60000000    0.01181242800
  8966.80000000    0.01229520507
  8967.00000000    0.01188818201
  8967.20000000    0.01216050589
  8967.40000000    0.01205035399
  8967.60000000    0.01246257333
  8967.80000000    0.01306470887
  8968.00000000    0.01319713731
  8968.20000000    0.01317442006
  8968.40000000    0.01317732321
  8968.60000000    0.01343663356
  8968.80000000    0.01453857001
  8969.00000000    0.01472244255
  8969.20000000    0.01623837193
  8969.40000000    0.01665018459
  8969.60000000    0.01696663248
  8969.80000000    0.01725217323
  8970.00000000    0.01790331285
  8970.20000000    0.01856217925
  8970.40000000    0.01935850107
  8970.60000000    0.02021745050
  8970.80000000    0.02032446189
  8971.00000000    0.01992150555
  8971.20000000    0.02072718085
  8971.40000000    0.02042792608
  8971.60000000    0.02131005586
  8971.80000000    0.02237905181
  8972.00000000    0.02353405905
  8972.20000000    0.02394383835
  8972.40000000    0.02434284082
  8972.60000000    0.02520219693
  8972.80000000    0.02662642158
  8973.00000000    0.02757971911
  8973.20000000    0.02865420513
  8973.40000000    0.02956561536
  8973.60000000    0.03040118110
  8973.80000000    0.03082560062
  8974.00000000    0.03184864254
  8974.20000000    0.03274561588
  8974.40000000    0.03367979978
  8974.60000000    0.03458226320
  8974.80000000    0.03550302690
  8975.00000000    0.03740997219
  8975.20000000    0.03900337274
  8975.40000000    0.04152825738
  8975.60000000    0.04374895076
  8975.80000000    0.04636045671
  8976.00000000    0.04898822958
  8976.20000000    0.05217497424
  8976.40000000    0.05545810036
  8976.60000000    0.05936628260
  8976.80000000    0.06365124722
  8977.00000000    0.06926725197
  8977.20000000    0.07400545345
  8977.40000000    0.07951592661
  8977.60000000    0.08656463971
  8977.80000000    0.09410949366
  8978.00000000    0.10405961401
  8978.20000000    0.11508640066
  8978.40000000    0.12921894764
  8978.60000000    0.14650829239
  8978.80000000    0.16712564418
  8979.00000000    0.19337826125
  8979.20000000    0.22430619241
  8979.40000000    0.26146923126
  8979.60000000    0.30419819769
  8979.80000000    0.35201586112
  8980.00000000    0.40501758635
  8980.20000000    0.45909220797
  8980.40000000    0.51289602567
  8980.60000000    0.56326695490
  8980.80000000    0.60567161036
  8981.00000000    0.64031251507
  8981.20000000    0.66287914045
  8981.40000000    0.67508764576
  8981.60000000    0.67604416411
  8981.80000000    0.66803663677
  8982.00000000    0.65409213284
  8982.20000000    0.63673385383
  8982.40000000    0.61824770762
  8982.60000000    0.59960625224
  8982.80000000    0.58360515996
  8983.00000000    0.57019074995
  8983.20000000    0.55940795951
  8983.40000000    0.55245627012
  8983.60000000    0.55050364607
  8983.80000000    0.55186788521
  8984.00000000    0.55563499034
  8984.20000000    0.56200565448
  8984.40000000    0.56975131900
  8984.60000000    0.57967678938
  8984.80000000    0.58992336746
  8985.00000000    0.60098495735
  8985.20000000    0.61217245193
  8985.40000000    0.62343461039
  8985.60000000    0.63447334152
  8985.80000000    0.64603732995
  8986.00000000    0.65734169712
  8986.20000000    0.66897083183
  8986.40000000    0.67952069613
  8986.60000000    0.69075930010
  8986.80000000    0.70166467489
  8987.00000000    0.71367562892
  8987.20000000    0.72568682543
  8987.40000000    0.73694449631
  8987.60000000    0.74962210443
  8987.80000000    0.76166574868
  8988.00000000    0.77463847600
  8988.20000000    0.78686520103
  8988.40000000    0.79892583917
  8988.60000000    0.81026528199
  8988.80000000    0.82149597873
  8989.00000000    0.83310512340
  8989.20000000    0.84651322413
  8989.40000000    0.86044963167
  8989.60000000    0.87499852725
  8989.80000000    0.88868856858
  8990.00000000    0.90326926210
  8990.20000000    0.91912654030
  8990.40000000    0.93528194833
  8990.60000000    0.95220885333
  8990.80000000    0.96897129777
  8991.00000000    0.98549323379
  8991.20000000    1.00129946419
  8991.40000000    1.01822449002
  8991.60000000    1.03355905692
  8991.80000000    1.04857584745
  8992.00000000    1.06220998880
  8992.20000000    1.07470507796
  8992.40000000    1.08530490679
  8992.60000000    1.09411948026
  8992.80000000    1.10330640098
  8993.00000000    1.10950004466
  8993.20000000    1.11603329838
  8993.40000000    1.12168512696
  8993.60000000    1.12639676614
  8993.80000000    1.13080608222
  8994.00000000    1.13566460653
  8994.20000000    1.14069864825
  8994.40000000    1.14451657294
  8994.60000000    1.14907630687
  8994.80000000    1.15296771201
  8995.00000000    1.15540346974
  8995.20000000    1.15572822678
  8995.40000000    1.15516769498
  8995.60000000    1.15443721181
  8995.80000000    1.15355487418
  8996.00000000    1.15112538759
  8996.20000000    1.14807474605
  8996.40000000    1.14327788916
  8996.60000000    1.13763254713
  8996.80000000    1.13039410202
  8997.00000000    1.12380942111
  8997.20000000    1.11541264373
  8997.40000000    1.10659682760
  8997.60000000    1.09990530452
  8997.80000000    1.09256598916
  8998.00000000    1.08480417823
  8998.20000000    1.07804790333
  8998.40000000    1.06964545429
  8998.60000000    1.06258140291
  8998.80000000    1.05652471748
  8999.00000000    1.05018909185
  8999.20000000    1.04387526053
  8999.40000000    1.03767960495
  8999.60000000    1.03150005021
  8999.80000000    1.02550922888
  9000.00000000    1.02004142599
  9000.20000000    1.01512205857
  9000.40000000    1.01083815457
  9000.60000000    1.00684282204
  9000.80000000    1.00257444578
  9001.00000000    0.99810277016
  9001.20000000    0.99427713133
  9001.40000000    0.99280840181
  9001.60000000    0.99229498371
  9001.80000000    0.99197314543
  9002.00000000    0.99122108419
  9002.20000000    0.99001500962
  9002.40000000    0.98657247469
  9002.60000000    0.98390651831
  9002.80000000    0.98107142282
  9003.00000000    0.98012922271
  9003.20000000    0.98077247330
  9003.40000000    0.98178603618
  9003.60000000    0.98321525533
  9003.80000000    0.98387223941
  9004.00000000    0.98474947342
  9004.20000000    0.98602630002
  9004.40000000    0.98830337497
  9004.60000000    0.99145686633
  9004.80000000    0.99464923142
  9005.00000000    0.99702503393
  9005.20000000    0.99890961207
  9005.40000000    0.99929685726
  9005.60000000    0.99912842038
  9005.80000000    1.00009504367
  9006.00000000    1.00058589604
  9006.20000000    1.00204019258
  9006.40000000    1.00361957723
  9006.60000000    1.00438077237
  9006.80000000    1.00612310185
  9007.00000000    1.00765135422
  9007.20000000    1.00903303714
  9007.40000000    1.01172281927
  9007.60000000    1.01501390321
  9007.80000000    1.01796768805
  9008.00000000    1.01992516047
  9008.20000000    1.02146115246
  9008.40000000    1.02362772658
  9008.60000000    1.02694318731
  9008.80000000    1.03080098210
  9009.00000000    1.03504352522
  9009.22786000    1.03780101344
  9009.48358100    1.03887398842
  9009.76716200    1.03981555502
  9010.07860400    1.03990551441
  9010.41790500    1.04094484492
  9010.78506700    1.04148560843
  9011.18009000    1.04117768674
  9011.60297300    1.03887246383
  9012.05371600    1.03661675506
  9012.53231900    1.03486850698
  9013.03878300    1.03268874461
  9013.57310700    1.03153868252
  9014.13529200    1.03061334820
  9014.72533700    1.02820597864
  9015.34324200    1.02389306646
  9015.98900800    1.01601156498
  9016.66263400    1.00762295546
  9017.36412000    0.99718985895
  9018.09346700    0.98740754666
  9018.85067400    0.97821141100
  9019.63574100    0.96917998834
  9020.44866900    0.96127816198
  9021.28945700    0.95532868929
  9022.15810600    0.94733240496
  9023.05461400    0.94203036434
  9023.97898300    0.93841753144
  9024.93121300    0.93416718965
  9025.91130300    0.93039673817
  9026.91925300    0.92878132705
  9027.95506400    0.92724739525
  9029.01873400    0.92632938275
  9030.11026600    0.92776892749
  9031.23272300    0.93127052191
  9032.36737300    0.93660116834
  9033.51421400    0.94379912673
  9034.67324800    0.95245632436
  9035.84447300    0.95967342005
  9037.02789000    0.96772963737
  9038.22349900    0.97600157493
  9039.43130000    0.98221656968
  9040.65129300    0.98983035186
  9041.88347800    0.99827320077
  9043.12785500    1.00587819235
  9044.38442300    1.01246011718
  9045.65318400    1.01737299859
  9046.93413600    1.01995704210
  9048.22728000    1.02084302244
  9049.53261700    1.01954946408
  9050.85014500    1.01652760233
  9052.17986500    1.01329435162
  9053.52177700    1.01200510488
  9054.87588100    1.01213385760
  9056.24217700    1.01136280468
  9057.62066400    1.00985464399
  9059.01134400    1.00885910279
  9060.41421500    1.00690690281
  9061.82927900    1.00544297388
  9063.25653400    1.00478536432
  9064.69598100    1.00515349722
  9066.14762000    1.00845469327
  9067.61145200    1.01064746057
  9069.08747500    1.01303989142
  9070.57568900    1.01435892087
  9072.07609600    1.01601307974
  9073.58869500    1.01569330576
  9075.11348500    1.01694967499
  9076.65046800    1.01752842522
  9078.19964200    1.01818497849
  9079.76100900    1.01908466514
  9081.33456700    1.01867991833
  9082.92031700    1.01812082817
  9084.51825900    1.01628784562
  9086.12839300    1.01324483918
  9087.75071900    1.00901521297
  9089.38523700    1.00511546994
  9091.03194600    1.00047343901
  9092.69084800    0.99563244968
  9094.36194200    0.99123059249
  9096.04522700    0.98644803546
  9097.74070400    0.98207353592
  9099.44837400    0.97862663331
  9101.16823500    0.97604228114
  9102.90028800    0.97420174477
  9104.64453300    0.97352269277
  9106.40097000    0.97385690788
  9108.16959800    0.97503909427
  9109.95041900    0.97711196193
  9111.74343200    0.97984555286
  9113.54863600    0.98205585401
  9115.36603200    0.98442506876
  9117.19562100    0.98649386929
  9119.03740100    0.98873136785
  9120.89137300    0.99144034013
  9122.75753700    0.99400305946
  9124.63589300    0.99630810611
  9126.52644100    0.99840388207
  9128.42918100    0.99990283532
  9130.34411200    1.00114657971
  9132.27123600    1.00182380841
  9134.21055200    1.00227450706
  9136.16205900    1.00318738244
  9138.12575800    1.00418300989
  9140.10164900    1.00504260195
  9142.08973300    1.00543105966
  9144.09000800    1.00600109819
  9146.10247500    1.00606869160
  9148.12713300    1.00530748626
  9150.16398400    1.00443484677
  9152.21302700    1.00404980173
  9154.27426100    1.00372941000
  9156.34768800    1.00295678139
  9158.43330600    1.00294949326
  9160.53111700    1.00220609863
  9162.64111900    1.00158345410
  9164.76331300    1.00172653206
  9166.89769900    1.00247956733
  9169.04427700    1.00290638856
  9171.20304700    1.00341609703
  9173.37400800    1.00343242694
  9175.55716200    1.00390697454
  9177.75250800    1.00491780841
  9179.96004500    1.00525506323
  9182.17977500    1.00603096766
  9184.41169600    1.00635936787
  9186.65580900    1.00655012698
  9188.91211400    1.00661298461
  9191.18061100    1.00646414443
  9193.46130000    1.00620850509
  9195.75418100    1.00564392605
  9198.05925400    1.00522870217
  9200.37651800    1.00427471859
  9202.70597500    1.00327889713
  9205.04762300    1.00259583169
  9207.40146400    1.00259230618
  9209.76749600    1.00251432176
  9212.14572000    1.00223374105
  9214.53613600    1.00182983069
  9216.93874400    1.00168808057
  9219.35354400    1.00160064352
  9221.78053600    1.00161790822
  9224.21972000    1.00086264121
  9226.67109600    0.99966501918
  9229.13466300    0.99938938858
  9231.61042300    0.99939234399
  9234.09837400    0.99949246768
  9236.59851700    0.99941561237
  9239.11085200    0.99973879768
  9241.63538000    1.00009474514
  9244.17209900    1.00029227073
  9246.72100900    1.00121664733
  9249.28211200    1.00224804570
  9251.85540700    1.00294435766
  9254.44089400    1.00321971653
  9257.03857200    1.00381380204
  9259.64844300    1.00433370178
  9262.27050500    1.00482571716
  9264.90475900    1.00483471364
  9267.55120500    1.00526913115
  9270.20984400    1.00601259014
  9272.88067400    1.00662215764
  9275.56369600    1.00669555957
  9278.25890900    1.00678945897
  9280.96631500    1.00691231547
  9283.68591300    1.00675945540
  9286.41770200    1.00649875708
  9289.16168400    1.00667385599
  9291.91785700    1.00693168101
  9294.68622200    1.00658039399
  9297.46678000    1.00654508600
  9300.25952900    1.00632912461
  9303.06447000    1.00591777608
  9305.88160200    1.00535609001
  9308.71092700    1.00439345623
  9311.55244400    1.00403141478
  9314.40615300    1.00342886691
  9317.27205300    1.00245720480
  9320.15014600    1.00186093845
  9323.04043000    1.00168063397
  9325.94290600    1.00150259516
  9328.85757400    1.00151622172
  9331.78443500    1.00154734343
  9334.72348700    1.00119975122
  9337.67473000    1.00107561117
  9340.63816600    1.00093974336
  9343.61379400    1.00046303086
  9346.60161400    1.00012156450
  9349.60162500    1.00052157031
  9352.61382900    1.00014602662
  9355.63822400    0.99943442125
  9358.67481100    0.99807795504
  9361.72359000    0.99761697003
  9364.78456100    0.99732745163
  9367.85772400    0.99730970867
  9370.94307900    0.99705363168
  9374.04062600    0.99723862675
  9377.15036500    0.99733871930
  9380.27229500    0.99714961273
  9383.40641800    0.99731491408
  9386.55273200    0.99760470361
  9389.71123900    0.99739701752
  9392.88193700    0.99753676729
  9396.06482700    0.99849349611
  9399.25990900    0.99914421606
  9402.46718300    0.99988323291
  9405.68664900    1.00062822931
  9408.91830700    1.00153356880
  9412.16215700    1.00149373990
  9415.41819800    1.00042113277
  9418.68643200    1.00061692426
  9421.96685700    1.00019478752
  9425.25947400    0.99902155267
  9428.56428400    0.99881196844
  9431.88128500    0.99790987650
  9435.21047800    0.99734192958
  9438.55186300    0.99725758657
  9441.90544000    0.99684248895
  9445.27120900    0.99636321170
  9448.64916900    0.99610666286
  9452.03932200    0.99640935483
  9455.44166600    0.99581397239
  9458.85620300    0.99567004409
  9462.28293100    0.99597207082
  9465.72185100    0.99558561989
  9469.17296400    0.99549949445
  9472.63626800    0.99607378528
  9476.11176400    0.99629401917
  9479.59945100    0.99685537697
  9483.09933100    0.99707644208
  9486.61140300    0.99667149435
  9490.13566600    0.99645160715
  9493.67212200    0.99646085886
  9497.22076900    0.99640864221
  9500.78160900    0.99634797606
  9504.35464000    0.99683290625
  9507.93986300    0.99785625999
  9511.53727800    0.99888544230
  9515.14688500    0.99950090998
  9518.76868400    1.00027580495
  9522.40267500    1.00051688667
  9526.04885700    1.00066268410
  9529.70723200    1.00094065268
  9533.37779900    1.00077710605
  9537.06055700    1.00006399490
  9540.75550700    0.99906618081
  9544.46265000    0.99886349429
  9548.18198400    0.99889728471
  9551.91351000    0.99904525087
  9555.65722800    0.99995370208
  9559.41313800    0.99991512193
  9563.18123900    0.99975434449
  9566.96153300    1.00005259623
  9570.75401900    0.99990105795
  9574.55869600    0.99827988524
  9578.37556500    0.99772679920
  9582.20462700    0.99742934661
  9586.04588000    0.99703543147
  9589.89932500    0.99684484348
  9593.76496200    0.99638713277
  9597.64279100    0.99617558737
  9601.53281200    0.99647216781
  9605.43502500    0.99620006396
  9609.34942900    0.99598276350
  9613.27602600    0.99617127226
  9617.21481400    0.99634067029
  9621.16579500    0.99628847417
  9625.12896700    0.99636324807
  9629.10433100    0.99656136638
  9633.09188800    0.99646195333
  9637.09163600    0.99618948487
  9641.10357500    0.99715188763
  9645.12770700    0.99687620067
  9649.16403100    0.99696107479
  9653.21254700    0.99737602309
  9657.27325400    0.99948300493
  9661.34615400    1.00164231616
  9665.43124500    1.00323948077
  9669.52852900    1.00451280167
  9673.63800400    1.00462534479
  9677.75967100    1.00390894223
  9681.89353000    1.00323345263
  9686.03958100    1.00325238064
  9690.19782400    1.00217756316
  9694.36825800    1.00183900361
  9698.55088500    1.00173198502
  9702.74570400    1.00141564146
  9706.95271400    1.00228319730
  9711.17191600    1.00231710265
  9715.40331100    1.00226111187
  9719.64689700    1.00216682560
  9723.90267500    1.00163198571
  9728.17064500    1.00053412327
  9732.45080700    1.00026643465
  9736.74316100    0.99987357639
  9741.04770700    1.00011798671
  9745.36444400    0.99958802920
  9749.69337400    1.00027306006
  9754.03449500    0.99986634991
  9758.38780900    1.00046420113
  9762.75331400    1.00054109404
  9767.13101100    1.00030026282
  9771.52090000    0.99993517969
  9775.92298100    1.00045021803
  9780.33725400    1.00017058619
  9784.76371900    0.99990381890
  9789.20237600    1.00007680067
  9793.65322400    0.99933478051
  9798.11626500    0.99975978683
  9802.59149700    1.00047612285
  9807.07892200    1.00133886744
  9811.57853800    1.00316082021
  9816.09034600    1.00306014546
  9820.61434600    1.00325508940
  9825.15053800    1.00333231379
  9829.69892200    1.00283008165
  9834.25949800    1.00358841950
  9838.83226600    1.00463642662
  9843.41722600    1.00414593127
  9848.01437700    1.00475362070
  9852.62372100    1.00627955307
  9857.24525600    1.00676500604
  9861.87898300    1.00651153165
  9866.52490200    1.00651446377
  9871.18301300    1.00540717573
  9875.85331600    1.00428828668
  9880.53581100    1.00462648320
  9885.23049800    1.00473832596
  9889.93737700    1.00442635328
  9894.65644800    1.00394775880
  9899.38771000    1.00206887159
  9904.13116500    0.99975692046
  9908.88681100    0.99652325213
  9913.65464900    0.99358437886
  9918.43467900    0.99048375886
  9923.22690100    0.98784496835
  9928.03131500    0.98557380106
  9932.84792100    0.98458256094
  9937.67671900    0.98250657733
