#---------------------------------
#  energy flat
  8794.00000000    0.00414394714
  8799.00000000    0.00301893490
  8804.00000000    0.00184290167
  8809.00000000    0.00008106685
  8814.00000000   -0.00159027283
  8819.00000000   -0.00214734084
  8824.00000000   -0.00300046487
  8829.00000000   -0.00311351595
  8834.00000000   -0.00279463403
  8839.00000000   -0.00181865539
  8844.00000000   -0.00074560259
  8849.00000000   -0.00024922131
  8854.00000000    0.00074166083
  8859.00000000    0.00121830505
  8864.00000000    0.00150442612
  8869.00000000    0.00163372477
  8874.00000000    0.00191729480
  8879.00000000    0.00267468875
  8884.00000000    0.00306768539
  8889.00000000    0.00265065659
  8894.00000000    0.00301438329
  8899.00000000    0.00123187154
  8904.00000000   -0.00031164712
  8909.00000000   -0.00202810011
  8914.00000000   -0.00317298368
  8919.00000000   -0.00311001232
  8924.00000000   -0.00231032465
  8929.00000000   -0.00065657237
  8934.00000000    0.00101033796
  8939.00000000    0.00219322016
  8944.00000000    0.00314395683
  8949.00000000    0.00360596607
  8953.00000000    0.00466339019
  8956.00000000    0.00564906254
  8958.00000000    0.00688710069
  8959.00000000    0.00734057007
  8959.20000000    0.00821424825
  8959.40000000    0.00871238505
  8959.60000000    0.00891970218
  8959.80000000    0.00909063328
  8960.00000000    0.00914972099
  8960.20000000    0.00949774866
  8960.40000000    0.00915350198
  8960.60000000    0.00928012537
  8960.80000000    0.00889170525
  8961.00000000    0.00917568814
  8961.20000000    0.00932916469
  8961.40000000    0.00972969027
  8961.60000000    0.01029187185
  8961.80000000    0.01051301835
  8962.00000000    0.01065266553
  8962.20000000    0.01086468196
  8962.40000000    0.01098539766
  8962.60000000    0.01168788698
  8962.80000000    0.01174267818
  8963.00000000    0.01151215461
  8963.20000000    0.01164696822
  8963.40000000    0.01218095399
  8963.60000000    0.01276542368
  8963.80000000    0.01331887799
  8964.00000000    0.01397222602
  8964.20000000    0.01388926054
  8964.40000000    0.01368706705
  8964.60000000    0.01316572381
  8964.80000000    0.01313028842
  8965.00000000    0.01319689501
  8965.20000000    0.01375478008
  8965.40000000    0.01388704264
  8965.60000000    0.01448077668
  8965.80000000    0.01478543650
  8966.00000000    0.01483297735
  8966.20000000    0.01488615737
  8966.40000000    0.01572452365
  8966.60000000    0.01556328122
  8966.80000000    0.01602274948
  8967.00000000    0.01660990449
  8967.20000000    0.01667342297
  8967.40000000    0.01709690800
  8967.60000000    0.01751529093
  8967.80000000    0.01758713389
  8968.00000000    0.01736412920
  8968.20000000    0.01758688690
  8968.40000000    0.01775593828
  8968.60000000    0.01847198844
  8968.80000000    0.01913312389
  8969.00000000    0.01936608578
  8969.20000000    0.01967907008
  8969.40000000    0.02034262232
  8969.60000000    0.02050952545
  8969.80000000    0.02093663565
  8970.00000000    0.02157427460
  8970.20000000    0.02196164213
  8970.40000000    0.02252543490
  8970.60000000    0.02318173679
  8970.80000000    0.02379520789
  8971.00000000    0.02376594872
  8971.20000000    0.02437216947
  8971.40000000    0.02544456100
  8971.60000000    0.02604715658
  8971.80000000    0.02672802910
  8972.00000000    0.02728443725
  8972.20000000    0.02785923981
  8972.40000000    0.02830555002
  8972.60000000    0.02917251491
  8972.80000000    0.03043717503
  8973.00000000    0.03064878867
  8973.20000000    0.03107294502
  8973.40000000    0.03203550715
  8973.60000000    0.03313743715
  8973.80000000    0.03430582871
  8974.00000000    0.03587433228
  8974.20000000    0.03713080219
  8974.40000000    0.03877073516
  8974.60000000    0.04051539543
  8974.80000000    0.04208188502
  8975.00000000    0.04363253124
  8975.20000000    0.04505992149
  8975.40000000    0.04702961120
  8975.60000000    0.04900574567
  8975.80000000    0.05178599788
  8976.00000000    0.05460706689
  8976.20000000    0.05763920170
  8976.40000000    0.06112421497
  8976.60000000    0.06488527868
  8976.80000000    0.06901866139
  8977.00000000    0.07362358551
  8977.20000000    0.07924637848
  8977.40000000    0.08597337320
  8977.60000000    0.09331020307
  8977.80000000    0.10283234273
  8978.00000000    0.11380200174
  8978.20000000    0.12691051456
  8978.40000000    0.14216566863
  8978.60000000    0.16016803475
  8978.80000000    0.18221945391
  8979.00000000    0.20848910097
  8979.20000000    0.24049632748
  8979.40000000    0.27864809300
  8979.60000000    0.32495032823
  8979.80000000    0.37896747500
  8980.00000000    0.44067402280
  8980.20000000    0.50762901982
  8980.40000000    0.57628724658
  8980.60000000    0.64211868530
  8980.80000000    0.69998189650
  8981.00000000    0.74412077192
  8981.20000000    0.77060978293
  8981.40000000    0.77702382094
  8981.60000000    0.76482785970
  8981.80000000    0.73725783861
  8982.00000000    0.69871096171
  8982.20000000    0.65470071875
  8982.40000000    0.61096724007
  8982.60000000    0.57110334350
  8982.80000000    0.53763295698
  8983.00000000    0.51159959398
  8983.20000000    0.49305521527
  8983.40000000    0.48183789619
  8983.60000000    0.47727201120
  8983.80000000    0.47828074868
  8984.00000000    0.48385496691
  8984.20000000    0.49323861518
  8984.40000000    0.50535206226
  8984.60000000    0.51836848786
  8984.80000000    0.53185609312
  8985.00000000    0.54452807472
  8985.20000000    0.55611643804
  8985.40000000    0.56652169202
  8985.60000000    0.57515320138
  8985.80000000    0.58352548396
  8986.00000000    0.59179375089
  8986.20000000    0.60046525812
  8986.40000000    0.60963600558
  8986.60000000    0.62038911517
  8986.80000000    0.63191026482
  8987.00000000    0.64563717236
  8987.20000000    0.66129633827
  8987.40000000    0.67877269665
  8987.60000000    0.69889641268
  8987.80000000    0.72033771799
  8988.00000000    0.74309231596
  8988.20000000    0.76760274644
  8988.40000000    0.79215765773
  8988.60000000    0.81725786107
  8988.80000000    0.84221269318
  8989.00000000    0.86699530074
  8989.20000000    0.89142845286
  8989.40000000    0.91595415232
  8989.60000000    0.94009790375
  8989.80000000    0.96443194776
  8990.00000000    0.98791599301
  8990.20000000    1.01041631065
  8990.40000000    1.03155024309
  8990.60000000    1.04994666811
  8990.80000000    1.06695871607
  8991.00000000    1.08016718609
  8991.20000000    1.09065264903
  8991.40000000    1.09760467652
  8991.60000000    1.10181221414
  8991.80000000    1.10372209829
  8992.00000000    1.10284667555
  8992.20000000    1.10016662302
  8992.40000000    1.09681326400
  8992.60000000    1.09209298139
  8992.80000000    1.08765241054
  8993.00000000    1.08361829824
  8993.20000000    1.08027367660
  8993.40000000    1.07769051198
  8993.60000000    1.07683954580
  8993.80000000    1.07749064642
  8994.00000000    1.08040053562
  8994.20000000    1.08547388459
  8994.40000000    1.09369969490
  8994.60000000    1.10571223799
  8994.80000000    1.11952625993
  8995.00000000    1.13093575088
  8995.20000000    1.14475897240
  8995.40000000    1.16197660161
  8995.60000000    1.17896561063
  8995.80000000    1.19586053369
  8996.00000000    1.21191941796
  8996.20000000    1.22632458475
  8996.40000000    1.23793692308
  8996.60000000    1.24763506807
  8996.80000000    1.25527965172
  8997.00000000    1.25980514072
  8997.20000000    1.26200155478
  8997.40000000    1.26084659414
  8997.60000000    1.25616947261
  8997.80000000    1.24825993562
  8998.00000000    1.23751728948
  8998.20000000    1.22417086000
  8998.40000000    1.20914466415
  8998.60000000    1.19270911308
  8998.80000000    1.17536904597
  8999.00000000    1.15893168009
  8999.20000000    1.14344320272
  8999.40000000    1.12715574186
  8999.60000000    1.10710793143
  8999.80000000    1.09418066985
  9000.00000000    1.08291685876
  9000.20000000    1.07288228253
  9000.40000000    1.06462286569
  9000.60000000    1.05758409045
  9000.80000000    1.05155408532
  9001.00000000    1.04701942932
  9001.20000000    1.04386250553
  9001.40000000    1.04166521018
  9001.60000000    1.04096084684
  9001.80000000    1.04109983756
  9002.00000000    1.04081229648
  9002.20000000    1.04001148781
  9002.40000000    1.03857039600
  9002.60000000    1.03700352738
  9002.80000000    1.03544729586
  9003.00000000    1.03402791115
  9003.20000000    1.03198247500
  9003.40000000    1.03013833300
  9003.60000000    1.02745062874
  9003.80000000    1.02514279187
  9004.00000000    1.02268366686
  9004.20000000    1.01939010933
  9004.40000000    1.01645896426
  9004.60000000    1.01408840784
  9004.80000000    1.01171935725
  9005.00000000    1.00961040826
  9005.20000000    1.00708620389
  9005.40000000    1.00468622392
  9005.60000000    1.00260219973
  9005.80000000    1.00033278284
  9006.00000000    0.99823941656
  9006.20000000    0.99592709088
  9006.40000000    0.99399033452
  9006.60000000    0.99172210378
  9006.80000000    0.98929399023
  9007.00000000    0.98696083017
  9007.20000000    0.98419898697
  9007.40000000    0.98197812793
  9007.60000000    0.97980710873
  9007.80000000    0.97787551253
  9008.00000000    0.97612667904
  9008.20000000    0.97417177447
  9008.40000000    0.97178281540
  9008.60000000    0.97057099105
  9008.80000000    0.96862408807
  9009.00000000    0.96751623834
  9009.22786000    0.96634555530
  9009.48358100    0.96528961217
  9009.76716200    0.96442637087
  9010.07860400    0.96448176442
  9010.41790500    0.96577948170
  9010.78506700    0.96903848971
  9011.18009000    0.97434269199
  9011.60297300    0.98200586636
  9012.05371600    0.99329347300
  9012.53231900    1.01001636844
  9013.03878300    1.03460008429
  9013.57310700    1.06235730170
  9014.13529200    1.08303619483
  9014.72533700    1.09950808796
  9015.34324200    1.11665507567
  9015.98900800    1.12457981884
  9016.66263400    1.12218208480
  9017.36412000    1.11255503538
  9018.09346700    1.09566210274
  9018.85067400    1.06606065425
  9019.63574100    1.03420701032
  9020.44866900    1.00700938924
  9021.28945700    0.98136113702
  9022.15810600    0.95904609901
  9023.05461400    0.94068458738
  9023.97898300    0.92641838891
  9024.93121300    0.91776257222
  9025.91130300    0.91380039312
  9026.91925300    0.91384148385
  9027.95506400    0.91585228588
  9029.01873400    0.91953208791
  9030.11026600    0.92332639945
  9031.23272300    0.92780460881
  9032.36737300    0.93338775486
  9033.51421400    0.94149650579
  9034.67324800    0.95232433189
  9035.84447300    0.96627738969
  9037.02789000    0.98122017808
  9038.22349900    0.99584830356
  9039.43130000    1.00747040735
  9040.65129300    1.01586562110
  9041.88347800    1.01974485801
  9043.12785500    1.02331882616
  9044.38442300    1.02668084156
  9045.65318400    1.02980283729
  9046.93413600    1.03367046191
  9048.22728000    1.03802498205
  9049.53261700    1.04261222928
  9050.85014500    1.04708405563
  9052.17986500    1.04900366791
  9053.52177700    1.04900681299
  9054.87588100    1.04676682038
  9056.24217700    1.04278758746
  9057.62066400    1.03782355339
  9059.01134400    1.03196184957
  9060.41421500    1.02619805795
  9061.82927900    1.02067113577
  9063.25653400    1.01574346667
  9064.69598100    1.01219445686
  9066.14762000    1.00938271377
  9067.61145200    1.00762818505
  9069.08747500    1.00797183145
  9070.57568900    1.00982730753
  9072.07609600    1.01275031616
  9073.58869500    1.01581186647
  9075.11348500    1.01814553464
  9076.65046800    1.01919826612
  9078.19964200    1.01865197904
  9079.76100900    1.01675921188
  9081.33456700    1.01445189543
  9082.92031700    1.01260690430
  9084.51825900    1.01210191987
  9086.12839300    1.01271552287
  9087.75071900    1.01373998237
  9089.38523700    1.01543589112
  9091.03194600    1.01607724645
  9092.69084800    1.01518241356
  9094.36194200    1.01276762020
  9096.04522700    1.00916542303
  9097.74070400    1.00418849631
  9099.44837400    0.99840757758
  9101.16823500    0.99209587627
  9102.90028800    0.98570865871
  9104.64453300    0.97960371491
  9106.40097000    0.97464850638
  9108.16959800    0.97079775641
  9109.95041900    0.96851424249
  9111.74343200    0.96748227362
  9113.54863600    0.96786253223
  9115.36603200    0.96958234118
  9117.19562100    0.97204323696
  9119.03740100    0.97494375628
  9120.89137300    0.97847733180
  9122.75753700    0.98282558105
  9124.63589300    0.98762392663
  9126.52644100    0.99304646360
  9128.42918100    0.99849821084
  9130.34411200    1.00393279723
  9132.27123600    1.00888896270
  9134.21055200    1.01264846634
  9136.16205900    1.01503120254
  9138.12575800    1.01623515218
  9140.10164900    1.01639089464
  9142.08973300    1.01557825282
  9144.09000800    1.01417673457
  9146.10247500    1.01236524669
  9148.12713300    1.01070132720
  9150.16398400    1.00875941206
  9152.21302700    1.00676190748
  9154.27426100    1.00438207035
  9156.34768800    1.00226953024
  9158.43330600    1.00138810397
  9160.53111700    0.99992632478
  9162.64111900    0.99767022531
  9164.76331300    0.99636181400
  9166.89769900    0.99443962349
  9169.04427700    0.99251567839
  9171.20304700    0.99272269501
  9173.37400800    0.99242292590
  9175.55716200    0.99227242353
  9177.75250800    0.99324599033
  9179.96004500    0.99426496534
  9182.17977500    0.99522732862
  9184.41169600    0.99597413631
  9186.65580900    0.99699601416
  9188.91211400    0.99732653478
  9191.18061100    0.99785723795
  9193.46130000    0.99843507287
  9195.75418100    0.99912798746
  9198.05925400    1.00016611987
  9200.37651800    1.00070655518
  9202.70597500    1.00126916774
  9205.04762300    1.00142753115
  9207.40146400    1.00122970406
  9209.76749600    1.00066923758
  9212.14572000    0.99967254153
  9214.53613600    0.99771730836
  9216.93874400    0.99544450626
  9219.35354400    0.99279208477
  9221.78053600    0.98973719602
  9224.21972000    0.98696564392
  9226.67109600    0.98462643471
  9229.13466300    0.98338334835
  9231.61042300    0.98260717689
  9234.09837400    0.98281319798
  9236.59851700    0.98365737975
  9239.11085200    0.98502340378
  9241.63538000    0.98675896350
  9244.17209900    0.98861374049
  9246.72100900    0.99042011729
  9249.28211200    0.99219199713
  9251.85540700    0.99403753987
  9254.44089400    0.99550286387
  9257.03857200    0.99764699283
  9259.64844300    0.99957859725
  9262.27050500    1.00148531126
  9264.90475900    1.00292075744
  9267.55120500    1.00417030539
  9270.20984400    1.00478891389
  9272.88067400    1.00479019560
  9275.56369600    1.00451402052
  9278.25890900    1.00437544770
  9280.96631500    1.00374843089
  9283.68591300    1.00304211494
  9286.41770200    1.00270887498
  9289.16168400    1.00204961440
  9291.91785700    1.00111444326
  9294.68622200    1.00015083390
  9297.46678000    0.99898707761
  9300.25952900    0.99763675435
  9303.06447000    0.99700898844
  9305.88160200    0.99716971526
  9308.71092700    0.99811316395
  9311.55244400    0.99928602962
  9314.40615300    1.00045777743
  9317.27205300    1.00099668490
  9320.15014600    1.00104009553
  9323.04043000    1.00071031872
  9325.94290600    1.00009179261
  9328.85757400    0.99901411742
  9331.78443500    0.99820915453
  9334.72348700    0.99762492368
  9337.67473000    0.99772797250
  9340.63816600    0.99819509081
  9343.61379400    0.99851429275
  9346.60161400    0.99879631235
  9349.60162500    0.99913791867
  9352.61382900    0.99953221941
  9355.63822400    0.99968929384
  9358.67481100    0.99974215033
  9361.72359000    0.99972605046
  9364.78456100    0.99948989204
  9367.85772400    0.99899266786
  9370.94307900    0.99852956931
  9374.04062600    0.99797392191
  9377.15036500    0.99771516597
  9380.27229500    0.99795342594
  9383.40641800    0.99820916509
  9386.55273200    0.99896070281
  9389.71123900    1.00004160469
  9392.88193700    1.00107061528
  9396.06482700    1.00171990916
  9399.25990900    1.00239985329
  9402.46718300    1.00319320357
  9405.68664900    1.00388464343
  9408.91830700    1.00446052097
  9412.16215700    1.00519853868
  9415.41819800    1.00624052141
  9418.68643200    1.00710663603
  9421.96685700    1.00778107648
  9425.25947400    1.00883047430
  9428.56428400    1.00906016044
  9431.88128500    1.00889820500
  9435.21047800    1.00868915761
  9438.55186300    1.00862611578
  9441.90544000    1.00835275955
  9445.27120900    1.00753612928
  9448.64916900    1.00684085997
  9452.03932200    1.00655805232
  9455.44166600    1.00610876993
  9458.85620300    1.00558781358
  9462.28293100    1.00514208445
  9465.72185100    1.00500655546
  9469.17296400    1.00475641600
  9472.63626800    1.00416476706
  9476.11176400    1.00397141676
  9479.59945100    1.00400719612
  9483.09933100    1.00412629211
  9486.61140300    1.00450459662
  9490.13566600    1.00471917515
  9493.67212200    1.00493490272
  9497.22076900    1.00501134006
  9500.78160900    1.00478602065
  9504.35464000    1.00379035828
  9507.93986300    1.00252703960
  9511.53727800    1.00106185166
  9515.14688500    0.99925703424
  9518.76868400    0.99777773619
  9522.40267500    0.99636508903
  9526.04885700    0.99508837153
  9529.70723200    0.99414333557
  9533.37779900    0.99365162363
  9537.06055700    0.99336215667
  9540.75550700    0.99328808743
  9544.46265000    0.99379729926
  9548.18198400    0.99469107974
  9551.91351000    0.99539342495
  9555.65722800    0.99612211274
  9559.41313800    0.99635807126
  9563.18123900    0.99655619529
  9566.96153300    0.99649897243
  9570.75401900    0.99603871494
  9574.55869600    0.99492381479
  9578.37556500    0.99493947358
  9582.20462700    0.99481205160
  9586.04588000    0.99518576859
  9589.89932500    0.99602223347
  9593.76496200    0.99709723514
  9597.64279100    0.99831358001
  9601.53281200    0.99969974948
  9605.43502500    1.00011342976
  9609.34942900    1.00065589252
  9613.27602600    1.00171787211
  9617.21481400    1.00209154469
  9621.16579500    1.00207661812
  9625.12896700    1.00224187937
  9629.10433100    1.00282689344
  9633.09188800    1.00258222124
  9637.09163600    1.00192467108
  9641.10357500    1.00145231011
  9645.12770700    1.00126722784
  9649.16403100    1.00106416101
  9653.21254700    1.00128248672
  9657.27325400    1.00152001041
  9661.34615400    1.00198705693
  9665.43124500    1.00209454491
  9669.52852900    1.00242848440
  9673.63800400    1.00271774534
  9677.75967100    1.00231149365
  9681.89353000    1.00157180357
  9686.03958100    1.00110109070
  9690.19782400    1.00058715793
  9694.36825800    0.99969901889
  9698.55088500    0.99943599293
  9702.74570400    0.99890748643
  9706.95271400    0.99891734648
  9711.17191600    0.99940663120
  9715.40331100    0.99946784594
  9719.64689700    0.99965566334
  9723.90267500    0.99927501180
  9728.17064500    0.99921221153
  9732.45080700    0.99947119586
  9736.74316100    0.99940418008
  9741.04770700    0.99969208182
  9745.36444400    0.99956575878
  9749.69337400    1.00029368883
  9754.03449500    1.00125766396
  9758.38780900    1.00129006183
  9762.75331400    1.00124693115
  9767.13101100    1.00070879944
  9771.52090000    0.99932414454
  9775.92298100    0.99843481430
  9780.33725400    0.99755342997
  9784.76371900    0.99730326990
  9789.20237600    0.99658177094
  9793.65322400    0.99625445076
  9798.11626500    0.99615352296
  9802.59149700    0.99620735501
  9807.07892200    0.99606128593
  9811.57853800    0.99714828949
  9816.09034600    0.99739969428
  9820.61434600    0.99829495102
  9825.15053800    0.99908659112
  9829.69892200    0.99990069233
  9834.25949800    0.99975699592
  9838.83226600    1.00027329965
  9843.41722600    1.00024273192
  9848.01437700    0.99981801277
  9852.62372100    0.99912072100
  9857.24525600    0.99886269099
  9861.87898300    0.99852266915
  9866.52490200    0.99798597632
  9871.18301300    0.99787855911
  9875.85331600    0.99758307923
  9880.53581100    0.99837509369
  9885.23049800    0.99990878276
  9889.93737700    1.00120568340
  9894.65644800    1.00318371983
  9899.38771000    1.00443293601
  9904.13116500    1.00474318663
  9908.88681100    1.00404076718
  9913.65464900    1.00282556896
  9918.43467900    1.00180910725
  9923.22690100    1.00153642715
  9928.03131500    1.00147309665
  9932.84792100    1.00187096424
  9937.67671900    1.00244215034
