#---------------------------------
#  energy flat
  8794.00000000    0.00242672420
  8799.00000000    0.00153337448
  8804.00000000    0.00056509636
  8809.00000000   -0.00159196511
  8814.00000000   -0.00325796358
  8819.00000000   -0.00468749448
  8824.00000000   -0.00616234497
  8829.00000000   -0.00665950071
  8834.00000000   -0.00648411364
  8839.00000000   -0.00493443501
  8844.00000000   -0.00263607665
  8849.00000000   -0.00107954973
  8854.00000000    0.00110762455
  8859.00000000    0.00180529478
  8864.00000000    0.00172870489
  8869.00000000    0.00155160621
  8874.00000000    0.00063126615
  8879.00000000    0.00132148383
  8884.00000000    0.00276380537
  8889.00000000    0.00219997947
  8894.00000000    0.00292604998
  8899.00000000    0.00161052305
  8904.00000000    0.00006718961
  8909.00000000   -0.00151985205
  8914.00000000   -0.00276427757
  8919.00000000   -0.00332044950
  8924.00000000   -0.00235287590
  8929.00000000   -0.00092928645
  8934.00000000    0.00182327496
  8939.00000000    0.00338221894
  8944.00000000    0.00536313870
  8949.00000000    0.00666406311
  8953.00000000    0.00779850341
  8956.00000000    0.01043865200
  8958.00000000    0.01222849414
  8959.00000000    0.01323147727
  8959.20000000    0.01418929385
  8959.40000000    0.01503854481
  8959.60000000    0.01481684337
  8959.80000000    0.01495951148
  8960.00000000    0.01537389575
  8960.20000000    0.01586643114
  8960.40000000    0.01645121709
  8960.60000000    0.01649075794
  8960.80000000    0.01663745446
  8961.00000000    0.01702968248
  8961.20000000    0.01702732789
  8961.40000000    0.01676594662
  8961.60000000    0.01724982094
  8961.80000000    0.01733327144
  8962.00000000    0.01739516996
  8962.20000000    0.01751145200
  8962.40000000    0.01711894604
  8962.60000000    0.01711558434
  8962.80000000    0.01726691353
  8963.00000000    0.01735378818
  8963.20000000    0.01785276903
  8963.40000000    0.01844198622
  8963.60000000    0.01897198581
  8963.80000000    0.01950117972
  8964.00000000    0.02054681561
  8964.20000000    0.02137290322
  8964.40000000    0.02256799306
  8964.60000000    0.02283675036
  8964.80000000    0.02342294625
  8965.00000000    0.02377932143
  8965.20000000    0.02364463362
  8965.40000000    0.02449932294
  8965.60000000    0.02427520445
  8965.80000000    0.02496513186
  8966.00000000    0.02493639119
  8966.20000000    0.02463452442
  8966.40000000    0.02397856054
  8966.60000000    0.02383561449
  8966.80000000    0.02365399571
  8967.00000000    0.02393866522
  8967.20000000    0.02441387846
  8967.40000000    0.02478838148
  8967.60000000    0.02479509080
  8967.80000000    0.02544070572
  8968.00000000    0.02576646500
  8968.20000000    0.02632667765
  8968.40000000    0.02678577725
  8968.60000000    0.02706238995
  8968.80000000    0.02861258400
  8969.00000000    0.02885233676
  8969.20000000    0.02958979939
  8969.40000000    0.02949499282
  8969.60000000    0.02935526949
  8969.80000000    0.02891341552
  8970.00000000    0.02948933897
  8970.20000000    0.02921204549
  8970.40000000    0.02936941730
  8970.60000000    0.02923352096
  8970.80000000    0.02960177995
  8971.00000000    0.03045385080
  8971.20000000    0.03126140774
  8971.40000000    0.03148645680
  8971.60000000    0.03203176435
  8971.80000000    0.03208238332
  8972.00000000    0.03141070865
  8972.20000000    0.03209721191
  8972.40000000    0.03287435437
  8972.60000000    0.03321300455
  8972.80000000    0.03486290171
  8973.00000000    0.03563098025
  8973.20000000    0.03602280543
  8973.40000000    0.03702271887
  8973.60000000    0.03767336930
  8973.80000000    0.03922799460
  8974.00000000    0.04077778581
  8974.20000000    0.04243291990
  8974.40000000    0.04412310115
  8974.60000000    0.04600221476
  8974.80000000    0.04804447891
  8975.00000000    0.04985833230
  8975.20000000    0.05115977212
  8975.40000000    0.05254258580
  8975.60000000    0.05427889232
  8975.80000000    0.05587380170
  8976.00000000    0.05823431013
  8976.20000000    0.06054970038
  8976.40000000    0.06339563203
  8976.60000000    0.06676666674
  8976.80000000    0.06955116516
  8977.00000000    0.07329583475
  8977.20000000    0.07818457237
  8977.40000000    0.08392894396
  8977.60000000    0.09042481516
  8977.80000000    0.09782506407
  8978.00000000    0.10611438274
  8978.20000000    0.11484722920
  8978.40000000    0.12530121319
  8978.60000000    0.13620376048
  8978.80000000    0.14926875746
  8979.00000000    0.16372053407
  8979.20000000    0.17865430977
  8979.40000000    0.19502018470
  8979.60000000    0.21231883762
  8979.80000000    0.22836505833
  8980.00000000    0.24504373918
  8980.20000000    0.26153590472
  8980.40000000    0.27855297189
  8980.60000000    0.29527435387
  8980.80000000    0.30892085162
  8981.00000000    0.32067359452
  8981.20000000    0.33114107369
  8981.40000000    0.33975870766
  8981.60000000    0.34689328303
  8981.80000000    0.35316436903
  8982.00000000    0.35961955330
  8982.20000000    0.36680569230
  8982.40000000    0.37447826163
  8982.60000000    0.38343911600
  8982.80000000    0.39532358787
  8983.00000000    0.40877128366
  8983.20000000    0.42346677899
  8983.40000000    0.44062242341
  8983.60000000    0.45878013445
  8983.80000000    0.47645604783
  8984.00000000    0.49315607925
  8984.20000000    0.50933664739
  8984.40000000    0.52433246057
  8984.60000000    0.53807040320
  8984.80000000    0.55046970567
  8985.00000000    0.56083989877
  8985.20000000    0.56919407482
  8985.40000000    0.57621766754
  8985.60000000    0.58173181558
  8985.80000000    0.58675328926
  8986.00000000    0.59197980893
  8986.20000000    0.59774774670
  8986.40000000    0.60418722018
  8986.60000000    0.61067805587
  8986.80000000    0.61754675628
  8987.00000000    0.62510632875
  8987.20000000    0.63495826709
  8987.40000000    0.64635832283
  8987.60000000    0.65983643310
  8987.80000000    0.67530618855
  8988.00000000    0.69243262701
  8988.20000000    0.71016695232
  8988.40000000    0.72822173752
  8988.60000000    0.74705078284
  8988.80000000    0.76649395904
  8989.00000000    0.78655025902
  8989.20000000    0.80861754054
  8989.40000000    0.83061231070
  8989.60000000    0.85302704245
  8989.80000000    0.87548769806
  8990.00000000    0.89827989169
  8990.20000000    0.92219379567
  8990.40000000    0.94607187884
  8990.60000000    0.96971552318
  8990.80000000    0.99220383437
  8991.00000000    1.01359663405
  8991.20000000    1.03342964795
  8991.40000000    1.05316095835
  8991.60000000    1.06984338140
  8991.80000000    1.08534791121
  8992.00000000    1.09860319241
  8992.20000000    1.10991800229
  8992.40000000    1.11879120661
  8992.60000000    1.12801469377
  8992.80000000    1.13738744596
  8993.00000000    1.14550113139
  8993.20000000    1.15265163646
  8993.40000000    1.15977778161
  8993.60000000    1.16731725323
  8993.80000000    1.17546180336
  8994.00000000    1.18339870044
  8994.20000000    1.19167822485
  8994.40000000    1.19998475059
  8994.60000000    1.20846189024
  8994.80000000    1.21499613912
  8995.00000000    1.22062038095
  8995.20000000    1.22974854274
  8995.40000000    1.23880662032
  8995.60000000    1.24740909477
  8995.80000000    1.25528747250
  8996.00000000    1.26268426349
  8996.20000000    1.26711252957
  8996.40000000    1.27041063478
  8996.60000000    1.27392487305
  8996.80000000    1.27592927255
  8997.00000000    1.27604194001
  8997.20000000    1.27565187047
  8997.40000000    1.27388409341
  8997.60000000    1.27069510185
  8997.80000000    1.26751880763
  8998.00000000    1.26375376912
  8998.20000000    1.26020103520
  8998.40000000    1.25605532684
  8998.60000000    1.25198253977
  8998.80000000    1.24694294154
  8999.00000000    1.24153918192
  8999.20000000    1.23615013251
  8999.40000000    1.23005430517
  8999.60000000    1.22432587485
  8999.80000000    1.21938319159
  9000.00000000    1.21363785372
  9000.20000000    1.20764316297
  9000.40000000    1.20166378561
  9000.60000000    1.19479252381
  9000.80000000    1.18669864509
  9001.00000000    1.17930974273
  9001.20000000    1.17152404681
  9001.40000000    1.16523168642
  9001.60000000    1.15844625314
  9001.80000000    1.15244555796
  9002.00000000    1.14575238332
  9002.20000000    1.13971765580
  9002.40000000    1.13096556887
  9002.60000000    1.12162735190
  9002.80000000    1.11361226891
  9003.00000000    1.10641112887
  9003.20000000    1.09995444157
  9003.40000000    1.09444866276
  9003.60000000    1.08971009682
  9003.80000000    1.08523700527
  9004.00000000    1.08220971165
  9004.20000000    1.07750317785
  9004.40000000    1.07339587154
  9004.60000000    1.06861058564
  9004.80000000    1.06423760871
  9005.00000000    1.06029768687
  9005.20000000    1.05717029601
  9005.40000000    1.05329724758
  9005.60000000    1.05000247780
  9005.80000000    1.04674436697
  9006.00000000    1.04343288001
  9006.20000000    1.04132729722
  9006.40000000    1.03775416510
  9006.60000000    1.03526467458
  9006.80000000    1.03313975456
  9007.00000000    1.03129682248
  9007.20000000    1.02998765369
  9007.40000000    1.02918203495
  9007.60000000    1.02883081950
  9007.80000000    1.02854063304
  9008.00000000    1.02877957647
  9008.20000000    1.02781261407
  9008.40000000    1.02688109972
  9008.60000000    1.02604686934
  9008.80000000    1.02564891327
  9009.00000000    1.02595350919
  9009.22786000    1.02614741740
  9009.48358100    1.02642812145
  9009.76716200    1.02751721773
  9010.07860400    1.02737402862
  9010.41790500    1.02858331465
  9010.78506700    1.02919888396
  9011.18009000    1.03020945819
  9011.60297300    1.02877356192
  9012.05371600    1.02745041362
  9012.53231900    1.02687104475
  9013.03878300    1.02664388313
  9013.57310700    1.02514548517
  9014.13529200    1.02271223290
  9014.72533700    1.02075449777
  9015.34324200    1.01816812590
  9015.98900800    1.01420709608
  9016.66263400    1.00843820826
  9017.36412000    1.00330777562
  9018.09346700    0.99587714294
  9018.85067400    0.98681108105
  9019.63574100    0.97930642333
  9020.44866900    0.97025796694
  9021.28945700    0.96079297053
  9022.15810600    0.95386336343
  9023.05461400    0.94804563541
  9023.97898300    0.94310586240
  9024.93121300    0.93950825677
  9025.91130300    0.93755348774
  9026.91925300    0.93778957343
  9027.95506400    0.93752025757
  9029.01873400    0.94030662566
  9030.11026600    0.94492904263
  9031.23272300    0.95116036954
  9032.36737300    0.95822894410
  9033.51421400    0.96813321688
  9034.67324800    0.97839304451
  9035.84447300    0.98777025264
  9037.02789000    0.99797162673
  9038.22349900    1.00866537871
  9039.43130000    1.01909089618
  9040.65129300    1.02904509815
  9041.88347800    1.03684808881
  9043.12785500    1.04440726974
  9044.38442300    1.05092778831
  9045.65318400    1.05718344578
  9046.93413600    1.06150945632
  9048.22728000    1.06470359182
  9049.53261700    1.06543682523
  9050.85014500    1.06374455865
  9052.17986500    1.06142844134
  9053.52177700    1.05863364285
  9054.87588100    1.05537581851
  9056.24217700    1.05189218530
  9057.62066400    1.04831421610
  9059.01134400    1.04471597028
  9060.41421500    1.04058739722
  9061.82927900    1.03759699833
  9063.25653400    1.03392347375
  9064.69598100    1.02996980063
  9066.14762000    1.02609968039
  9067.61145200    1.02364644862
  9069.08747500    1.02090622852
  9070.57568900    1.01719774835
  9072.07609600    1.01477442555
  9073.58869500    1.01213299121
  9075.11348500    1.00948949965
  9076.65046800    1.00731519579
  9078.19964200    1.00458316775
  9079.76100900    1.00223376531
  9081.33456700    1.00030518436
  9082.92031700    0.99760150859
  9084.51825900    0.99561679214
  9086.12839300    0.99318835181
  9087.75071900    0.99068711762
  9089.38523700    0.98863327010
  9091.03194600    0.98723478855
  9092.69084800    0.98585085714
  9094.36194200    0.98459881174
  9096.04522700    0.98353656700
  9097.74070400    0.98222673757
  9099.44837400    0.98191460217
  9101.16823500    0.98186991280
  9102.90028800    0.98173826246
  9104.64453300    0.98234133786
  9106.40097000    0.98299319141
  9108.16959800    0.98309005494
  9109.95041900    0.98314522821
  9111.74343200    0.98351591465
  9113.54863600    0.98446303609
  9115.36603200    0.98678852214
  9117.19562100    0.98985958199
  9119.03740100    0.99263796975
  9120.89137300    0.99573707715
  9122.75753700    0.99881757674
  9124.63589300    1.00112400352
  9126.52644100    1.00250273378
  9128.42918100    1.00390130620
  9130.34411200    1.00523195781
  9132.27123600    1.00615070869
  9134.21055200    1.00717324517
  9136.16205900    1.00795518515
  9138.12575800    1.00835194772
  9140.10164900    1.00785156019
  9142.08973300    1.00730807754
  9144.09000800    1.00620710797
  9146.10247500    1.00573665480
  9148.12713300    1.00458630356
  9150.16398400    1.00399238931
  9152.21302700    1.00345057519
  9154.27426100    1.00280658947
  9156.34768800    1.00134821542
  9158.43330600    1.00001770919
  9160.53111700    0.99778460259
  9162.64111900    0.99615592730
  9164.76331300    0.99559454108
  9166.89769900    0.99452814820
  9169.04427700    0.99212487063
  9171.20304700    0.99059064944
  9173.37400800    0.98942352790
  9175.55716200    0.98763933818
  9177.75250800    0.98750967512
  9179.96004500    0.98753151081
  9182.17977500    0.98796544399
  9184.41169600    0.98813426478
  9186.65580900    0.98845728559
  9188.91211400    0.98911533510
  9191.18061100    0.98991499896
  9193.46130000    0.99060404390
  9195.75418100    0.99092418999
  9198.05925400    0.99130117702
  9200.37651800    0.99194844572
  9202.70597500    0.99286028069
  9205.04762300    0.99368090244
  9207.40146400    0.99439089074
  9209.76749600    0.99487253669
  9212.14572000    0.99596003365
  9214.53613600    0.99660711184
  9216.93874400    0.99635483929
  9219.35354400    0.99681286753
  9221.78053600    0.99740382091
  9224.21972000    0.99714304748
  9226.67109600    0.99651384306
  9229.13466300    0.99640395368
  9231.61042300    0.99618119604
  9234.09837400    0.99544784466
  9236.59851700    0.99569186136
  9239.11085200    0.99612797494
  9241.63538000    0.99663358102
  9244.17209900    0.99760453357
  9246.72100900    0.99827730209
  9249.28211200    0.99913594566
  9251.85540700    0.99981694844
  9254.44089400    1.00029195180
  9257.03857200    1.00087823252
  9259.64844300    1.00149786988
  9262.27050500    1.00156053397
  9264.90475900    1.00096694731
  9267.55120500    1.00030346554
  9270.20984400    1.00018181698
  9272.88067400    0.99994397794
  9275.56369600    0.99908378516
  9278.25890900    0.99886314412
  9280.96631500    0.99889834500
  9283.68591300    0.99896681667
  9286.41770200    0.99953806455
  9289.16168400    0.99977033681
  9291.91785700    1.00036033539
  9294.68622200    1.00096219981
  9297.46678000    1.00109873960
  9300.25952900    1.00128093546
  9303.06447000    1.00206689032
  9305.88160200    1.00176242436
  9308.71092700    1.00106138830
  9311.55244400    1.00080064403
  9314.40615300    1.00061497058
  9317.27205300    0.99990952627
  9320.15014600    0.99967786099
  9323.04043000    0.99959100315
  9325.94290600    0.99938281449
  9328.85757400    0.99947399921
  9331.78443500    0.99914803630
  9334.72348700    0.99842600951
  9337.67473000    0.99900159034
  9340.63816600    0.99918699683
  9343.61379400    0.99897228243
  9346.60161400    0.99896988461
  9349.60162500    0.99908525436
  9352.61382900    0.99893217661
  9355.63822400    0.99943971745
  9358.67481100    1.00008469258
  9361.72359000    0.99995678713
  9364.78456100    1.00050512258
  9367.85772400    1.00096762446
  9370.94307900    1.00094960680
  9374.04062600    1.00170158342
  9377.15036500    1.00241554912
  9380.27229500    1.00264524982
  9383.40641800    1.00282745017
  9386.55273200    1.00282930451
  9389.71123900    1.00263155782
  9392.88193700    1.00243330183
  9396.06482700    1.00199613492
  9399.25990900    1.00162589415
  9402.46718300    1.00123282544
  9405.68664900    1.00129195635
  9408.91830700    1.00237056376
  9412.16215700    1.00318688400
  9415.41819800    1.00353030849
  9418.68643200    1.00358863086
  9421.96685700    1.00327048414
  9425.25947400    1.00410794279
  9428.56428400    1.00431689496
  9431.88128500    1.00424305473
  9435.21047800    1.00450525546
  9438.55186300    1.00414923924
  9441.90544000    1.00364358203
  9445.27120900    1.00313217046
  9448.64916900    1.00301308630
  9452.03932200    1.00287066677
  9455.44166600    1.00269612784
  9458.85620300    1.00248551167
  9462.28293100    1.00265543614
  9465.72185100    1.00250140750
  9469.17296400    1.00270430317
  9472.63626800    1.00294797763
  9476.11176400    1.00324137288
  9479.59945100    1.00383836456
  9483.09933100    1.00438977092
  9486.61140300    1.00509226843
  9490.13566600    1.00537311006
  9493.67212200    1.00523117569
  9497.22076900    1.00481561677
  9500.78160900    1.00363546454
  9504.35464000    1.00245501455
  9507.93986300    1.00185043233
  9511.53727800    1.00054643267
  9515.14688500    0.99925575376
  9518.76868400    0.99871248844
  9522.40267500    0.99818479585
  9526.04885700    0.99769455713
  9529.70723200    0.99847579932
  9533.37779900    0.99906473607
  9537.06055700    0.99911103829
  9540.75550700    0.99884889966
  9544.46265000    0.99844967635
  9548.18198400    0.99817577924
  9551.91351000    0.99811559121
  9555.65722800    0.99884735817
  9559.41313800    0.99886463122
  9563.18123900    0.99913401061
  9566.96153300    1.00002589222
  9570.75401900    0.99903802812
  9574.55869600    0.99713140096
  9578.37556500    0.99650734337
  9582.20462700    0.99641558131
  9586.04588000    0.99700298290
  9589.89932500    0.99712853557
  9593.76496200    0.99690487886
  9597.64279100    0.99745015246
  9601.53281200    0.99780868094
  9605.43502500    0.99813704221
  9609.34942900    0.99849917354
  9613.27602600    0.99793982805
  9617.21481400    0.99739551998
  9621.16579500    0.99801586780
  9625.12896700    0.99703570376
  9629.10433100    0.99510756635
  9633.09188800    0.99499892062
  9637.09163600    0.99612118426
  9641.10357500    0.99672922674
  9645.12770700    0.99740715156
  9649.16403100    0.99909962550
  9653.21254700    1.00066380545
  9657.27325400    1.00197484380
  9661.34615400    1.00330348970
  9665.43124500    1.00421836549
  9669.52852900    1.00485086749
  9673.63800400    1.00449652279
  9677.75967100    1.00401791801
  9681.89353000    1.00318233426
  9686.03958100    1.00246768071
  9690.19782400    1.00245259393
  9694.36825800    1.00252815570
  9698.55088500    1.00263976719
  9702.74570400    1.00180471017
  9706.95271400    1.00184083486
  9711.17191600    1.00253327057
  9715.40331100    1.00234665393
  9719.64689700    1.00258608008
  9723.90267500    1.00335820545
  9728.17064500    1.00239375457
  9732.45080700    1.00179147671
  9736.74316100    1.00113198462
  9741.04770700    1.00118227975
  9745.36444400    1.00116973103
  9749.69337400    1.00138361124
  9754.03449500    1.00165841987
  9758.38780900    1.00161717864
  9762.75331400    1.00170675378
  9767.13101100    1.00056567619
  9771.52090000    1.00015191352
  9775.92298100    1.00062678930
  9780.33725400    0.99916861702
  9784.76371900    0.99845491771
  9789.20237600    0.99783416313
  9793.65322400    0.99791212202
  9798.11626500    0.99761876592
  9802.59149700    0.99825563007
  9807.07892200    0.99808684878
  9811.57853800    0.99750238824
  9816.09034600    0.99736758969
  9820.61434600    0.99738885517
  9825.15053800    0.99566246363
  9829.69892200    0.99544310350
  9834.25949800    0.99446979924
  9838.83226600    0.99298647328
  9843.41722600    0.99087855374
  9848.01437700    0.99082762449
  9852.62372100    0.99112433145
  9857.24525600    0.99326477161
  9861.87898300    0.99544016419
  9866.52490200    0.99728877252
  9871.18301300    0.99842150436
  9875.85331600    0.99885980078
  9880.53581100    0.99987797669
  9885.23049800    1.00058350569
  9889.93737700    1.00131256630
  9894.65644800    1.00274540392
  9899.38771000    1.00309933909
  9904.13116500    1.00427449784
  9908.88681100    1.00504944568
  9913.65464900    1.00645708127
  9918.43467900    1.00718501058
  9923.22690100    1.00706616107
  9928.03131500    1.00633836078
  9932.84792100    1.00712961335
  9937.67671900    1.00815349030
