#---------------------------------
#  energy flat
  8794.00000000    0.00541990189
  8799.00000000    0.00426000519
  8804.00000000    0.00272491350
  8809.00000000    0.00024354224
  8814.00000000   -0.00151157628
  8819.00000000   -0.00262598982
  8824.00000000   -0.00366454336
  8829.00000000   -0.00389967058
  8834.00000000   -0.00387634838
  8839.00000000   -0.00298408441
  8844.00000000   -0.00191432118
  8849.00000000   -0.00082074908
  8854.00000000    0.00074144732
  8859.00000000    0.00220019828
  8864.00000000    0.00276833318
  8869.00000000    0.00325633890
  8874.00000000    0.00315076479
  8879.00000000    0.00421445265
  8884.00000000    0.00492708278
  8889.00000000    0.00414451568
  8894.00000000    0.00280202955
  8899.00000000    0.00068419516
  8904.00000000   -0.00157846286
  8909.00000000   -0.00314508079
  8914.00000000   -0.00451942154
  8919.00000000   -0.00379595427
  8924.00000000   -0.00235526522
  8929.00000000   -0.00064381181
  8934.00000000    0.00098816923
  8939.00000000    0.00232935361
  8944.00000000    0.00261966359
  8949.00000000    0.00311210269
  8953.00000000    0.00438737636
  8956.00000000    0.00611018997
  8958.00000000    0.00745314415
  8959.00000000    0.00902870162
  8959.20000000    0.00977178172
  8959.40000000    0.01001766686
  8959.60000000    0.01047996645
  8959.80000000    0.01062076415
  8960.00000000    0.01142459792
  8960.20000000    0.01132402291
  8960.40000000    0.01133970088
  8960.60000000    0.01206898825
  8960.80000000    0.01188040251
  8961.00000000    0.01206619077
  8961.20000000    0.01284703667
  8961.40000000    0.01339833218
  8961.60000000    0.01441529642
  8961.80000000    0.01449074287
  8962.00000000    0.01445716110
  8962.20000000    0.01424328869
  8962.40000000    0.01428425333
  8962.60000000    0.01464179388
  8962.80000000    0.01464203713
  8963.00000000    0.01451814584
  8963.20000000    0.01453464481
  8963.40000000    0.01454129182
  8963.60000000    0.01426108297
  8963.80000000    0.01440779184
  8964.00000000    0.01428964752
  8964.20000000    0.01472157027
  8964.40000000    0.01493461559
  8964.60000000    0.01547868635
  8964.80000000    0.01540553259
  8965.00000000    0.01555733163
  8965.20000000    0.01514871906
  8965.40000000    0.01488312393
  8965.60000000    0.01496924333
  8965.80000000    0.01509115813
  8966.00000000    0.01556560846
  8966.20000000    0.01648766560
  8966.40000000    0.01738492867
  8966.60000000    0.01764756212
  8966.80000000    0.01910244543
  8967.00000000    0.01946261316
  8967.20000000    0.02017449542
  8967.40000000    0.02027769153
  8967.60000000    0.02094507582
  8967.80000000    0.02178454080
  8968.00000000    0.02177706670
  8968.20000000    0.02217188045
  8968.40000000    0.02232088811
  8968.60000000    0.02278712848
  8968.80000000    0.02282349554
  8969.00000000    0.02343685832
  8969.20000000    0.02401196271
  8969.40000000    0.02460184502
  8969.60000000    0.02516578387
  8969.80000000    0.02578686401
  8970.00000000    0.02624161044
  8970.20000000    0.02711473625
  8970.40000000    0.02721727555
  8970.60000000    0.02728484045
  8970.80000000    0.02741233802
  8971.00000000    0.02756495806
  8971.20000000    0.02770477057
  8971.40000000    0.02858594213
  8971.60000000    0.02853610465
  8971.80000000    0.02979969597
  8972.00000000    0.03076986345
  8972.20000000    0.03133248871
  8972.40000000    0.03131302807
  8972.60000000    0.03168616753
  8972.80000000    0.03284516401
  8973.00000000    0.03368413639
  8973.20000000    0.03519731039
  8973.40000000    0.03571872166
  8973.60000000    0.03686047723
  8973.80000000    0.03719256692
  8974.00000000    0.03757096075
  8974.20000000    0.03860401650
  8974.40000000    0.03940719348
  8974.60000000    0.04074762999
  8974.80000000    0.04240694120
  8975.00000000    0.04379959304
  8975.20000000    0.04631060511
  8975.40000000    0.04799897957
  8975.60000000    0.05063970896
  8975.80000000    0.05310408848
  8976.00000000    0.05589900085
  8976.20000000    0.05876484723
  8976.40000000    0.06169538808
  8976.60000000    0.06509767300
  8976.80000000    0.06856711538
  8977.00000000    0.07360679398
  8977.20000000    0.07830608780
  8977.40000000    0.08456954249
  8977.60000000    0.09157320683
  8977.80000000    0.09892070414
  8978.00000000    0.10899423533
  8978.20000000    0.12009138387
  8978.40000000    0.13482061706
  8978.60000000    0.15197474293
  8978.80000000    0.17369327609
  8979.00000000    0.19925538237
  8979.20000000    0.22948862537
  8979.40000000    0.26580216197
  8979.60000000    0.30665613279
  8979.80000000    0.35266940433
  8980.00000000    0.40255416284
  8980.20000000    0.45420822358
  8980.40000000    0.50352987675
  8980.60000000    0.54877253623
  8980.80000000    0.58697421401
  8981.00000000    0.61552529336
  8981.20000000    0.63451082944
  8981.40000000    0.64244810413
  8981.60000000    0.64206709208
  8981.80000000    0.63402590338
  8982.00000000    0.62199537366
  8982.20000000    0.60721422111
  8982.40000000    0.59158124441
  8982.60000000    0.57693218978
  8982.80000000    0.56445438108
  8983.00000000    0.55519606551
  8983.20000000    0.54893393227
  8983.40000000    0.54611723013
  8983.60000000    0.54609704417
  8983.80000000    0.54839374871
  8984.00000000    0.55405296379
  8984.20000000    0.56118541425
  8984.40000000    0.57012426012
  8984.60000000    0.58018659722
  8984.80000000    0.59114714435
  8985.00000000    0.60155109725
  8985.20000000    0.61198563197
  8985.40000000    0.62209115243
  8985.60000000    0.63136471670
  8985.80000000    0.64108937673
  8986.00000000    0.65129386737
  8986.20000000    0.66172433675
  8986.40000000    0.67273742536
  8986.60000000    0.68340360196
  8986.80000000    0.69441742882
  8987.00000000    0.70548712411
  8987.20000000    0.71746718004
  8987.40000000    0.72987698579
  8987.60000000    0.74235579585
  8987.80000000    0.75467159687
  8988.00000000    0.76783043686
  8988.20000000    0.78102806850
  8988.40000000    0.79398962246
  8988.60000000    0.80682544053
  8988.80000000    0.81994503532
  8989.00000000    0.83325103674
  8989.20000000    0.84700829798
  8989.40000000    0.86120877326
  8989.60000000    0.87603521621
  8989.80000000    0.89153885694
  8990.00000000    0.90801361188
  8990.20000000    0.92453602514
  8990.40000000    0.94118392709
  8990.60000000    0.95775995038
  8990.80000000    0.97455078667
  8991.00000000    0.99045827220
  8991.20000000    1.00729089613
  8991.40000000    1.02237122752
  8991.60000000    1.03654686223
  8991.80000000    1.05035998577
  8992.00000000    1.06306841809
  8992.20000000    1.07372078945
  8992.40000000    1.08298900265
  8992.60000000    1.09094464851
  8992.80000000    1.09804190180
  8993.00000000    1.10341444791
  8993.20000000    1.10895517438
  8993.40000000    1.11447459538
  8993.60000000    1.11975465447
  8993.80000000    1.12517465163
  8994.00000000    1.13047088305
  8994.20000000    1.13477637734
  8994.40000000    1.13900769401
  8994.60000000    1.14344824073
  8994.80000000    1.14731905685
  8995.00000000    1.15087071023
  8995.20000000    1.15356561292
  8995.40000000    1.15610390998
  8995.60000000    1.15816377111
  8995.80000000    1.15811798298
  8996.00000000    1.15777076556
  8996.20000000    1.15522988813
  8996.40000000    1.15191698670
  8996.60000000    1.14785833312
  8996.80000000    1.14322239569
  8997.00000000    1.13886005427
  8997.20000000    1.13373554076
  8997.40000000    1.12863898134
  8997.60000000    1.12307383786
  8997.80000000    1.11705948579
  8998.00000000    1.10966294570
  8998.20000000    1.10258893290
  8998.40000000    1.09544336948
  8998.60000000    1.08862525930
  8998.80000000    1.08242819039
  8999.00000000    1.07603510789
  8999.20000000    1.07051067893
  8999.40000000    1.06372195685
  8999.60000000    1.05736643220
  8999.80000000    1.05216461074
  9000.00000000    1.04661308527
  9000.20000000    1.04118934683
  9000.40000000    1.03623197400
  9000.60000000    1.03222009983
  9000.80000000    1.02810120792
  9001.00000000    1.02501155620
  9001.20000000    1.02199583415
  9001.40000000    1.01958440493
  9001.60000000    1.01779992802
  9001.80000000    1.01521846860
  9002.00000000    1.01434898928
  9002.20000000    1.01242342120
  9002.40000000    1.01113662773
  9002.60000000    1.00891755163
  9002.80000000    1.00552514856
  9003.00000000    1.00352420887
  9003.20000000    1.00229537342
  9003.40000000    1.00243731224
  9003.60000000    1.00348501338
  9003.80000000    1.00456493749
  9004.00000000    1.00475264349
  9004.20000000    1.00477257789
  9004.40000000    1.00484115516
  9004.60000000    1.00528316113
  9004.80000000    1.00540863109
  9005.00000000    1.00550064431
  9005.20000000    1.00597659495
  9005.40000000    1.00663353289
  9005.60000000    1.00732236532
  9005.80000000    1.00804013664
  9006.00000000    1.00843119153
  9006.20000000    1.00998251727
  9006.40000000    1.01048103803
  9006.60000000    1.01109289599
  9006.80000000    1.01195437641
  9007.00000000    1.01352425165
  9007.20000000    1.01447644956
  9007.40000000    1.01521687036
  9007.60000000    1.01532910506
  9007.80000000    1.01691457406
  9008.00000000    1.01864227924
  9008.20000000    1.01885479462
  9008.40000000    1.02063742175
  9008.60000000    1.02206738886
  9008.80000000    1.02323631907
  9009.00000000    1.02444009918
  9009.22786000    1.02584553160
  9009.48358100    1.02691241781
  9009.76716200    1.02742568040
  9010.07860400    1.02820797818
  9010.41790500    1.02966951088
  9010.78506700    1.03033021105
  9011.18009000    1.03036120450
  9011.60297300    1.02875795585
  9012.05371600    1.02610373526
  9012.53231900    1.02385305571
  9013.03878300    1.02264239008
  9013.57310700    1.02159857135
  9014.13529200    1.02024546363
  9014.72533700    1.01829478164
  9015.34324200    1.01466548667
  9015.98900800    1.00845420336
  9016.66263400    1.00149706138
  9017.36412000    0.99333567168
  9018.09346700    0.98404759112
  9018.85067400    0.97599997583
  9019.63574100    0.96906087120
  9020.44866900    0.96221591633
  9021.28945700    0.95620079135
  9022.15810600    0.95109798979
  9023.05461400    0.94602222450
  9023.97898300    0.94149144703
  9024.93121300    0.93779800599
  9025.91130300    0.93451079295
  9026.91925300    0.93403244779
  9027.95506400    0.93354801871
  9029.01873400    0.93429926636
  9030.11026600    0.93626525074
  9031.23272300    0.93914257345
  9032.36737300    0.94328311199
  9033.51421400    0.94888361934
  9034.67324800    0.95540522767
  9035.84447300    0.96242139064
  9037.02789000    0.97006251886
  9038.22349900    0.97806461918
  9039.43130000    0.98593579031
  9040.65129300    0.99330268301
  9041.88347800    1.00081031126
  9043.12785500    1.00756185951
  9044.38442300    1.01322076213
  9045.65318400    1.01793581958
  9046.93413600    1.02077081375
  9048.22728000    1.02245712631
  9049.53261700    1.02198201605
  9050.85014500    1.02166434900
  9052.17986500    1.02154751315
  9053.52177700    1.02098986020
  9054.87588100    1.02089715462
  9056.24217700    1.01975026837
  9057.62066400    1.01873542065
  9059.01134400    1.01763295118
  9060.41421500    1.01635062735
  9061.82927900    1.01508913902
  9063.25653400    1.01472108794
  9064.69598100    1.01300125635
  9066.14762000    1.01206230592
  9067.61145200    1.01231674621
  9069.08747500    1.01252098122
  9070.57568900    1.01250330250
  9072.07609600    1.01295108708
  9073.58869500    1.01270119464
  9075.11348500    1.01231227701
  9076.65046800    1.01203953941
  9078.19964200    1.01188401582
  9079.76100900    1.01176561705
  9081.33456700    1.01188701371
  9082.92031700    1.01061840761
  9084.51825900    1.00899167064
  9086.12839300    1.00736053233
  9087.75071900    1.00422885489
  9089.38523700    1.00162092983
  9091.03194600    0.99929543133
  9092.69084800    0.99640119138
  9094.36194200    0.99389717977
  9096.04522700    0.99139954580
  9097.74070400    0.98853494311
  9099.44837400    0.98601505308
  9101.16823500    0.98463694723
  9102.90028800    0.98309528480
  9104.64453300    0.98177597815
  9106.40097000    0.98142026648
  9108.16959800    0.98201046272
  9109.95041900    0.98304481409
  9111.74343200    0.98479856456
  9113.54863600    0.98681660024
  9115.36603200    0.98822575177
  9117.19562100    0.98920076843
  9119.03740100    0.99053412305
  9120.89137300    0.99151553128
  9122.75753700    0.99217951804
  9124.63589300    0.99364596425
  9126.52644100    0.99451396565
  9128.42918100    0.99559897756
  9130.34411200    0.99722221786
  9132.27123600    0.99796143131
  9134.21055200    0.99908066666
  9136.16205900    1.00024959886
  9138.12575800    1.00116909604
  9140.10164900    1.00185923129
  9142.08973300    1.00237061626
  9144.09000800    1.00281462244
  9146.10247500    1.00262808445
  9148.12713300    1.00307603393
  9150.16398400    1.00252899347
  9152.21302700    1.00248154430
  9154.27426100    1.00293602559
  9156.34768800    1.00286425588
  9158.43330600    1.00448230821
  9160.53111700    1.00466977497
  9162.64111900    1.00394096850
  9164.76331300    1.00376517631
  9166.89769900    1.00319993079
  9169.04427700    1.00259205532
  9171.20304700    1.00318982593
  9173.37400800    1.00305145963
  9175.55716200    1.00169259780
  9177.75250800    1.00183405462
  9179.96004500    1.00210677181
  9182.17977500    1.00201325296
  9184.41169600    1.00226550034
  9186.65580900    1.00273546637
  9188.91211400    1.00245342020
  9191.18061100    1.00152611971
  9193.46130000    1.00075028676
  9195.75418100    1.00002283125
  9198.05925400    0.99952801074
  9200.37651800    0.99908950284
  9202.70597500    0.99908597100
  9205.04762300    0.99891286194
  9207.40146400    0.99913372561
  9209.76749600    0.99970622474
  9212.14572000    0.99952827366
  9214.53613600    0.99971480445
  9216.93874400    0.99967242052
  9219.35354400    0.99993150312
  9221.78053600    1.00005891199
  9224.21972000    0.99983562151
  9226.67109600    0.99981598289
  9229.13466300    1.00000362446
  9231.61042300    1.00001991156
  9234.09837400    1.00024908597
  9236.59851700    1.00088294060
  9239.11085200    1.00137404480
  9241.63538000    1.00143308564
  9244.17209900    1.00146860154
  9246.72100900    1.00251603769
  9249.28211200    1.00195838843
  9251.85540700    1.00131450066
  9254.44089400    1.00098206618
  9257.03857200    1.00026061377
  9259.64844300    1.00044566905
  9262.27050500    1.00207909061
  9264.90475900    1.00341149468
  9267.55120500    1.00510788203
  9270.20984400    1.00652294079
  9272.88067400    1.00710200169
  9275.56369600    1.00729758505
  9278.25890900    1.00769718541
  9280.96631500    1.00837171895
  9283.68591300    1.00834090362
  9286.41770200    1.00702740030
  9289.16168400    1.00571226754
  9291.91785700    1.00564373063
  9294.68622200    1.00567138595
  9297.46678000    1.00427538002
  9300.25952900    1.00332821760
  9303.06447000    1.00328864084
  9305.88160200    1.00253006518
  9308.71092700    1.00154538014
  9311.55244400    1.00126195033
  9314.40615300    1.00069191760
  9317.27205300    1.00193797971
  9320.15014600    1.00204155222
  9323.04043000    1.00209681958
  9325.94290600    1.00247055572
  9328.85757400    1.00279326546
  9331.78443500    1.00335585816
  9334.72348700    1.00377865781
  9337.67473000    1.00417031007
  9340.63816600    1.00363849618
  9343.61379400    1.00224752525
  9346.60161400    1.00104755333
  9349.60162500    0.99987366247
  9352.61382900    1.00018748251
  9355.63822400    1.00178501293
  9358.67481100    1.00209186583
  9361.72359000    1.00241072235
  9364.78456100    1.00380879936
  9367.85772400    1.00428968363
  9370.94307900    1.00379319517
  9374.04062600    1.00267950083
  9377.15036500    1.00222433887
  9380.27229500    1.00231563559
  9383.40641800    1.00131524141
  9386.55273200    1.00056982361
  9389.71123900    0.99971212763
  9392.88193700    0.99864386210
  9396.06482700    0.99865125331
  9399.25990900    0.99885868061
  9402.46718300    1.00001083701
  9405.68664900    1.00049352750
  9408.91830700    0.99986493538
  9412.16215700    1.00053143850
  9415.41819800    1.00039411762
  9418.68643200    0.99917008609
  9421.96685700    0.99942663023
  9425.25947400    1.00048382461
  9428.56428400    1.00170968618
  9431.88128500    1.00212774451
  9435.21047800    1.00204358588
  9438.55186300    1.00151288364
  9441.90544000    1.00101494094
  9445.27120900    0.99990363607
  9448.64916900    0.99840769821
  9452.03932200    0.99720246786
  9455.44166600    0.99592982025
  9458.85620300    0.99467626933
  9462.28293100    0.99460909161
  9465.72185100    0.99329663659
  9469.17296400    0.99294193384
  9472.63626800    0.99446956021
  9476.11176400    0.99621531838
  9479.59945100    0.99735899403
  9483.09933100    0.99772927687
  9486.61140300    0.99790196408
  9490.13566600    0.99865776849
  9493.67212200    0.99879518002
  9497.22076900    0.99916124017
  9500.78160900    0.99863981239
  9504.35464000    0.99767596861
  9507.93986300    0.99865100545
  9511.53727800    0.99779400354
  9515.14688500    0.99652601457
  9518.76868400    0.99683982619
  9522.40267500    0.99692536885
  9526.04885700    0.99686906950
  9529.70723200    0.99657869457
  9533.37779900    0.99660797046
  9537.06055700    0.99665185638
  9540.75550700    0.99576032744
  9544.46265000    0.99468905333
  9548.18198400    0.99456019654
  9551.91351000    0.99460203450
  9555.65722800    0.99593474297
  9559.41313800    0.99718890436
  9563.18123900    0.99718359753
  9566.96153300    0.99826882665
  9570.75401900    0.99891325687
  9574.55869600    0.99895989350
  9578.37556500    0.99853875112
  9582.20462700    0.99781793184
  9586.04588000    0.99765583045
  9589.89932500    0.99723008634
  9593.76496200    0.99657019916
  9597.64279100    0.99577199797
  9601.53281200    0.99528039209
  9605.43502500    0.99471961645
  9609.34942900    0.99424754799
  9613.27602600    0.99358560862
  9617.21481400    0.99294486313
  9621.16579500    0.99222996467
  9625.12896700    0.99307195694
  9629.10433100    0.99405893130
  9633.09188800    0.99442493064
  9637.09163600    0.99493892987
  9641.10357500    0.99623294950
  9645.12770700    0.99695383023
  9649.16403100    0.99644724252
  9653.21254700    0.99657503379
  9657.27325400    0.99770516164
  9661.34615400    0.99891529191
  9665.43124500    0.99995532183
  9669.52852900    1.00110582280
  9673.63800400    1.00213637852
  9677.75967100    1.00335250320
  9681.89353000    1.00545575255
  9686.03958100    1.00672770649
  9690.19782400    1.00762327542
  9694.36825800    1.00831658216
  9698.55088500    1.00875481025
  9702.74570400    1.00844869919
  9706.95271400    1.00718089262
  9711.17191600    1.00650014578
  9715.40331100    1.00535757393
  9719.64689700    1.00422542987
  9723.90267500    1.00294411135
  9728.17064500    1.00236284766
  9732.45080700    1.00203762553
  9736.74316100    1.00137894089
  9741.04770700    1.00140511700
  9745.36444400    1.00140052609
  9749.69337400    1.00042555513
  9754.03449500    1.00093852621
  9758.38780900    1.00052890872
  9762.75331400    0.99992697116
  9767.13101100    1.00169673968
  9771.52090000    1.00214920037
  9775.92298100    1.00293574023
  9780.33725400    1.00405359271
  9784.76371900    1.00485763262
  9789.20237600    1.00616409518
  9793.65322400    1.00604313989
  9798.11626500    1.00577270117
  9802.59149700    1.00468757834
  9807.07892200    1.00325322402
  9811.57853800    1.00252784685
  9816.09034600    1.00109449806
  9820.61434600    1.00117322920
  9825.15053800    1.00209154722
  9829.69892200    1.00217171904
  9834.25949800    1.00197436096
  9838.83226600    1.00179505866
  9843.41722600    1.00055865015
  9848.01437700    1.00049561922
  9852.62372100    0.99967627947
  9857.24525600    0.99911240386
  9861.87898300    0.99899606187
  9866.52490200    0.99881358357
  9871.18301300    0.99846835060
  9875.85331600    0.99771923500
  9880.53581100    0.99764197131
  9885.23049800    0.99893166583
  9889.93737700    1.00033830724
  9894.65644800    1.00043453422
  9899.38771000    0.99949210554
  9904.13116500    0.99910226100
  9908.88681100    0.99895086890
  9913.65464900    0.99776058200
  9918.43467900    0.99690224350
  9923.22690100    0.99549255514
  9928.03131500    0.99335261690
  9932.84792100    0.99340884646
  9937.67671900    0.99268961255
