#---------------------------------
#  energy flat
  10182.0000000    0.00502931775
  10187.0000000    0.00433617771
  10192.0000000    0.00403177981
  10197.0000000    0.00367950471
  10202.0000000    0.00316525371
  10207.0000000    0.00269146415
  10212.0000000    0.00215509596
  10217.0000000    0.00163082717
  10222.0000000    0.00113283880
  10227.0000000    0.00064473813
  10232.0000000    0.00048943612
  10237.0000000    0.00052147973
  10242.0000000    0.00023542610
  10247.0000000   -0.00030731705
  10252.0000000   -0.00074610940
  10257.0000000   -0.00092339849
  10262.0000000   -0.00085856940
  10267.0000000   -0.00095792792
  10272.0000000   -0.00063940163
  10277.0000000   -0.00044030818
  10282.0000000   -0.00022313067
  10287.0000000   -0.00003288409
  10292.0000000    0.00001568237
  10297.0000000    0.00013125090
  10302.0000000    0.00007963950
  10307.0000000    0.00022851392
  10312.0000000    0.00051841796
  10317.0000000    0.00113162329
  10322.0000000    0.00210390772
  10327.0000000    0.00356589278
  10332.0000000    0.00480761664
  10337.0000000    0.00612610016
  10341.0000000    0.00750364184
  10344.0000000    0.00908010039
  10346.0000000    0.01045697607
  10347.0000000    0.01162255979
  10347.2000000    0.01252028511
  10347.4000000    0.01282032587
  10347.6000000    0.01284038901
  10347.8000000    0.01294605869
  10348.0000000    0.01306812111
  10348.2000000    0.01331403981
  10348.4000000    0.01352157867
  10348.6000000    0.01380952002
  10348.8000000    0.01397711784
  10349.0000000    0.01416266961
  10349.2000000    0.01458084219
  10349.4000000    0.01498002001
  10349.6000000    0.01534615214
  10349.8000000    0.01559753508
  10350.0000000    0.01589991766
  10350.2000000    0.01608130619
  10350.4000000    0.01628650324
  10350.6000000    0.01649638392
  10350.8000000    0.01683805704
  10351.0000000    0.01712352647
  10351.2000000    0.01746337817
  10351.4000000    0.01778696724
  10351.6000000    0.01805096999
  10351.8000000    0.01844494376
  10352.0000000    0.01873002289
  10352.2000000    0.01901900505
  10352.4000000    0.01930733671
  10352.6000000    0.01952827599
  10352.8000000    0.01965814448
  10353.0000000    0.01999019012
  10353.2000000    0.02041382694
  10353.4000000    0.02073494409
  10353.6000000    0.02117081042
  10353.8000000    0.02135363007
  10354.0000000    0.02159187279
  10354.2000000    0.02197439766
  10354.4000000    0.02218805128
  10354.6000000    0.02273684539
  10354.8000000    0.02318442082
  10355.0000000    0.02373581695
  10355.2000000    0.02433456989
  10355.4000000    0.02488635632
  10355.6000000    0.02539000534
  10355.8000000    0.02578723164
  10356.0000000    0.02625887578
  10356.2000000    0.02660106931
  10356.4000000    0.02705228757
  10356.6000000    0.02763191565
  10356.8000000    0.02824159708
  10357.0000000    0.02869151433
  10357.2000000    0.02931758851
  10357.4000000    0.03002445548
  10357.6000000    0.03062086660
  10357.8000000    0.03138380716
  10358.0000000    0.03216183944
  10358.2000000    0.03310588076
  10358.4000000    0.03357726470
  10358.6000000    0.03423469325
  10358.8000000    0.03509651066
  10359.0000000    0.03581313522
  10359.2000000    0.03662668511
  10359.4000000    0.03773452374
  10359.6000000    0.03835721529
  10359.8000000    0.03930411884
  10360.0000000    0.04029369555
  10360.2000000    0.04149377588
  10360.4000000    0.04257988763
  10360.6000000    0.04371960104
  10360.8000000    0.04491799005
  10361.0000000    0.04611494796
  10361.2000000    0.04751551412
  10361.4000000    0.04884725679
  10361.6000000    0.05025328720
  10361.8000000    0.05181114562
  10362.0000000    0.05325165282
  10362.2000000    0.05483605187
  10362.4000000    0.05656876620
  10362.6000000    0.05820845823
  10362.8000000    0.06012227332
  10363.0000000    0.06210894504
  10363.2000000    0.06423170254
  10363.4000000    0.06640311786
  10363.6000000    0.06872623109
  10363.8000000    0.07133023264
  10364.0000000    0.07371540410
  10364.2000000    0.07633501779
  10364.4000000    0.07906287561
  10364.6000000    0.08206641771
  10364.8000000    0.08522165773
  10365.0000000    0.08885384846
  10365.2000000    0.09258790836
  10365.4000000    0.09655849212
  10365.6000000    0.10084040786
  10365.8000000    0.10537992382
  10366.0000000    0.11036412542
  10366.2000000    0.11564092445
  10366.4000000    0.12134341436
  10366.6000000    0.12758035968
  10366.8000000    0.13460051376
  10367.0000000    0.14245435584
  10367.2000000    0.15148105954
  10367.4000000    0.16145112650
  10367.6000000    0.17247904568
  10367.8000000    0.18484544522
  10368.0000000    0.19856060311
  10368.2000000    0.21442099842
  10368.4000000    0.23224826251
  10368.6000000    0.25257047584
  10368.8000000    0.27518116793
  10369.0000000    0.30039570390
  10369.2000000    0.32802426622
  10369.4000000    0.35858088442
  10369.6000000    0.39234917894
  10369.8000000    0.42934255021
  10370.0000000    0.46925695191
  10370.2000000    0.51290382472
  10370.4000000    0.55967403521
  10370.6000000    0.61033036625
  10370.8000000    0.66517972639
  10371.0000000    0.72469425261
  10371.2000000    0.78896605650
  10371.4000000    0.86134862463
  10371.6000000    0.94547750277
  10371.8000000    1.03361895975
  10372.0000000    1.09944365065
  10372.2000000    1.18189370390
  10372.4000000    1.28009770217
  10372.6000000    1.37747607870
  10372.8000000    1.47411191505
  10373.0000000    1.56884162669
  10373.2000000    1.65954040170
  10373.4000000    1.73995792134
  10373.6000000    1.81235690398
  10373.8000000    1.87633403560
  10374.0000000    1.93164836832
  10374.2000000    1.97886974474
  10374.4000000    2.01832732017
  10374.6000000    2.05191952971
  10374.8000000    2.08087791008
  10375.0000000    2.10570335012
  10375.2000000    2.12713664523
  10375.4000000    2.14557668487
  10375.6000000    2.16175958087
  10375.8000000    2.17583833143
  10376.0000000    2.18752827499
  10376.2000000    2.19735137675
  10376.4000000    2.20462798792
  10376.6000000    2.20817210620
  10376.8000000    2.20778181419
  10377.0000000    2.20345971339
  10377.2000000    2.19439449280
  10377.4000000    2.18019923105
  10377.6000000    2.16113256877
  10377.8000000    2.13754707963
  10378.0000000    2.11050178615
  10378.2000000    2.07995869823
  10378.4000000    2.04627325195
  10378.6000000    2.01079433516
  10378.8000000    1.97400644373
  10379.0000000    1.93588511856
  10379.2000000    1.89700176309
  10379.4000000    1.85713884777
  10379.6000000    1.81637000933
  10379.8000000    1.77427502069
  10380.0000000    1.73155148370
  10380.2000000    1.68834381003
  10380.4000000    1.64480135528
  10380.6000000    1.60122595361
  10380.8000000    1.55797694381
  10381.0000000    1.51497054034
  10381.2000000    1.47267562723
  10381.4000000    1.43101050026
  10381.6000000    1.39031238124
  10381.8000000    1.35111936801
  10382.0000000    1.31389201789
  10382.2000000    1.27864724371
  10382.4000000    1.24507384293
  10382.6000000    1.21369586258
  10382.8000000    1.18444929237
  10383.0000000    1.15770231792
  10383.2000000    1.13314295636
  10383.4000000    1.11072593202
  10383.6000000    1.09142205890
  10383.8000000    1.07461491755
  10384.0000000    1.05831135828
  10384.2000000    1.03985471547
  10384.4000000    1.02903119541
  10384.6000000    1.01950721456
  10384.8000000    1.01072984274
  10385.0000000    1.00322286657
  10385.2000000    0.99670943043
  10385.4000000    0.99084658730
  10385.6000000    0.98542513400
  10385.8000000    0.98071776208
  10386.0000000    0.97681736323
  10386.2000000    0.97347908677
  10386.4000000    0.97092540504
  10386.6000000    0.96945372875
  10386.8000000    0.96749581854
  10387.0000000    0.96626239491
  10387.2000000    0.96639251428
  10387.4000000    0.96743030164
  10387.6000000    0.96959484685
  10387.8000000    0.97212870073
  10388.0000000    0.97540863572
  10388.2000000    0.97922883125
  10388.4000000    0.98312222402
  10388.6000000    0.98741458652
  10388.8000000    0.99130137309
  10389.0000000    0.99571176537
  10389.2000000    0.99991173253
  10389.4000000    1.00427882744
  10389.6000000    1.00905373667
  10389.8000000    1.01398328304
  10390.0000000    1.01937866786
  10390.2000000    1.02533798718
  10390.4000000    1.03095157306
  10390.6000000    1.03472300233
  10390.8000000    1.04046111473
  10391.0000000    1.04628308642
  10391.2000000    1.05164249220
  10391.4000000    1.05653646945
  10391.6000000    1.06126060734
  10391.8000000    1.06554871863
  10392.0000000    1.06957175556
  10392.2000000    1.07327247337
  10392.4000000    1.07671514128
  10392.6000000    1.07992005489
  10392.8000000    1.08180034884
  10393.0000000    1.08314677722
  10393.2000000    1.08425050587
  10393.4000000    1.08527442103
  10393.6000000    1.08612563003
  10393.8000000    1.08695192719
  10394.0000000    1.08792946897
  10394.2000000    1.08889198581
  10394.4000000    1.08950225493
  10394.6000000    1.08934551362
  10394.8000000    1.08896922690
  10395.0000000    1.08807390149
  10395.2000000    1.08668946033
  10395.4000000    1.08484140251
  10395.6000000    1.08266503295
  10395.8000000    1.07984732782
  10396.0000000    1.07628836902
  10396.2000000    1.07210030321
  10396.4000000    1.06763544370
  10396.6000000    1.06255604768
  10396.8000000    1.05623606795
  10397.0000000    1.04883969169
  10397.2278600    1.04062499090
  10397.4835810    1.03144730543
  10397.7671620    1.01930390973
  10398.0786040    1.00224284519
  10398.4179050    0.98752049140
  10398.7850670    0.97161046876
  10399.1800900    0.95445701281
  10399.6029730    0.93558390723
  10400.0537160    0.91598718905
  10400.5323190    0.89603271730
  10401.0387830    0.87649645810
  10401.5731070    0.85736391959
  10402.1352920    0.84112638265
  10402.7253370    0.82844516168
  10403.3432420    0.82028004992
  10403.9890080    0.81691200022
  10404.6626340    0.81848799532
  10405.3641200    0.82347413769
  10406.0934670    0.83135810937
  10406.8506740    0.84186545029
  10407.6357410    0.85297290578
  10408.4486690    0.86481666388
  10409.2894570    0.87858780406
  10410.1581060    0.89395394211
  10411.0546140    0.91588148540
  10411.9789830    0.94380027254
  10412.9312130    0.96982458509
  10413.9113030    0.99134745357
  10414.9192530    1.02365629767
  10415.9550640    1.05414773847
  10417.0187340    1.08206179135
  10418.1102660    1.10631140640
  10419.2327230    1.12561071488
  10420.3673730    1.14128606774
  10421.5142140    1.15427570571
  10422.6732480    1.16409845711
  10423.8444730    1.17110971086
  10425.0278900    1.17549545755
  10426.2234990    1.17814605801
  10427.4313000    1.17887593693
  10428.6512930    1.17794472539
  10429.8834780    1.17466309670
  10431.1278550    1.16888788868
  10432.3844230    1.16124171620
  10433.6531840    1.15134879127
  10434.9341360    1.14013382494
  10436.2272800    1.12872343802
  10437.5326170    1.11752192904
  10438.8501450    1.10648163116
  10440.1798650    1.09606148340
  10441.5217770    1.08645059621
  10442.8758810    1.07682823404
  10444.2421770    1.06808162729
  10445.6206640    1.06055262303
  10447.0113440    1.05363384262
  10448.4142150    1.04669735791
  10449.8292790    1.03962860983
  10451.2565340    1.03220870400
  10452.6959810    1.02443626687
  10454.1476200    1.01683969684
  10455.6114520    1.00964685372
  10457.0874750    1.00331848194
  10458.5756890    0.99854013380
  10460.0760960    0.99475254769
  10461.5886950    0.99121484338
  10463.1134850    0.98753793089
  10464.6504680    0.98412398678
  10466.1996420    0.98085036340
  10467.7610090    0.97844786561
  10469.3345670    0.97696271009
  10470.9203170    0.97668569411
  10472.5182590    0.97711607778
  10474.1283930    0.97826311380
  10475.7507190    0.97974054302
  10477.3852370    0.98094405251
  10479.0319460    0.98221256007
  10480.6908480    0.98352875675
  10482.3619420    0.98470620280
  10484.0452270    0.98501280913
  10485.7407040    0.98533311553
  10487.4483740    0.98557017346
  10489.1682350    0.98572070719
  10490.9002880    0.98660497063
  10492.6445330    0.98837475485
  10494.4009700    0.99111939624
  10496.1695980    0.99514081277
  10497.9504190    1.00053014815
  10499.7434320    1.00685501757
  10501.5486360    1.01390029942
  10503.3660320    1.02048655321
  10505.1956210    1.02563260643
  10507.0374010    1.02961900525
  10508.8913730    1.03203935115
  10510.7575370    1.03335189230
  10512.6358930    1.03412727792
  10514.5264410    1.03497544040
  10516.4291810    1.03561225080
  10518.3441120    1.03588549670
  10520.2712360    1.03539237992
  10522.2105520    1.03307386889
  10524.1620590    1.02878267326
  10526.1257580    1.02306050811
  10528.1016490    1.01605331477
  10530.0897330    1.00826428320
  10532.0900080    0.99970299587
  10534.1024750    0.99176121778
  10536.1271330    0.98418544942
  10538.1639840    0.97725195174
  10540.2130270    0.97230927433
  10542.2742610    0.96825459337
  10544.3476880    0.96544350626
  10546.4333060    0.96339323556
  10548.5311170    0.96208519105
  10550.6411190    0.96213385084
  10552.7633130    0.96277669027
  10554.8976990    0.96334589107
  10557.0442770    0.96452563665
  10559.2030470    0.96687468406
  10561.3740080    0.96961746528
  10563.5571620    0.97238509620
  10565.7525080    0.97535250919
  10567.9600450    0.97829859964
  10570.1797750    0.98094942964
  10572.4116960    0.98304900962
  10574.6558090    0.98413343616
  10576.9121140    0.98535673475
  10579.1806110    0.98716803365
  10581.4613000    0.98825306057
  10583.7541810    0.98851241802
  10586.0592540    0.98852816842
  10588.3765180    0.98771457753
  10590.7059750    0.98607603743
  10593.0476230    0.98433925512
  10595.4014640    0.98158280332
  10597.7674960    0.97821540210
  10600.1457200    0.97432701104
  10602.5361360    0.97034662414
  10604.9387440    0.96738495548
  10607.3535440    0.96562144479
  10609.7805360    0.96529823062
  10612.2197200    0.96685207285
  10614.6710960    0.96962400916
  10617.1346630    0.97247369389
  10619.6104230    0.97506271205
  10622.0983740    0.97781165160
  10624.5985170    0.98005448345
  10627.1108520    0.98189406661
  10629.6353800    0.98369579320
  10632.1720990    0.98559320706
  10634.7210090    0.98736960821
  10637.2821120    0.98871773483
  10639.8554070    0.98990198098
  10642.4408940    0.99093979829
  10645.0385720    0.99277963227
  10647.6484430    0.99402367284
  10650.2705050    0.99442289539
  10652.9047590    0.99489318854
  10655.5512050    0.99490266628
  10658.2098440    0.99397329414
  10660.8806740    0.99187552220
  10663.5636960    0.98971774922
  10666.2589090    0.98642969145
  10668.9663150    0.98288476483
  10671.6859130    0.97916223951
  10674.4177020    0.97595259156
  10677.1616840    0.97373864391
  10679.9178570    0.97220855486
  10682.6862220    0.97133825496
  10685.4667800    0.97184576248
  10688.2595290    0.97349232413
  10691.0644700    0.97615366472
  10693.8816020    0.97911614323
  10696.7109270    0.98231687364
  10699.5524440    0.98496699813
  10702.4061530    0.98703431800
  10705.2720530    0.98921050892
  10708.1501460    0.99071423134
  10711.0404300    0.99281947700
  10713.9429060    0.99541282931
  10716.8575740    0.99770459840
  10719.7844350    0.99973122802
  10722.7234870    1.00192960644
  10725.6747300    1.00367316684
  10728.6381660    1.00531941858
  10731.6137940    1.00657535957
  10734.6016140    1.00742405402
  10737.6016250    1.00749910846
  10740.6138290    1.00656448180
  10743.6382240    1.00572911384
  10746.6748110    1.00469918583
  10749.7235900    1.00309240428
  10752.7845610    1.00119727102
  10755.8577240    1.00024577506
  10758.9430790    0.99963417280
  10762.0406260    0.99879592383
  10765.1503650    0.99872933877
  10768.2722950    1.00028753063
  10771.4064180    1.00218656505
  10774.5527320    1.00359655769
  10777.7112390    1.00485098219
  10780.8819370    1.00636865614
  10784.0648270    1.00755386320
  10787.2599090    1.00847335866
  10790.4671830    1.01017745896
  10793.6866490    1.01137465711
  10796.9183070    1.01139272462
  10800.1621570    1.01199180101
  10803.4181980    1.01323030100
  10806.6864320    1.01492725037
  10809.9668570    1.01485102063
  10813.2594740    1.01529437743
  10816.5642840    1.01681037322
  10819.8812850    1.01763105684
  10823.2104780    1.01792125773
  10826.5518630    1.01847887788
  10829.9054400    1.01857078932
  10833.2712090    1.01818202310
  10836.6491690    1.01760543096
  10840.0393220    1.01602566324
  10843.4416660    1.01507119341
  10846.8562030    1.01449912055
  10850.2829310    1.01419977177
  10853.7218510    1.01404318001
  10857.1729640    1.01310576439
  10860.6362680    1.01250835867
  10864.1117640    1.01219256245
  10867.5994510    1.01179814646
  10871.0993310    1.01187897525
  10874.6114030    1.01163352726
  10878.1356660    1.01221076240
  10881.6721220    1.01293797000
  10885.2207690    1.01328373787
  10888.7816090    1.01353031137
  10892.3546400    1.01335913939
  10895.9398630    1.01264058382
  10899.5372780    1.01219345329
  10903.1468850    1.01284827507
  10906.7686840    1.01359179277
  10910.4026750    1.01383332936
  10914.0488570    1.01432928601
  10917.7072320    1.01437399724
  10921.3777990    1.01456204214
  10925.0605570    1.01433895929
  10928.7555070    1.01386533489
  10932.4626500    1.01294789387
  10936.1819840    1.01187787402
  10939.9135100    1.01098217405
  10943.6572280    1.00990988168
  10947.4131380    1.00831894814
  10951.1812390    1.00724225030
  10954.9615330    1.00670751964
  10958.7540190    1.00630016380
  10962.5586960    1.00630607368
  10966.3755650    1.00546139362
  10970.2046270    1.00462241573
  10974.0458800    1.00445342637
  10977.8993250    1.00451963647
  10981.7649620    1.00395694635
  10985.6427910    1.00304851094
  10989.5328120    1.00244153182
  10993.4350250    1.00234869718
  10997.3494290    1.00213654333
  11001.2760260    1.00179663611
  11005.2148140    1.00186855700
  11009.1657950    1.00159090056
  11013.1289670    1.00124232102
  11017.1043310    1.00121390697
  11021.0918880    1.00092153840
  11025.0916360    1.00029190574
  11029.1035750    0.99997769339
  11033.1277070    0.99985829549
  11037.1640310    0.99904502475
  11041.2125470    0.99787061659
  11045.2732540    0.99739068400
  11049.3461540    0.99693963526
  11053.4312450    0.99629009986
  11057.5285290    0.99587851680
  11061.6380040    0.99565036604
  11065.7596710    0.99531568106
  11069.8935300    0.99429102880
  11074.0395810    0.99416232358
  11078.1978240    0.99381176072
  11082.3682580    0.99303749148
  11086.5508850    0.99228769432
  11090.7457040    0.99189454529
  11094.9527140    0.99198678902
  11099.1719160    0.99197817970
  11103.4033110    0.99201238743
  11107.6468970    0.99179989779
  11111.9026750    0.99111785610
  11116.1706450    0.99080976889
  11120.4508070    0.99077622266
  11124.7431610    0.99079686387
  11129.0477070    0.99069718926
  11133.3644440    0.99047578759
  11137.6933740    0.99053279369
  11142.0344950    0.99027729450
  11146.3878090    0.99034346488
  11150.7533140    0.99018969049
  11155.1310110    0.98995692643
  11159.5209000    0.98940343456
  11163.9229810    0.99079458993
  11168.3372540    0.98957671265
  11172.7637190    0.98794245376
  11177.2023760    0.98875533385
  11181.6532240    0.98795001806
  11186.1162650    0.98794105619
  11190.5914970    0.98826627789
  11195.0789220    0.98846358238
  11199.5785380    0.98858614785
  11204.0903460    0.98933981299
  11208.6143460    0.98998429076
  11213.1505380    0.99111785341
  11217.6989220    0.99254263441
  11222.2594980    0.99380637120
  11226.8322660    0.99470980078
  11231.4172260    0.99528272273
  11236.0143770    0.99518189337
  11240.6237210    0.99451638521
  11245.2452560    0.99471875202
  11249.8789830    0.99570569690
  11254.5249020    0.99702504914
  11259.1830130    0.99830071024
  11263.8533160    0.99999869137
  11268.5358110    1.00191507948
  11273.2304980    1.00389757965
  11277.9373770    1.00551245778
  11282.6564480    1.00680797589
  11287.3877100    1.00736543646
  11292.1311650    1.00900684577
  11296.8868110    1.01077848212
  11301.6546490    1.01272824757
  11306.4346790    1.01559863456
  11311.2269010    1.01913150893
  11316.0313150    1.02155161027
  11320.8479210    1.02501362739
  11325.6767190    1.02771729160
