#---------------------------------
#  energy flat
  8794.00000000    0.00456708381
  8799.00000000    0.00380008457
  8804.00000000    0.00247580341
  8809.00000000    0.00081427755
  8814.00000000   -0.00085760031
  8819.00000000   -0.00187074677
  8824.00000000   -0.00231901986
  8829.00000000   -0.00220874578
  8834.00000000   -0.00222338567
  8839.00000000   -0.00156928725
  8844.00000000   -0.00113235049
  8849.00000000   -0.00011800296
  8854.00000000    0.00115111846
  8859.00000000    0.00158218909
  8864.00000000    0.00153511298
  8869.00000000    0.00127996195
  8874.00000000    0.00113638232
  8879.00000000    0.00158539639
  8884.00000000    0.00232564634
  8889.00000000    0.00183734557
  8894.00000000    0.00166443532
  8899.00000000    0.00067394820
  8904.00000000   -0.00030227618
  8909.00000000   -0.00128045594
  8914.00000000   -0.00186549026
  8919.00000000   -0.00230628691
  8924.00000000   -0.00176525519
  8929.00000000   -0.00039514439
  8934.00000000    0.00135868002
  8939.00000000    0.00251945065
  8944.00000000    0.00337127201
  8949.00000000    0.00373620495
  8953.00000000    0.00524658007
  8956.00000000    0.00643103508
  8958.00000000    0.00752904591
  8959.00000000    0.00872476291
  8959.20000000    0.00932834223
  8959.40000000    0.00948368055
  8959.60000000    0.00951939592
  8959.80000000    0.00966610759
  8960.00000000    0.00968963062
  8960.20000000    0.00972787647
  8960.40000000    0.00965696639
  8960.60000000    0.00980390810
  8960.80000000    0.00973805898
  8961.00000000    0.00971235256
  8961.20000000    0.00980235835
  8961.40000000    0.00995689151
  8961.60000000    0.00994050189
  8961.80000000    0.00998254347
  8962.00000000    0.00989127448
  8962.20000000    0.01004005654
  8962.40000000    0.01031444270
  8962.60000000    0.01053545862
  8962.80000000    0.01092222134
  8963.00000000    0.01115186392
  8963.20000000    0.01126004319
  8963.40000000    0.01150843437
  8963.60000000    0.01174256281
  8963.80000000    0.01201257813
  8964.00000000    0.01232986752
  8964.20000000    0.01237259924
  8964.40000000    0.01261224873
  8964.60000000    0.01302155578
  8964.80000000    0.01304726423
  8965.00000000    0.01325942345
  8965.20000000    0.01348216471
  8965.40000000    0.01357010009
  8965.60000000    0.01409097855
  8965.80000000    0.01437916736
  8966.00000000    0.01458051451
  8966.20000000    0.01503537029
  8966.40000000    0.01552829839
  8966.60000000    0.01607517183
  8966.80000000    0.01669059842
  8967.00000000    0.01699707574
  8967.20000000    0.01738038780
  8967.40000000    0.01760059857
  8967.60000000    0.01836762425
  8967.80000000    0.01840425980
  8968.00000000    0.01855166159
  8968.20000000    0.01857495458
  8968.40000000    0.01874168009
  8968.60000000    0.01883582667
  8968.80000000    0.01928458628
  8969.00000000    0.01964489393
  8969.20000000    0.01994631028
  8969.40000000    0.02014167628
  8969.60000000    0.02038857217
  8969.80000000    0.02096086548
  8970.00000000    0.02133911657
  8970.20000000    0.02170839594
  8970.40000000    0.02243010293
  8970.60000000    0.02310982686
  8970.80000000    0.02377022708
  8971.00000000    0.02416860703
  8971.20000000    0.02505215007
  8971.40000000    0.02551954326
  8971.60000000    0.02649107818
  8971.80000000    0.02689382897
  8972.00000000    0.02746071625
  8972.20000000    0.02822486638
  8972.40000000    0.02890113965
  8972.60000000    0.03011203550
  8972.80000000    0.03081499389
  8973.00000000    0.03171636534
  8973.20000000    0.03277738743
  8973.40000000    0.03356166642
  8973.60000000    0.03433363805
  8973.80000000    0.03542169033
  8974.00000000    0.03620918994
  8974.20000000    0.03782783901
  8974.40000000    0.03936896322
  8974.60000000    0.04124204111
  8974.80000000    0.04314686509
  8975.00000000    0.04513738052
  8975.20000000    0.04681319556
  8975.40000000    0.04935386154
  8975.60000000    0.05122670939
  8975.80000000    0.05377531189
  8976.00000000    0.05661158458
  8976.20000000    0.05974541937
  8976.40000000    0.06325296086
  8976.60000000    0.06726625438
  8976.80000000    0.07212461504
  8977.00000000    0.07757303891
  8977.20000000    0.08408541691
  8977.40000000    0.09156098972
  8977.60000000    0.10070714305
  8977.80000000    0.11128923189
  8978.00000000    0.12373628854
  8978.20000000    0.13844272369
  8978.40000000    0.15602068478
  8978.60000000    0.17671263833
  8978.80000000    0.20063050081
  8979.00000000    0.22939159754
  8979.20000000    0.26271021368
  8979.40000000    0.30121160922
  8979.60000000    0.34627432363
  8979.80000000    0.39665853404
  8980.00000000    0.45265076043
  8980.20000000    0.51075950790
  8980.40000000    0.57043293208
  8980.60000000    0.62755948140
  8980.80000000    0.67809751031
  8981.00000000    0.71891255225
  8981.20000000    0.74679411112
  8981.40000000    0.75972193912
  8981.60000000    0.75628218490
  8981.80000000    0.73989387927
  8982.00000000    0.71242187489
  8982.20000000    0.67813935649
  8982.40000000    0.64066307784
  8982.60000000    0.60434777432
  8982.80000000    0.57228328361
  8983.00000000    0.54551964202
  8983.20000000    0.52512517440
  8983.40000000    0.51140698952
  8983.60000000    0.50528238824
  8983.80000000    0.50373353639
  8984.00000000    0.50714897838
  8984.20000000    0.51402123485
  8984.40000000    0.52311531369
  8984.60000000    0.53402530188
  8984.80000000    0.54546847317
  8985.00000000    0.55758549941
  8985.20000000    0.56890122243
  8985.40000000    0.57955677416
  8985.60000000    0.58967718344
  8985.80000000    0.59934492096
  8986.00000000    0.60847694066
  8986.20000000    0.61746454743
  8986.40000000    0.62724172037
  8986.60000000    0.63799801567
  8986.80000000    0.65006918263
  8987.00000000    0.66388873929
  8987.20000000    0.67877046383
  8987.40000000    0.69489988668
  8987.60000000    0.71264772387
  8987.80000000    0.73228669256
  8988.00000000    0.75359491506
  8988.20000000    0.77585407837
  8988.40000000    0.79836956411
  8988.60000000    0.82096113254
  8988.80000000    0.84320757271
  8989.00000000    0.86553492621
  8989.20000000    0.88857144345
  8989.40000000    0.90975558281
  8989.60000000    0.93033832417
  8989.80000000    0.94999530515
  8990.00000000    0.96916268932
  8990.20000000    0.98828423164
  8990.40000000    1.00715151200
  8990.60000000    1.02546616301
  8990.80000000    1.04083135467
  8991.00000000    1.05412401508
  8991.20000000    1.06494248703
  8991.40000000    1.07184531384
  8991.60000000    1.07780650595
  8991.80000000    1.08024335769
  8992.00000000    1.08118646854
  8992.20000000    1.08012145965
  8992.40000000    1.07802716867
  8992.60000000    1.07488887267
  8992.80000000    1.07122095018
  8993.00000000    1.06761162391
  8993.20000000    1.06431785303
  8993.40000000    1.06118113698
  8993.60000000    1.05984491095
  8993.80000000    1.05963836608
  8994.00000000    1.06217986275
  8994.20000000    1.06724625800
  8994.40000000    1.07453849430
  8994.60000000    1.08311569099
  8994.80000000    1.09049268114
  8995.00000000    1.10265567311
  8995.20000000    1.11691545083
  8995.40000000    1.13173048837
  8995.60000000    1.14624226089
  8995.80000000    1.16072682121
  8996.00000000    1.17435117937
  8996.20000000    1.18558692196
  8996.40000000    1.19498799516
  8996.60000000    1.20280606709
  8996.80000000    1.20806114959
  8997.00000000    1.21159175341
  8997.20000000    1.21459341778
  8997.40000000    1.21415631427
  8997.60000000    1.21117370414
  8997.80000000    1.20623265986
  8998.00000000    1.19837895824
  8998.20000000    1.18787047858
  8998.40000000    1.17624874654
  8998.60000000    1.16379234543
  8998.80000000    1.14995676061
  8999.00000000    1.13568862360
  8999.20000000    1.12140431411
  8999.40000000    1.10777349051
  8999.60000000    1.09600319424
  8999.80000000    1.08479758653
  9000.00000000    1.07057488003
  9000.20000000    1.06089501509
  9000.40000000    1.05372026059
  9000.60000000    1.04730343118
  9000.80000000    1.04261876365
  9001.00000000    1.03853122006
  9001.20000000    1.03552619342
  9001.40000000    1.03290043867
  9001.60000000    1.03099649137
  9001.80000000    1.02897676069
  9002.00000000    1.02741750706
  9002.20000000    1.02675121331
  9002.40000000    1.02505079957
  9002.60000000    1.02432777163
  9002.80000000    1.02333667041
  9003.00000000    1.02294131148
  9003.20000000    1.02067539152
  9003.40000000    1.01885384456
  9003.60000000    1.01652428772
  9003.80000000    1.01483579131
  9004.00000000    1.01392845211
  9004.20000000    1.01255681098
  9004.40000000    1.01181334741
  9004.60000000    1.01036610573
  9004.80000000    1.00917690029
  9005.00000000    1.00732394413
  9005.20000000    1.00542789619
  9005.40000000    1.00200566178
  9005.60000000    0.99824771915
  9005.80000000    0.99483016792
  9006.00000000    0.99312062032
  9006.20000000    0.99229505811
  9006.40000000    0.99202290775
  9006.60000000    0.99174309142
  9006.80000000    0.98973073808
  9007.00000000    0.98815079295
  9007.20000000    0.98594298246
  9007.40000000    0.98430376602
  9007.60000000    0.98239417255
  9007.80000000    0.98027608376
  9008.00000000    0.97822164174
  9008.20000000    0.97587105733
  9008.40000000    0.97414933786
  9008.60000000    0.97323246697
  9008.80000000    0.97109904666
  9009.00000000    0.97017765277
  9009.22786000    0.96784479481
  9009.48358100    0.96589258752
  9009.76716200    0.96488633314
  9010.07860400    0.96413621770
  9010.41790500    0.96579601765
  9010.78506700    0.96760059205
  9011.18009000    0.97135797401
  9011.60297300    0.97783594761
  9012.05371600    0.98794907142
  9012.53231900    1.00281573144
  9013.03878300    1.02315243273
  9013.57310700    1.04343528521
  9014.13529200    1.05658231388
  9014.72533700    1.07619482402
  9015.34324200    1.09087200971
  9015.98900800    1.09682454113
  9016.66263400    1.09517822300
  9017.36412000    1.08724612150
  9018.09346700    1.07363599273
  9018.85067400    1.05631723530
  9019.63574100    1.02990865246
  9020.44866900    1.00410752546
  9021.28945700    0.98447610287
  9022.15810600    0.96630470513
  9023.05461400    0.95258899337
  9023.97898300    0.94166968403
  9024.93121300    0.93518426607
  9025.91130300    0.93240216207
  9026.91925300    0.93187552077
  9027.95506400    0.93351720556
  9029.01873400    0.93591618715
  9030.11026600    0.93945807629
  9031.23272300    0.94362692490
  9032.36737300    0.94890395511
  9033.51421400    0.95509237272
  9034.67324800    0.96384608089
  9035.84447300    0.97499013965
  9037.02789000    0.98722767789
  9038.22349900    0.99611597281
  9039.43130000    1.00215871052
  9040.65129300    1.01094815330
  9041.88347800    1.01589526609
  9043.12785500    1.01963279292
  9044.38442300    1.02299821505
  9045.65318400    1.02525826631
  9046.93413600    1.02861597121
  9048.22728000    1.03242180086
  9049.53261700    1.03603036675
  9050.85014500    1.04025752602
  9052.17986500    1.04284182913
  9053.52177700    1.04402907904
  9054.87588100    1.04367607345
  9056.24217700    1.04187816526
  9057.62066400    1.03967319944
  9059.01134400    1.03567964045
  9060.41421500    1.03152493682
  9061.82927900    1.02774796005
  9063.25653400    1.02393382527
  9064.69598100    1.02023838070
  9066.14762000    1.01795320348
  9067.61145200    1.01746165370
  9069.08747500    1.01835528421
  9070.57568900    1.01981455418
  9072.07609600    1.02133484862
  9073.58869500    1.02305407021
  9075.11348500    1.02338778010
  9076.65046800    1.02347088453
  9078.19964200    1.02270652364
  9079.76100900    1.02131954672
  9081.33456700    1.01954148034
  9082.92031700    1.01825993023
  9084.51825900    1.01741978175
  9086.12839300    1.01738505929
  9087.75071900    1.01761663259
  9089.38523700    1.01738420323
  9091.03194600    1.01674537432
  9092.69084800    1.01529834391
  9094.36194200    1.01318145754
  9096.04522700    1.00990181802
  9097.74070400    1.00574200176
  9099.44837400    1.00117897085
  9101.16823500    0.99709525877
  9102.90028800    0.99364277183
  9104.64453300    0.99117286455
  9106.40097000    0.98837229033
  9108.16959800    0.98506491061
  9109.95041900    0.98232233917
  9111.74343200    0.98080372394
  9113.54863600    0.98072905665
  9115.36603200    0.98056078638
  9117.19562100    0.98133555414
  9119.03740100    0.98262784348
  9120.89137300    0.98375172078
  9122.75753700    0.98705737457
  9124.63589300    0.99123268853
  9126.52644100    0.99498072711
  9128.42918100    0.99725254015
  9130.34411200    0.99931043037
  9132.27123600    1.00181466764
  9134.21055200    1.00432200293
  9136.16205900    1.00623137450
  9138.12575800    1.00743999058
  9140.10164900    1.00792189340
  9142.08973300    1.00689703642
  9144.09000800    1.00613587501
  9146.10247500    1.00489884552
  9148.12713300    1.00335851007
  9150.16398400    1.00128576624
  9152.21302700    1.00017224421
  9154.27426100    0.99918405535
  9156.34768800    0.99732374210
  9158.43330600    0.99736266394
  9160.53111700    0.99694287706
  9162.64111900    0.99590635353
  9164.76331300    0.99509367947
  9166.89769900    0.99519154034
  9169.04427700    0.99504396534
  9171.20304700    0.99508711635
  9173.37400800    0.99474795046
  9175.55716200    0.99428019570
  9177.75250800    0.99462081328
  9179.96004500    0.99371112670
  9182.17977500    0.99376874231
  9184.41169600    0.99348469331
  9186.65580900    0.99340876188
  9188.91211400    0.99377280781
  9191.18061100    0.99428947841
  9193.46130000    0.99365025206
  9195.75418100    0.99328136889
  9198.05925400    0.99331046691
  9200.37651800    0.99374302928
  9202.70597500    0.99427880273
  9205.04762300    0.99450849640
  9207.40146400    0.99464622969
  9209.76749600    0.99515480299
  9212.14572000    0.99439279519
  9214.53613600    0.99297666693
  9216.93874400    0.99185643974
  9219.35354400    0.98977324835
  9221.78053600    0.98746500747
  9224.21972000    0.98614789053
  9226.67109600    0.98507556133
  9229.13466300    0.98521275046
  9231.61042300    0.98603188442
  9234.09837400    0.98644776588
  9236.59851700    0.98683527989
  9239.11085200    0.98727416334
  9241.63538000    0.98823683386
  9244.17209900    0.98995784499
  9246.72100900    0.99266530287
  9249.28211200    0.99528548775
  9251.85540700    0.99734854726
  9254.44089400    0.99841153963
  9257.03857200    0.99908696409
  9259.64844300    1.00001859823
  9262.27050500    0.99984423789
  9264.90475900    0.99895483764
  9267.55120500    0.99691135139
  9270.20984400    0.99424735511
  9272.88067400    0.99210282278
  9275.56369600    0.99273205460
  9278.25890900    0.99474361145
  9280.96631500    0.99571981980
  9283.68591300    0.99619079341
  9286.41770200    0.99768664500
  9289.16168400    0.99971838253
  9291.91785700    1.00067141124
  9294.68622200    1.00173214640
  9297.46678000    1.00219879830
  9300.25952900    1.00170452326
  9303.06447000    1.00101382745
  9305.88160200    1.00110814897
  9308.71092700    1.00025899884
  9311.55244400    1.00138984251
  9314.40615300    1.00173630009
  9317.27205300    1.00108656041
  9320.15014600    1.00084739579
  9323.04043000    1.00041430626
  9325.94290600    1.00044549718
  9328.85757400    1.00031690702
  9331.78443500    0.99971364966
  9334.72348700    1.00058240531
  9337.67473000    1.00129082206
  9340.63816600    1.00121666671
  9343.61379400    1.00134548686
  9346.60161400    1.00138355111
  9349.60162500    1.00181996776
  9352.61382900    1.00336146028
  9355.63822400    1.00315091259
  9358.67481100    1.00242391739
  9361.72359000    1.00193366457
  9364.78456100    1.00169444052
  9367.85772400    1.00149140598
  9370.94307900    1.00017160011
  9374.04062600    0.99795772448
  9377.15036500    0.99606350932
  9380.27229500    0.99601071410
  9383.40641800    0.99740367449
  9386.55273200    0.99897624405
  9389.71123900    1.00070013650
  9392.88193700    1.00097287860
  9396.06482700    1.00125893993
  9399.25990900    1.00068669246
  9402.46718300    1.00027524005
  9405.68664900    1.00186310310
  9408.91830700    1.00197961260
  9412.16215700    1.00041520475
  9415.41819800    1.00015539974
  9418.68643200    0.99870790178
  9421.96685700    0.99684957825
  9425.25947400    0.99673456584
  9428.56428400    0.99960165561
  9431.88128500    1.00158335351
  9435.21047800    1.00254301684
  9438.55186300    1.00411787494
  9441.90544000    1.00462147980
  9445.27120900    1.00525512793
  9448.64916900    1.00577728111
  9452.03932200    1.00621278825
  9455.44166600    1.00567507036
  9458.85620300    1.00450137798
  9462.28293100    1.00350562038
  9465.72185100    1.00271012141
  9469.17296400    1.00318114647
  9472.63626800    1.00336729487
  9476.11176400    1.00356234682
  9479.59945100    1.00445231256
  9483.09933100    1.00371261179
  9486.61140300    1.00106859427
  9490.13566600    0.99982417840
  9493.67212200    1.00117883633
  9497.22076900    1.00243349097
  9500.78160900    1.00327991007
  9504.35464000    1.00400844538
  9507.93986300    1.00461314980
  9511.53727800    1.00396868610
  9515.14688500    1.00298653092
  9518.76868400    1.00329015097
  9522.40267500    1.00318739017
  9526.04885700    1.00170337543
  9529.70723200    1.00259501042
  9533.37779900    1.00481381574
  9537.06055700    1.00571135918
  9540.75550700    1.00562656282
  9544.46265000    1.00541986326
  9548.18198400    1.00569773811
  9551.91351000    1.00579590105
  9555.65722800    1.00585338672
  9559.41313800    1.00750383174
  9563.18123900    1.00855777643
  9566.96153300    1.00727089713
  9570.75401900    1.00494190495
  9574.55869600    1.00262014926
  9578.37556500    1.00070648792
  9582.20462700    0.99914031681
  9586.04588000    0.99877983982
  9589.89932500    1.00116925432
  9593.76496200    1.00188151089
  9597.64279100    0.99806283935
  9601.53281200    0.99824459148
  9605.43502500    0.99846719033
  9609.34942900    0.99750951417
  9613.27602600    0.99607016274
  9617.21481400    0.99823354077
  9621.16579500    1.00156069332
  9625.12896700    1.00302721899
  9629.10433100    1.00439731929
  9633.09188800    1.00476508292
  9637.09163600    1.00403689936
  9641.10357500    1.00305843494
  9645.12770700    1.00300064518
  9649.16403100    1.00201448194
  9653.21254700    1.00210552572
  9657.27325400    1.00316250373
  9661.34615400    1.00323793702
  9665.43124500    1.00265720131
  9669.52852900    1.00268287714
  9673.63800400    1.00100773925
  9677.75967100    0.99974371761
  9681.89353000    0.99771220531
  9686.03958100    0.99705782621
  9690.19782400    0.99848284079
  9694.36825800    0.99625265997
  9698.55088500    0.99442338192
  9702.74570400    0.99535523894
  9706.95271400    0.99552440913
  9711.17191600    0.99617750720
  9715.40331100    0.99603780897
  9719.64689700    0.99634805465
  9723.90267500    0.99798706514
  9728.17064500    0.99795973612
  9732.45080700    0.99696341832
  9736.74316100    0.99650063388
  9741.04770700    0.99419813858
  9745.36444400    0.99410392966
  9749.69337400    0.99504010425
  9754.03449500    0.99469420734
  9758.38780900    0.99600294253
  9762.75331400    0.99673969905
  9767.13101100    0.99621250454
  9771.52090000    0.99601880757
  9775.92298100    0.99587891669
  9780.33725400    0.99576137863
  9784.76371900    0.99512544337
  9789.20237600    0.99564984808
  9793.65322400    0.99568875549
  9798.11626500    0.99580315861
  9802.59149700    0.99575329644
  9807.07892200    0.99481449069
  9811.57853800    0.99438149030
  9816.09034600    0.99585849432
  9820.61434600    0.99851238778
  9825.15053800    1.00001081340
  9829.69892200    1.00042125941
  9834.25949800    1.00087910437
  9838.83226600    1.00000514038
  9843.41722600    0.99946481989
  9848.01437700    0.99935587328
  9852.62372100    0.99798607925
  9857.24525600    0.99939342092
  9861.87898300    1.00092438019
  9866.52490200    1.00193743549
  9871.18301300    1.00240117135
  9875.85331600    1.00069022613
  9880.53581100    0.99897614665
  9885.23049800    0.99978546833
  9889.93737700    0.99875516585
  9894.65644800    0.99801340080
  9899.38771000    1.00129591691
  9904.13116500    1.00404677430
  9908.88681100    1.00456101015
  9913.65464900    1.00639617963
  9918.43467900    1.00675053352
  9923.22690100    1.00779499126
  9928.03131500    1.00766277275
  9932.84792100    1.00852992917
  9937.67671900    1.00939333788
