#---------------------------------
#  energy flat
  8794.00000000    0.00369622272
  8799.00000000    0.00280255497
  8804.00000000    0.00121953045
  8809.00000000    0.00005718215
  8814.00000000   -0.00083741483
  8819.00000000   -0.00173440126
  8824.00000000   -0.00234837044
  8829.00000000   -0.00250170645
  8834.00000000   -0.00216334644
  8839.00000000   -0.00152842894
  8844.00000000   -0.00107245482
  8849.00000000    0.00008575256
  8854.00000000    0.00081067274
  8859.00000000    0.00130806402
  8864.00000000    0.00142593076
  8869.00000000    0.00117940613
  8874.00000000    0.00147289755
  8879.00000000    0.00155147108
  8884.00000000    0.00287388689
  8889.00000000    0.00196601517
  8894.00000000    0.00226043583
  8899.00000000    0.00095737538
  8904.00000000   -0.00031316198
  8909.00000000   -0.00179423656
  8914.00000000   -0.00252860754
  8919.00000000   -0.00221228359
  8924.00000000   -0.00177768178
  8929.00000000   -0.00051818820
  8934.00000000    0.00080528958
  8939.00000000    0.00192898267
  8944.00000000    0.00335334840
  8949.00000000    0.00436314429
  8953.00000000    0.00540535966
  8956.00000000    0.00683748298
  8958.00000000    0.00758200438
  8959.00000000    0.00849700245
  8959.20000000    0.00998435056
  8959.40000000    0.01034401029
  8959.60000000    0.01054132006
  8959.80000000    0.01066668079
  8960.00000000    0.01009843684
  8960.20000000    0.01029680860
  8960.40000000    0.01035738864
  8960.60000000    0.01083612271
  8960.80000000    0.01090665880
  8961.00000000    0.01085586386
  8961.20000000    0.01110056442
  8961.40000000    0.01141203688
  8961.60000000    0.01124150386
  8961.80000000    0.01143031780
  8962.00000000    0.01182661579
  8962.20000000    0.01175338655
  8962.40000000    0.01238663848
  8962.60000000    0.01251545065
  8962.80000000    0.01250182495
  8963.00000000    0.01281980202
  8963.20000000    0.01287069152
  8963.40000000    0.01313623340
  8963.60000000    0.01321035368
  8963.80000000    0.01363612157
  8964.00000000    0.01365966511
  8964.20000000    0.01389175468
  8964.40000000    0.01419380208
  8964.60000000    0.01445469781
  8964.80000000    0.01532530193
  8965.00000000    0.01568668738
  8965.20000000    0.01595076904
  8965.40000000    0.01614502563
  8965.60000000    0.01635985805
  8965.80000000    0.01643968645
  8966.00000000    0.01705820343
  8966.20000000    0.01791778952
  8966.40000000    0.01787535766
  8966.60000000    0.01832342710
  8966.80000000    0.01842157463
  8967.00000000    0.01902814435
  8967.20000000    0.01915655827
  8967.40000000    0.02003114481
  8967.60000000    0.02022380843
  8967.80000000    0.02025279461
  8968.00000000    0.02066488953
  8968.20000000    0.02101379673
  8968.40000000    0.02116809638
  8968.60000000    0.02157886382
  8968.80000000    0.02163678892
  8969.00000000    0.02195994314
  8969.20000000    0.02196543305
  8969.40000000    0.02242040535
  8969.60000000    0.02235354798
  8969.80000000    0.02314795514
  8970.00000000    0.02383377501
  8970.20000000    0.02486832205
  8970.40000000    0.02537652602
  8970.60000000    0.02514214155
  8970.80000000    0.02606345514
  8971.00000000    0.02663790001
  8971.20000000    0.02751726545
  8971.40000000    0.02784705704
  8971.60000000    0.02848190193
  8971.80000000    0.02898798194
  8972.00000000    0.02919604425
  8972.20000000    0.02999894724
  8972.40000000    0.03072246734
  8972.60000000    0.03150930791
  8972.80000000    0.03274576360
  8973.00000000    0.03359048200
  8973.20000000    0.03432674584
  8973.40000000    0.03573165787
  8973.60000000    0.03705068239
  8973.80000000    0.03813208923
  8974.00000000    0.03978656620
  8974.20000000    0.04068239231
  8974.40000000    0.04213429688
  8974.60000000    0.04356920980
  8974.80000000    0.04542957785
  8975.00000000    0.04708989570
  8975.20000000    0.04958678708
  8975.40000000    0.05155229099
  8975.60000000    0.05400497752
  8975.80000000    0.05667669711
  8976.00000000    0.05928337051
  8976.20000000    0.06226917023
  8976.40000000    0.06575609103
  8976.60000000    0.07017144650
  8976.80000000    0.07417714378
  8977.00000000    0.08045242178
  8977.20000000    0.08677044441
  8977.40000000    0.09440571858
  8977.60000000    0.10333634097
  8977.80000000    0.11398418253
  8978.00000000    0.12686509930
  8978.20000000    0.14185961871
  8978.40000000    0.16002148887
  8978.60000000    0.18120216555
  8978.80000000    0.20658084309
  8979.00000000    0.23523174176
  8979.20000000    0.26899553573
  8979.40000000    0.30866698313
  8979.60000000    0.35468308810
  8979.80000000    0.40752559061
  8980.00000000    0.46651814313
  8980.20000000    0.52999436872
  8980.40000000    0.59432857942
  8980.60000000    0.65609989567
  8980.80000000    0.70901304182
  8981.00000000    0.74900448987
  8981.20000000    0.77210482969
  8981.40000000    0.77709995429
  8981.60000000    0.76431748388
  8981.80000000    0.73736602113
  8982.00000000    0.70058773034
  8982.20000000    0.65866885685
  8982.40000000    0.61722726654
  8982.60000000    0.57990395246
  8982.80000000    0.54801417479
  8983.00000000    0.52379114135
  8983.20000000    0.50670558849
  8983.40000000    0.49689490954
  8983.60000000    0.49309588100
  8983.80000000    0.49462525232
  8984.00000000    0.50014957668
  8984.20000000    0.50965411898
  8984.40000000    0.52104133890
  8984.60000000    0.53357940036
  8984.80000000    0.54612070280
  8985.00000000    0.55852068423
  8985.20000000    0.56979727996
  8985.40000000    0.57999695140
  8985.60000000    0.58909328170
  8985.80000000    0.59767394307
  8986.00000000    0.60655413659
  8986.20000000    0.61551509455
  8986.40000000    0.62527431602
  8986.60000000    0.63628792062
  8986.80000000    0.64859427219
  8987.00000000    0.66256970921
  8987.20000000    0.67887265819
  8987.40000000    0.69637224468
  8987.60000000    0.71563848549
  8987.80000000    0.73600897142
  8988.00000000    0.75803393994
  8988.20000000    0.78095978442
  8988.40000000    0.80411387415
  8988.60000000    0.82819445983
  8988.80000000    0.85175990554
  8989.00000000    0.87502127940
  8989.20000000    0.89780494778
  8989.40000000    0.92114209165
  8989.60000000    0.94371267162
  8989.80000000    0.96607714671
  8990.00000000    0.98744115689
  8990.20000000    1.00779965764
  8990.40000000    1.02680564737
  8990.60000000    1.04361219809
  8990.80000000    1.05864383560
  8991.00000000    1.07096522221
  8991.20000000    1.08003023538
  8991.40000000    1.08627083471
  8991.60000000    1.08991720388
  8991.80000000    1.09187043152
  8992.00000000    1.09133987450
  8992.20000000    1.08977354034
  8992.40000000    1.08675699179
  8992.60000000    1.08282068698
  8992.80000000    1.07867190344
  8993.00000000    1.07489366718
  8993.20000000    1.07102720339
  8993.40000000    1.06779598477
  8993.60000000    1.06658376912
  8993.80000000    1.06754029525
  8994.00000000    1.07051688608
  8994.20000000    1.07608515136
  8994.40000000    1.08379454660
  8994.60000000    1.09407623491
  8994.80000000    1.10787139460
  8995.00000000    1.12182019116
  8995.20000000    1.13164391324
  8995.40000000    1.14751896932
  8995.60000000    1.16327552990
  8995.80000000    1.17880075963
  8996.00000000    1.19294453571
  8996.20000000    1.20587650907
  8996.40000000    1.21610406886
  8996.60000000    1.22447892165
  8996.80000000    1.23062964036
  8997.00000000    1.23392779910
  8997.20000000    1.23488739531
  8997.40000000    1.23334010527
  8997.60000000    1.22882715418
  8997.80000000    1.22130234581
  8998.00000000    1.21184146423
  8998.20000000    1.20033061211
  8998.40000000    1.18652739273
  8998.60000000    1.17167086934
  8998.80000000    1.15675611563
  8999.00000000    1.14257589837
  8999.20000000    1.12813753308
  8999.40000000    1.10978861021
  8999.60000000    1.09600929312
  8999.80000000    1.08491483540
  9000.00000000    1.07478191138
  9000.20000000    1.06529378586
  9000.40000000    1.05784988083
  9000.60000000    1.05149574299
  9000.80000000    1.04637739427
  9001.00000000    1.04230872283
  9001.20000000    1.03979682321
  9001.40000000    1.03782485094
  9001.60000000    1.03720867082
  9001.80000000    1.03708330127
  9002.00000000    1.03694562988
  9002.20000000    1.03663556325
  9002.40000000    1.03606203658
  9002.60000000    1.03482441840
  9002.80000000    1.03338758963
  9003.00000000    1.03186704029
  9003.20000000    1.02969195685
  9003.40000000    1.02764156586
  9003.60000000    1.02586746461
  9003.80000000    1.02388910773
  9004.00000000    1.02164967924
  9004.20000000    1.01965176031
  9004.40000000    1.01722922483
  9004.60000000    1.01495129311
  9004.80000000    1.01296796948
  9005.00000000    1.01099676755
  9005.20000000    1.00906556411
  9005.40000000    1.00692346665
  9005.60000000    1.00479508344
  9005.80000000    1.00296051121
  9006.00000000    1.00093309817
  9006.20000000    0.99924011652
  9006.40000000    0.99730730125
  9006.60000000    0.99509562454
  9006.80000000    0.99315572210
  9007.00000000    0.99093695795
  9007.20000000    0.98905315552
  9007.40000000    0.98721359807
  9007.60000000    0.98461994317
  9007.80000000    0.98278152758
  9008.00000000    0.98090584973
  9008.20000000    0.97911769198
  9008.40000000    0.97707615911
  9008.60000000    0.97514736805
  9008.80000000    0.97306449659
  9009.00000000    0.97166013571
  9009.22786000    0.97047553147
  9009.48358100    0.96873047437
  9009.76716200    0.96784810924
  9010.07860400    0.96738223844
  9010.41790500    0.96811353167
  9010.78506700    0.97009573472
  9011.18009000    0.97471406310
  9011.60297300    0.98181520297
  9012.05371600    0.99167276291
  9012.53231900    1.00621518886
  9013.03878300    1.02762235709
  9013.57310700    1.05234796990
  9014.13529200    1.07307385206
  9014.72533700    1.08432782608
  9015.34324200    1.09833399912
  9015.98900800    1.10465174053
  9016.66263400    1.10290931628
  9017.36412000    1.09502356215
  9018.09346700    1.07945059780
  9018.85067400    1.05269543588
  9019.63574100    1.03008214971
  9020.44866900    1.00708219305
  9021.28945700    0.98552828315
  9022.15810600    0.96679542770
  9023.05461400    0.95143189868
  9023.97898300    0.93957896307
  9024.93121300    0.93232226411
  9025.91130300    0.92949193041
  9026.91925300    0.92916291039
  9027.95506400    0.93073683351
  9029.01873400    0.93323993334
  9030.11026600    0.93626925191
  9031.23272300    0.93946323436
  9032.36737300    0.94388273822
  9033.51421400    0.95024421284
  9034.67324800    0.95883107707
  9035.84447300    0.96989543076
  9037.02789000    0.98177329251
  9038.22349900    0.99274652255
  9039.43130000    1.00157858846
  9040.65129300    1.00786395610
  9041.88347800    1.01237323258
  9043.12785500    1.01468256476
  9044.38442300    1.01644028723
  9045.65318400    1.01994518974
  9046.93413600    1.02347887175
  9048.22728000    1.02790247174
  9049.53261700    1.03251495771
  9050.85014500    1.03667052700
  9052.17986500    1.03898715356
  9053.52177700    1.03969808252
  9054.87588100    1.03899434513
  9056.24217700    1.03689201132
  9057.62066400    1.03386167965
  9059.01134400    1.03039730527
  9060.41421500    1.02696603661
  9061.82927900    1.02339809145
  9063.25653400    1.02002813537
  9064.69598100    1.01718020718
  9066.14762000    1.01521551656
  9067.61145200    1.01423986455
  9069.08747500    1.01402347273
  9070.57568900    1.01496631094
  9072.07609600    1.01642149877
  9073.58869500    1.01749047249
  9075.11348500    1.01808150570
  9076.65046800    1.01773223427
  9078.19964200    1.01650704298
  9079.76100900    1.01450721097
  9081.33456700    1.01231669400
  9082.92031700    1.01047483744
  9084.51825900    1.00973816230
  9086.12839300    1.00941783581
  9087.75071900    1.00929335656
  9089.38523700    1.00924829582
  9091.03194600    1.00832221839
  9092.69084800    1.00694242195
  9094.36194200    1.00470945883
  9096.04522700    1.00132290954
  9097.74070400    0.99748857367
  9099.44837400    0.99347099740
  9101.16823500    0.98933720358
  9102.90028800    0.98537748842
  9104.64453300    0.98201250649
  9106.40097000    0.97931192695
  9108.16959800    0.97756471788
  9109.95041900    0.97673168838
  9111.74343200    0.97664143558
  9113.54863600    0.97718149466
  9115.36603200    0.97802673390
  9117.19562100    0.97955186358
  9119.03740100    0.98148830468
  9120.89137300    0.98369411126
  9122.75753700    0.98611362325
  9124.63589300    0.98907003944
  9126.52644100    0.99224990056
  9128.42918100    0.99601781856
  9130.34411200    0.99976510203
  9132.27123600    1.00321518543
  9134.21055200    1.00632567318
  9136.16205900    1.00827998520
  9138.12575800    1.00946847391
  9140.10164900    1.01007068867
  9142.08973300    1.00976518636
  9144.09000800    1.00931268338
  9146.10247500    1.00850854958
  9148.12713300    1.00729125791
  9150.16398400    1.00589317571
  9152.21302700    1.00465340245
  9154.27426100    1.00337261208
  9156.34768800    1.00188810858
  9158.43330600    1.00114935793
  9160.53111700    0.99994336236
  9162.64111900    0.99877408271
  9164.76331300    0.99802122006
  9166.89769900    0.99742914616
  9169.04427700    0.99632221752
  9171.20304700    0.99649627733
  9173.37400800    0.99654769230
  9175.55716200    0.99587620749
  9177.75250800    0.99631748381
  9179.96004500    0.99673948054
  9182.17977500    0.99681061482
  9184.41169600    0.99689012522
  9186.65580900    0.99673855159
  9188.91211400    0.99675866409
  9191.18061100    0.99669798925
  9193.46130000    0.99710026891
  9195.75418100    0.99779081349
  9198.05925400    0.99824235351
  9200.37651800    0.99879100672
  9202.70597500    0.99899524865
  9205.04762300    0.99892516699
  9207.40146400    0.99920200600
  9209.76749600    0.99870457275
  9212.14572000    0.99770843292
  9214.53613600    0.99688925120
  9216.93874400    0.99578424813
  9219.35354400    0.99425135849
  9221.78053600    0.99281649827
  9224.21972000    0.99125794735
  9226.67109600    0.99039950009
  9229.13466300    0.98969287315
  9231.61042300    0.98898297207
  9234.09837400    0.98914774568
  9236.59851700    0.98979049447
  9239.11085200    0.99084665116
  9241.63538000    0.99194897938
  9244.17209900    0.99293918891
  9246.72100900    0.99330879523
  9249.28211200    0.99379394568
  9251.85540700    0.99464546521
  9254.44089400    0.99561876063
  9257.03857200    0.99708598105
  9259.64844300    0.99823356794
  9262.27050500    0.99964765387
  9264.90475900    1.00090468669
  9267.55120500    1.00171571830
  9270.20984400    1.00222853403
  9272.88067400    1.00206710000
  9275.56369600    1.00170893884
  9278.25890900    1.00141068165
  9280.96631500    1.00114487163
  9283.68591300    1.00099157894
  9286.41770200    1.00075900375
  9289.16168400    1.00068358045
  9291.91785700    1.00061146964
  9294.68622200    1.00028368750
  9297.46678000    1.00073951537
  9300.25952900    1.00162784088
  9303.06447000    1.00256541831
  9305.88160200    1.00337661858
  9308.71092700    1.00377456191
  9311.55244400    1.00346865317
  9314.40615300    1.00298575001
  9317.27205300    1.00220383955
  9320.15014600    1.00141268255
  9323.04043000    1.00101381635
  9325.94290600    1.00039431494
  9328.85757400    1.00032686701
  9331.78443500    0.99986428210
  9334.72348700    0.99971499586
  9337.67473000    1.00000042870
  9340.63816600    0.99989391311
  9343.61379400    0.99968386067
  9346.60161400    0.99959947281
  9349.60162500    0.99926196667
  9352.61382900    0.99922815421
  9355.63822400    0.99890048036
  9358.67481100    0.99861725034
  9361.72359000    0.99818046883
  9364.78456100    0.99790348009
  9367.85772400    0.99764562944
  9370.94307900    0.99756414420
  9374.04062600    0.99792536699
  9377.15036500    0.99875589579
  9380.27229500    0.99960549903
  9383.40641800    1.00069484214
  9386.55273200    1.00193157625
  9389.71123900    1.00271465529
  9392.88193700    1.00343227010
  9396.06482700    1.00372682936
  9399.25990900    1.00372234803
  9402.46718300    1.00387523767
  9405.68664900    1.00401003013
  9408.91830700    1.00414081785
  9412.16215700    1.00424186659
  9415.41819800    1.00465276199
  9418.68643200    1.00522563416
  9421.96685700    1.00563978065
  9425.25947400    1.00580069303
  9428.56428400    1.00558863881
  9431.88128500    1.00576878187
  9435.21047800    1.00631377758
  9438.55186300    1.00631802479
  9441.90544000    1.00630401591
  9445.27120900    1.00648759525
  9448.64916900    1.00622413888
  9452.03932200    1.00640994686
  9455.44166600    1.00655066351
  9458.85620300    1.00651432497
  9462.28293100    1.00668695259
  9465.72185100    1.00663020043
  9469.17296400    1.00649803967
  9472.63626800    1.00576929250
  9476.11176400    1.00464598210
  9479.59945100    1.00384784849
  9483.09933100    1.00196403122
  9486.61140300    1.00032835734
  9490.13566600    0.99922913527
  9493.67212200    0.99812765179
  9497.22076900    0.99707380143
  9500.78160900    0.99606118641
  9504.35464000    0.99545882474
  9507.93986300    0.99499986928
  9511.53727800    0.99465190607
  9515.14688500    0.99419375430
  9518.76868400    0.99413832571
  9522.40267500    0.99422833219
  9526.04885700    0.99431560577
  9529.70723200    0.99431356832
  9533.37779900    0.99457291686
  9537.06055700    0.99462370509
  9540.75550700    0.99440404902
  9544.46265000    0.99426809544
  9548.18198400    0.99468495639
  9551.91351000    0.99496644858
  9555.65722800    0.99553707954
  9559.41313800    0.99627364253
  9563.18123900    0.99701974720
  9566.96153300    0.99772493164
  9570.75401900    0.99859441220
  9574.55869600    0.99855770536
  9578.37556500    0.99922555605
  9582.20462700    0.99977916999
  9586.04588000    1.00036031993
  9589.89932500    1.00073802117
  9593.76496200    1.00080766864
  9597.64279100    1.00154601949
  9601.53281200    1.00227181978
  9605.43502500    1.00289852635
  9609.34942900    1.00321720799
  9613.27602600    1.00332451555
  9617.21481400    1.00280975034
  9621.16579500    1.00195090298
  9625.12896700    1.00097314169
  9629.10433100    1.00027393912
  9633.09188800    0.99980049308
  9637.09163600    0.99914132796
  9641.10357500    0.99901252451
  9645.12770700    0.99912234683
  9649.16403100    0.99922473439
  9653.21254700    1.00005410142
  9657.27325400    1.00105907874
  9661.34615400    1.00172732466
  9665.43124500    1.00256680624
  9669.52852900    1.00378441795
  9673.63800400    1.00452110676
  9677.75967100    1.00405481542
  9681.89353000    1.00376647770
  9686.03958100    1.00312334872
  9690.19782400    1.00284901090
  9694.36825800    1.00224347337
  9698.55088500    1.00218325376
  9702.74570400    1.00198244698
  9706.95271400    1.00208749012
  9711.17191600    1.00245365922
  9715.40331100    1.00239798933
  9719.64689700    1.00145284569
  9723.90267500    1.00077515781
  9728.17064500    1.00076733023
  9732.45080700    1.00014960258
  9736.74316100    0.99916191488
  9741.04770700    0.99850431882
  9745.36444400    0.99769383377
  9749.69337400    0.99700839075
  9754.03449500    0.99663859112
  9758.38780900    0.99578023052
  9762.75331400    0.99522872832
  9767.13101100    0.99559313168
  9771.52090000    0.99562218028
  9775.92298100    0.99547387074
  9780.33725400    0.99500779553
  9784.76371900    0.99481897929
  9789.20237600    0.99551254778
  9793.65322400    0.99603589307
  9798.11626500    0.99698407369
  9802.59149700    0.99797514926
  9807.07892200    0.99878515407
  9811.57853800    0.99901332493
  9816.09034600    0.99901530080
  9820.61434600    0.99935010597
  9825.15053800    1.00006198529
  9829.69892200    0.99986507066
  9834.25949800    0.99997659249
  9838.83226600    0.99972161670
  9843.41722600    0.99954959483
  9848.01437700    0.99943024803
  9852.62372100    1.00096450671
  9857.24525600    1.00250314141
  9861.87898300    1.00340448576
  9866.52490200    1.00387275893
  9871.18301300    1.00393484754
  9875.85331600    1.00344083713
  9880.53581100    1.00186436045
  9885.23049800    1.00107887504
  9889.93737700    1.00070035704
  9894.65644800    1.00004983778
  9899.38771000    0.99985974003
  9904.13116500    0.99925572730
  9908.88681100    0.99941682759
  9913.65464900    0.99963813399
  9918.43467900    0.99964167847
  9923.22690100    1.00071911913
  9928.03131500    1.00281262717
  9932.84792100    1.00419231138
  9937.67671900    1.00588254473
