#---------------------------------
#  energy flat
  8794.00000000    0.01113055109
  8799.00000000    0.00853277320
  8804.00000000    0.00642967168
  8809.00000000    0.00373263173
  8814.00000000    0.00087199321
  8819.00000000   -0.00140451056
  8824.00000000   -0.00290550394
  8829.00000000   -0.00328806307
  8834.00000000   -0.00288837180
  8839.00000000   -0.00240085607
  8844.00000000   -0.00189924758
  8849.00000000   -0.00108147104
  8854.00000000   -0.00037909176
  8859.00000000    0.00035800882
  8864.00000000    0.00124175582
  8869.00000000    0.00153605775
  8874.00000000    0.00242817871
  8879.00000000    0.00424592860
  8884.00000000    0.00652097840
  8889.00000000    0.00595398791
  8894.00000000    0.00541171082
  8899.00000000    0.00211644335
  8904.00000000   -0.00122355333
  8909.00000000   -0.00336260160
  8914.00000000   -0.00432643609
  8919.00000000   -0.00501454264
  8924.00000000   -0.00394881519
  8929.00000000   -0.00356893548
  8934.00000000   -0.00391166724
  8939.00000000   -0.00391821515
  8944.00000000   -0.00401279175
  8949.00000000   -0.00465392242
  8953.00000000   -0.00418597074
  8956.00000000   -0.00382377362
  8958.00000000   -0.00365270460
  8959.00000000   -0.00311150412
  8959.20000000   -0.00256430514
  8959.40000000   -0.00177303585
  8959.60000000   -0.00163003361
  8959.80000000   -0.00110816075
  8960.00000000   -0.00150007073
  8960.20000000   -0.00129109802
  8960.40000000   -0.00113727091
  8960.60000000    0.00019748880
  8960.80000000    0.00087152264
  8961.00000000    0.00059480567
  8961.20000000    0.00041551258
  8961.40000000    0.00070699943
  8961.60000000    0.00046520800
  8961.80000000    0.00050404635
  8962.00000000    0.00088662554
  8962.20000000    0.00129555206
  8962.40000000    0.00147000772
  8962.60000000    0.00060752204
  8962.80000000    0.00073398060
  8963.00000000    0.00050138011
  8963.20000000    0.00129612152
  8963.40000000    0.00162559755
  8963.60000000    0.00207067507
  8963.80000000    0.00220612033
  8964.00000000    0.00265487422
  8964.20000000    0.00241941433
  8964.40000000    0.00322069151
  8964.60000000    0.00314392837
  8964.80000000    0.00364782785
  8965.00000000    0.00494276019
  8965.20000000    0.00494524330
  8965.40000000    0.00543382456
  8965.60000000    0.00497002108
  8965.80000000    0.00466430161
  8966.00000000    0.00479933838
  8966.20000000    0.00498564012
  8966.40000000    0.00595010740
  8966.60000000    0.00587763336
  8966.80000000    0.00645015847
  8967.00000000    0.00674348350
  8967.20000000    0.00700862301
  8967.40000000    0.00698966061
  8967.60000000    0.00688205678
  8967.80000000    0.00668540304
  8968.00000000    0.00626653300
  8968.20000000    0.00629658890
  8968.40000000    0.00663178373
  8968.60000000    0.00663161168
  8968.80000000    0.00762977905
  8969.00000000    0.00849232911
  8969.20000000    0.00935447069
  8969.40000000    0.01040982607
  8969.60000000    0.01073337906
  8969.80000000    0.01098748945
  8970.00000000    0.01172606405
  8970.20000000    0.01210026929
  8970.40000000    0.01268607019
  8970.60000000    0.01253414564
  8970.80000000    0.01259361253
  8971.00000000    0.01422901782
  8971.20000000    0.01471085907
  8971.40000000    0.01551050231
  8971.60000000    0.01666736643
  8971.80000000    0.01673275636
  8972.00000000    0.01709613671
  8972.20000000    0.01796297588
  8972.40000000    0.01870298018
  8972.60000000    0.01985575944
  8972.80000000    0.02040888147
  8973.00000000    0.02086968570
  8973.20000000    0.02090525617
  8973.40000000    0.02226636321
  8973.60000000    0.02323103473
  8973.80000000    0.02426984644
  8974.00000000    0.02501230166
  8974.20000000    0.02582522069
  8974.40000000    0.02705581651
  8974.60000000    0.02812730708
  8974.80000000    0.02970654556
  8975.00000000    0.03157233687
  8975.20000000    0.03363440563
  8975.40000000    0.03621565990
  8975.60000000    0.03861044038
  8975.80000000    0.04087185023
  8976.00000000    0.04345351298
  8976.20000000    0.04634296982
  8976.40000000    0.05035862215
  8976.60000000    0.05467716673
  8976.80000000    0.05829148172
  8977.00000000    0.06313309243
  8977.20000000    0.06751617777
  8977.40000000    0.07349603430
  8977.60000000    0.08020953142
  8977.80000000    0.08873139538
  8978.00000000    0.09840518944
  8978.20000000    0.10986733454
  8978.40000000    0.12404243840
  8978.60000000    0.14096930718
  8978.80000000    0.16208356440
  8979.00000000    0.18789418341
  8979.20000000    0.21869792919
  8979.40000000    0.25568124889
  8979.60000000    0.29832802063
  8979.80000000    0.34723483800
  8980.00000000    0.39941587369
  8980.20000000    0.45467799319
  8980.40000000    0.50890932899
  8980.60000000    0.55888345558
  8980.80000000    0.60288922574
  8981.00000000    0.63698801887
  8981.20000000    0.66109037658
  8981.40000000    0.67313998107
  8981.60000000    0.67486166381
  8981.80000000    0.66699805207
  8982.00000000    0.65367321895
  8982.20000000    0.63544433912
  8982.40000000    0.61517326442
  8982.60000000    0.59559909668
  8982.80000000    0.57777879302
  8983.00000000    0.56349702809
  8983.20000000    0.55278260012
  8983.40000000    0.54647351781
  8983.60000000    0.54449278156
  8983.80000000    0.54606590217
  8984.00000000    0.55026214462
  8984.20000000    0.55591630302
  8984.40000000    0.56368134196
  8984.60000000    0.57279809048
  8984.80000000    0.58353247284
  8985.00000000    0.59550561840
  8985.20000000    0.60842831917
  8985.40000000    0.62019013297
  8985.60000000    0.63222341543
  8985.80000000    0.64250861248
  8986.00000000    0.65325216041
  8986.20000000    0.66304682547
  8986.40000000    0.67404818744
  8986.60000000    0.68464885449
  8986.80000000    0.69653709863
  8987.00000000    0.70915574512
  8987.20000000    0.72114453608
  8987.40000000    0.73306330133
  8987.60000000    0.74527355084
  8987.80000000    0.75791784614
  8988.00000000    0.76979993641
  8988.20000000    0.78050520849
  8988.40000000    0.79157978130
  8988.60000000    0.80333165315
  8988.80000000    0.81616971834
  8989.00000000    0.82984030716
  8989.20000000    0.84398395202
  8989.40000000    0.85746935136
  8989.60000000    0.87118986370
  8989.80000000    0.88500803354
  8990.00000000    0.90079778968
  8990.20000000    0.91566929898
  8990.40000000    0.93194173980
  8990.60000000    0.94858715751
  8990.80000000    0.96568336862
  8991.00000000    0.98256515392
  8991.20000000    1.00078966143
  8991.40000000    1.01784715410
  8991.60000000    1.03365450502
  8991.80000000    1.04933076115
  8992.00000000    1.06392415046
  8992.20000000    1.07692141045
  8992.40000000    1.08737771333
  8992.60000000    1.09672132985
  8992.80000000    1.10447126791
  8993.00000000    1.11215587729
  8993.20000000    1.11974268333
  8993.40000000    1.12591431917
  8993.60000000    1.13060644825
  8993.80000000    1.13425022737
  8994.00000000    1.13863564151
  8994.20000000    1.14262383208
  8994.40000000    1.14688083526
  8994.60000000    1.14950310695
  8994.80000000    1.15101677693
  8995.00000000    1.15270326526
  8995.20000000    1.15371475956
  8995.40000000    1.15619050019
  8995.60000000    1.15642960535
  8995.80000000    1.15471168357
  8996.00000000    1.15184247317
  8996.20000000    1.14843899202
  8996.40000000    1.14291713195
  8996.60000000    1.13621763587
  8996.80000000    1.12816791849
  8997.00000000    1.12023934580
  8997.20000000    1.11257427511
  8997.40000000    1.10610017351
  8997.60000000    1.09805036634
  8997.80000000    1.09075628655
  8998.00000000    1.08288769995
  8998.20000000    1.07458328748
  8998.40000000    1.06538329828
  8998.60000000    1.05881766280
  8998.80000000    1.05285681909
  8999.00000000    1.04679347386
  8999.20000000    1.04050099649
  8999.40000000    1.03398755668
  8999.60000000    1.02727991022
  8999.80000000    1.02213842687
  9000.00000000    1.01615794192
  9000.20000000    1.01051448611
  9000.40000000    1.00507285061
  9000.60000000    1.00013408947
  9000.80000000    0.99460141815
  9001.00000000    0.99070966273
  9001.20000000    0.98804666095
  9001.40000000    0.98737587285
  9001.60000000    0.98709378721
  9001.80000000    0.98574435620
  9002.00000000    0.98492067461
  9002.20000000    0.98248207233
  9002.40000000    0.97960907344
  9002.60000000    0.97804938463
  9002.80000000    0.97714493516
  9003.00000000    0.97787670380
  9003.20000000    0.97914157447
  9003.40000000    0.97936667241
  9003.60000000    0.98056379039
  9003.80000000    0.97998872047
  9004.00000000    0.98134806321
  9004.20000000    0.98325460065
  9004.40000000    0.98643257818
  9004.60000000    0.98838675998
  9004.80000000    0.98998068510
  9005.00000000    0.99241836557
  9005.20000000    0.99481992284
  9005.40000000    0.99656302871
  9005.60000000    0.99775143857
  9005.80000000    0.99811228383
  9006.00000000    0.99877645756
  9006.20000000    0.99939899344
  9006.40000000    1.00105380073
  9006.60000000    1.00351764191
  9006.80000000    1.00602705690
  9007.00000000    1.00882305233
  9007.20000000    1.01267153915
  9007.40000000    1.01518900241
  9007.60000000    1.01718077195
  9007.80000000    1.01819628784
  9008.00000000    1.02067809120
  9008.20000000    1.02248040584
  9008.40000000    1.02615892347
  9008.60000000    1.03001230049
  9008.80000000    1.03292904690
  9009.00000000    1.03537708320
  9009.22786000    1.03638139413
  9009.48358100    1.03734473079
  9009.76716200    1.04000276642
  9010.07860400    1.04271830356
  9010.41790500    1.04430573436
  9010.78506700    1.04464497857
  9011.18009000    1.04215971008
  9011.60297300    1.04060087476
  9012.05371600    1.03841829263
  9012.53231900    1.03637524477
  9013.03878300    1.03435002686
  9013.57310700    1.03381505669
  9014.13529200    1.03269218989
  9014.72533700    1.03007196615
  9015.34324200    1.02501530906
  9015.98900800    1.01844910466
  9016.66263400    1.00861955658
  9017.36412000    0.99854847560
  9018.09346700    0.98749898897
  9018.85067400    0.97612124360
  9019.63574100    0.96612642736
  9020.44866900    0.95742430453
  9021.28945700    0.95134311232
  9022.15810600    0.94514481222
  9023.05461400    0.94072891364
  9023.97898300    0.93450527666
  9024.93121300    0.93098159057
  9025.91130300    0.92797822623
  9026.91925300    0.92582406492
  9027.95506400    0.92451690887
  9029.01873400    0.92458417016
  9030.11026600    0.92613087599
  9031.23272300    0.92857919696
  9032.36737300    0.93494469266
  9033.51421400    0.94256732999
  9034.67324800    0.95029458369
  9035.84447300    0.95933457742
  9037.02789000    0.96753563188
  9038.22349900    0.97494413241
  9039.43130000    0.98232846308
  9040.65129300    0.99041861029
  9041.88347800    0.99828549514
  9043.12785500    1.00585540807
  9044.38442300    1.01304054901
  9045.65318400    1.01897004364
  9046.93413600    1.02114827424
  9048.22728000    1.02098657910
  9049.53261700    1.01768087343
  9050.85014500    1.01453665112
  9052.17986500    1.01254165039
  9053.52177700    1.01197958632
  9054.87588100    1.01202533906
  9056.24217700    1.01120000703
  9057.62066400    1.00969233431
  9059.01134400    1.00843103012
  9060.41421500    1.00698639298
  9061.82927900    1.00696971170
  9063.25653400    1.00688534069
  9064.69598100    1.00824980200
  9066.14762000    1.00936585739
  9067.61145200    1.01074454067
  9069.08747500    1.01133279994
  9070.57568900    1.01387813093
  9072.07609600    1.01549765989
  9073.58869500    1.01579150093
  9075.11348500    1.01728370962
  9076.65046800    1.01938505960
  9078.19964200    1.02040280879
  9079.76100900    1.02136492583
  9081.33456700    1.02187663192
  9082.92031700    1.02080725391
  9084.51825900    1.02001051828
  9086.12839300    1.01786495782
  9087.75071900    1.01422700685
  9089.38523700    1.00967754898
  9091.03194600    1.00503786371
  9092.69084800    0.99920750172
  9094.36194200    0.99329817524
  9096.04522700    0.98718490524
  9097.74070400    0.98178557216
  9099.44837400    0.97760425989
  9101.16823500    0.97421187277
  9102.90028800    0.97201098517
  9104.64453300    0.97153059964
  9106.40097000    0.97279748496
  9108.16959800    0.97387645419
  9109.95041900    0.97557223200
  9111.74343200    0.97850266709
  9113.54863600    0.98178748581
  9115.36603200    0.98504823438
  9117.19562100    0.98728760248
  9119.03740100    0.98990446397
  9120.89137300    0.99275912351
  9122.75753700    0.99483343866
  9124.63589300    0.99580696021
  9126.52644100    0.99657754747
  9128.42918100    0.99789253210
  9130.34411200    0.99937223497
  9132.27123600    1.00075563475
  9134.21055200    1.00191855895
  9136.16205900    1.00400191516
  9138.12575800    1.00573163745
  9140.10164900    1.00688816772
  9142.08973300    1.00798824068
  9144.09000800    1.00915052762
  9146.10247500    1.00893245947
  9148.12713300    1.00774558820
  9150.16398400    1.00646243461
  9152.21302700    1.00536444642
  9154.27426100    1.00401209308
  9156.34768800    1.00188168847
  9158.43330600    1.00077261362
  9160.53111700    0.99931438964
  9162.64111900    0.99791958647
  9164.76331300    0.99755794121
  9166.89769900    0.99840509584
  9169.04427700    0.99956196521
  9171.20304700    1.00106571284
  9173.37400800    1.00265122404
  9175.55716200    1.00309098387
  9177.75250800    1.00401402465
  9179.96004500    1.00492933624
  9182.17977500    1.00581280010
  9184.41169600    1.00699242049
  9186.65580900    1.00758503338
  9188.91211400    1.00805221141
  9191.18061100    1.00852546958
  9193.46130000    1.00888060971
  9195.75418100    1.00900854652
  9198.05925400    1.00771607220
  9200.37651800    1.00577152910
  9202.70597500    1.00462052130
  9205.04762300    1.00384841610
  9207.40146400    1.00327095672
  9209.76749600    1.00218715955
  9212.14572000    1.00133757963
  9214.53613600    1.00026468402
  9216.93874400    0.99933199511
  9219.35354400    0.99852232522
  9221.78053600    0.99780949870
  9224.21972000    0.99686219968
  9226.67109600    0.99655945455
  9229.13466300    0.99689673570
  9231.61042300    0.99714117723
  9234.09837400    0.99699904304
  9236.59851700    0.99685876036
  9239.11085200    0.99720475137
  9241.63538000    0.99776573581
  9244.17209900    0.99863439950
  9246.72100900    0.99976821354
  9249.28211200    1.00111402246
  9251.85540700    1.00189443051
  9254.44089400    1.00232751822
  9257.03857200    1.00325471619
  9259.64844300    1.00428545343
  9262.27050500    1.00497361219
  9264.90475900    1.00538980100
  9267.55120500    1.00636645512
  9270.20984400    1.00638026799
  9272.88067400    1.00586131736
  9275.56369600    1.00544309859
  9278.25890900    1.00574562967
  9280.96631500    1.00585873222
  9283.68591300    1.00638036247
  9286.41770200    1.00699224109
  9289.16168400    1.00755009526
  9291.91785700    1.00838064334
  9294.68622200    1.00796873249
  9297.46678000    1.00740289675
  9300.25952900    1.00643265831
  9303.06447000    1.00590431524
  9305.88160200    1.00517768809
  9308.71092700    1.00482007291
  9311.55244400    1.00481300169
  9314.40615300    1.00439619185
  9317.27205300    1.00349643419
  9320.15014600    1.00315281765
  9323.04043000    1.00251355701
  9325.94290600    1.00190329745
  9328.85757400    1.00187339384
  9331.78443500    1.00221091962
  9334.72348700    1.00219071142
  9337.67473000    1.00158513494
  9340.63816600    1.00086873630
  9343.61379400    1.00068191127
  9346.60161400    1.00035912180
  9349.60162500    0.99990923985
  9352.61382900    0.99932315490
  9355.63822400    0.99910645516
  9358.67481100    0.99933662647
  9361.72359000    0.99891267281
  9364.78456100    0.99792841674
  9367.85772400    0.99761122654
  9370.94307900    0.99776366927
  9374.04062600    0.99783170128
  9377.15036500    0.99755742855
  9380.27229500    0.99745499490
  9383.40641800    0.99751158800
  9386.55273200    0.99755999416
  9389.71123900    0.99757105618
  9392.88193700    0.99726930612
  9396.06482700    0.99685065918
  9399.25990900    0.99766255158
  9402.46718300    0.99808885186
  9405.68664900    0.99781118522
  9408.91830700    0.99793597257
  9412.16215700    0.99843485820
  9415.41819800    0.99950987169
  9418.68643200    0.99980220841
  9421.96685700    1.00039622357
  9425.25947400    1.00093185657
  9428.56428400    1.00086481659
  9431.88128500    1.00021493540
  9435.21047800    1.00003264462
  9438.55186300    1.00002078009
  9441.90544000    1.00025062866
  9445.27120900    0.99977511867
  9448.64916900    0.99871005762
  9452.03932200    0.99799311635
  9455.44166600    0.99681283504
  9458.85620300    0.99658929952
  9462.28293100    0.99606783597
  9465.72185100    0.99552068035
  9469.17296400    0.99624536455
  9472.63626800    0.99699455695
  9476.11176400    0.99793591047
  9479.59945100    0.99792134606
  9483.09933100    0.99794895874
  9486.61140300    0.99741435678
  9490.13566600    0.99780949406
  9493.67212200    0.99842130720
  9497.22076900    0.99855471158
  9500.78160900    0.99946431245
  9504.35464000    1.00015600587
  9507.93986300    1.00146324267
  9511.53727800    1.00186659358
  9515.14688500    1.00192745222
  9518.76868400    1.00166923232
  9522.40267500    1.00128690758
  9526.04885700    1.00100567788
  9529.70723200    1.00004177187
  9533.37779900    0.99966120302
  9537.06055700    0.99899768444
  9540.75550700    0.99759136369
  9544.46265000    0.99741900207
  9548.18198400    0.99837163485
  9551.91351000    0.99927250385
  9555.65722800    1.00007594608
  9559.41313800    1.00162393383
  9563.18123900    1.00191537575
  9566.96153300    1.00061211466
  9570.75401900    0.99907284612
  9574.55869600    0.99861337002
  9578.37556500    0.99742374309
  9582.20462700    0.99635448563
  9586.04588000    0.99632719686
  9589.89932500    0.99545022199
  9593.76496200    0.99488410996
  9597.64279100    0.99486745227
  9601.53281200    0.99417523065
  9605.43502500    0.99380621877
  9609.34942900    0.99305049139
  9613.27602600    0.99258818822
  9617.21481400    0.99185520564
  9621.16579500    0.99067466971
  9625.12896700    0.99037212193
  9629.10433100    0.99094061038
  9633.09188800    0.99104682422
  9637.09163600    0.99177650781
  9641.10357500    0.99284941850
  9645.12770700    0.99460089137
  9649.16403100    0.99664365196
  9653.21254700    0.99868600340
  9657.27325400    1.00105142541
  9661.34615400    1.00338325564
  9665.43124500    1.00492860469
  9669.52852900    1.00535530784
  9673.63800400    1.00570739336
  9677.75967100    1.00524542695
  9681.89353000    1.00310742512
  9686.03958100    1.00155876606
  9690.19782400    1.00070801666
  9694.36825800    1.00091536754
  9698.55088500    1.00150916035
  9702.74570400    1.00153016410
  9706.95271400    1.00151624225
  9711.17191600    1.00171277098
  9715.40331100    1.00171889549
  9719.64689700    1.00153407844
  9723.90267500    1.00182155782
  9728.17064500    1.00188716924
  9732.45080700    1.00181654119
  9736.74316100    1.00219405681
  9741.04770700    1.00221564913
  9745.36444400    1.00193302498
  9749.69337400    1.00207065269
  9754.03449500    1.00248987366
  9758.38780900    1.00228283305
  9762.75331400    1.00187620284
  9767.13101100    1.00117949703
  9771.52090000    1.00140080168
  9775.92298100    1.00152521576
  9780.33725400    1.00106641171
  9784.76371900    1.00073696072
  9789.20237600    1.00089690337
  9793.65322400    1.00141976897
  9798.11626500    1.00268559370
  9802.59149700    1.00233511103
  9807.07892200    1.00241006252
  9811.57853800    1.00344038692
  9816.09034600    1.00353491150
  9820.61434600    1.00378440522
  9825.15053800    1.00309422995
  9829.69892200    1.00265521806
  9834.25949800    1.00238126720
  9838.83226600    1.00308044260
  9843.41722600    1.00258947536
  9848.01437700    1.00250193566
  9852.62372100    1.00325699603
  9857.24525600    1.00450096103
  9861.87898300    1.00523879567
  9866.52490200    1.00578016319
  9871.18301300    1.00609485819
  9875.85331600    1.00765834560
  9880.53581100    1.00779504859
  9885.23049800    1.00694776268
  9889.93737700    1.00625533457
  9894.65644800    1.00368470955
  9899.38771000    1.00124397756
  9904.13116500    0.99900907272
  9908.88681100    0.99572835295
  9913.65464900    0.99245973728
  9918.43467900    0.98923951546
  9923.22690100    0.98711782993
  9928.03131500    0.98564975566
  9932.84792100    0.98323230093
  9937.67671900    0.98039557772
